timestamp,jan1a,nor1a,sor1a,rst1a,har1a,kar1a,nal1a,lyr2a,tro2a,and1a,bjn1a,hop1a,don1a,jck1a,rvk1a,sol1a,dob1a,kir1a,top1a,kev1a,kas1a,kil1a,iav1a,muo1a,pel1a,ran1a,ouj1a,mek1a,han1a,nur1a,tar1a,sod1a,lrv1a,bfe6d,roe1d,bor2d,hov1d,nrd1d,sco2d,amk1f,kul2d
2024-06-13 00:00:00,-4.0864332403328945,35.20191773838178,25.746270091082806,7.214115486442324,3.4277998447109894,3.3407057767352626,-3.844484347892376,7.9087294037638,24.68716498601816,22.134797525042586,32.285714798629215,28.411906963264755,10.158321460606885,11.783089843023163,5.319777349916194,2.7930362751126268,4.010853822039621,15.72454441533398,2.9203850086755665,15.564776726766922,,23.10597294166314,,13.71039649436807,11.351922007203939,,12.028088644668514,10.740417898352007,,5.1960947356010365,3.935603520517361,12.749468216180503,-2.1556806265361956,2.282811826956504,2.04483862671691,,-0.8012341399531806,,,,
2024-06-13 00:01:00,-2.502116958727356,35.47925391999297,25.815700415837,7.9976169947372,3.552292345957312,3.5032258093827977,-4.003311004455554,7.730999209401261,23.58309753497133,22.154856168991728,33.174224183700744,28.803115482503472,10.573001874475494,12.274635855752194,5.627595122354933,2.8727814979880577,4.378796870998826,16.058340464916427,3.223572527457236,16.146551193105097,,22.60638530928327,,14.08425413570194,11.854884542743548,,12.385427885386434,11.14375467075979,,5.485584137636579,4.242670624153561,13.396909956332365,-2.242585781606067,2.7322973421566985,2.1422910501883052,,-0.5300122536963272,,,,
2024-06-13 00:02:00,-1.2128265152322228,35.71997520556488,25.84949645262168,8.087139530907507,3.6552117886058113,3.5526021942455372,-2.53195294618331,9.759196895428659,22.816766341769608,21.3842782182237,34.16633867563678,30.25834477560693,10.903503889499461,12.859180107941484,5.9919787429585085,3.0539793116147393,4.612810904205048,16.348805111172624,3.332058588945074,16.015794563278178,,22.495132793205812,,14.79683810927827,12.376928250310357,,12.940193648891182,11.551672890723239,,5.791664644055345,4.468727909373683,13.660970132483271,-1.9113692109845033,2.844756431301221,2.380077882227397,,-0.6183355837371209,,,,
2024-06-13 00:03:00,0.536145346589251,35.93125006878245,26.016158101455403,9.000764821875691,4.181145911133854,4.062444772932281,-0.11455053319423314,13.72351299242041,23.251054743544273,21.22940360226312,35.35836888699373,32.748551949141074,11.438193707837627,13.584818677519934,6.425462160989582,3.198836929128902,5.029817739618011,17.012383325384803,3.6261105813075574,15.73349686957954,,22.86629443058996,,15.388114774223595,13.032307626331203,,13.471442299049158,12.087987486947895,,6.244013096697472,4.819795761326077,14.238932678459605,-1.4255823318426337,3.279351731475572,2.587385641336141,,-0.46063422427801015,,,,
2024-06-13 00:04:00,1.5166773127234592,36.78940583109443,26.38902599978337,9.944809952729656,4.265530783412032,4.323703355112002,2.3248394557037955,16.61802716822558,22.78582984650552,21.096124111266136,37.193596123738416,35.0334532119773,12.169464511611977,14.197449751871773,6.8503960692457895,3.427099614654253,5.422294010497126,17.014408062458642,3.872479242289046,15.982696984167887,,22.770045921646215,,16.04220954083712,13.630614947673621,,14.070124049596416,12.491361881374814,,6.6963652264144,5.162372614525339,14.967971107631001,-1.319608990918823,3.5117189463423983,2.8800905918781154,,-0.27139082615917687,,,,
2024-06-13 00:05:00,0.9243531947134898,37.19796290784052,27.618925105766266,10.345317202630895,4.342719575923184,4.495824785139234,4.552953836872803,17.717670511660117,22.70741322082813,20.883232528595272,38.48967004886936,35.957181069826675,12.322625454908803,14.532352744018908,7.099714950265934,3.626336868153203,5.5025137549440615,17.105761368769663,4.028642845691593,16.20722627920486,,23.02400085172644,,16.47627754710811,14.01175950751849,,14.317857764885048,12.75722030183988,,6.908980982383127,5.361436977669655,15.239612094956101,-1.5802441346581872,3.5491527495819355,2.9226223447233224,,-0.41017223448000095,,,,
2024-06-13 00:06:00,1.4280393637363886,38.132846900404274,28.901076435957748,10.572432558856917,4.978756932096076,4.73960078628852,8.365640975221368,19.610286295729793,23.137927470078694,20.568311558027972,38.932200141444355,36.14345564272617,12.835717941435178,14.940202051484675,7.514164659917469,3.887289136827121,5.803505082067204,17.97562753605729,4.2730233067695735,15.914291756095736,,23.931298485206298,,17.18782389826538,14.465526772934481,,14.71915638558994,13.073506423540493,,7.1216011886945125,5.568993156885881,15.631895390177306,-1.6833245657189764,3.9763011310226375,3.1359545899729255,,-0.33447922888785797,,,,
2024-06-13 00:07:00,1.8948075207518968,38.389913321941094,29.826569285062305,11.115264727093518,5.592147190281366,4.9069236758369925,11.178809619908861,21.22981411555611,23.59028663512845,20.209499671183266,38.94403194988786,36.185836158704205,13.482965462609172,15.824113691675166,8.097091456741282,4.242366197087335,6.307377703604402,18.760900314721,4.576216654109203,15.266526379352854,,24.31541664359429,,17.758025239790186,15.007119692937977,,15.236615369809442,13.531916917083436,,7.589085055896248,5.867601406157064,16.062957706429188,0.11146142050438357,4.291001419330314,3.501666644119041,,0.03767524698525904,,,,
2024-06-13 00:08:00,1.2334457671507835,38.65448827132286,30.262560787333314,11.253304239648969,5.477907384905166,4.830469681970271,11.877986659900444,20.87199238196331,24.14703758155656,20.39198056233272,39.810648288836546,36.607059410505826,13.488213631327426,15.93294344279866,8.04187365351163,4.318454097158565,6.363074825994659,19.06764362764264,4.644170252012373,14.495217447269624,,24.61838542972555,,17.9680107766535,15.141012043217415,,15.266618606452539,13.660266022047836,,7.664507471004072,5.869146216256013,16.149195066366246,0.18513980405577968,4.455815176792839,3.483252982425711,,-0.07587286850673536,,,,
2024-06-13 00:09:00,1.6065136149539967,38.86808643557879,29.718350170810027,11.450250348339978,5.400716921651565,4.965902423332864,12.34471949710246,20.280611432903015,24.287359153337547,20.536275438179246,40.20860338467537,36.7296875385091,14.056332688644261,16.19864387184748,8.358353658929445,4.228003998549866,6.394241954100835,19.09498568373715,4.6330509585463915,14.061417180842454,,24.515577629306335,,17.880437507555143,15.053751748624563,,15.273064736479228,13.554804564555525,,7.67206413206668,5.869146216256013,16.1266342150534,-0.24917467622572076,4.328440172099363,3.397854597264768,,-0.35341985160323475,,,,
2024-06-13 00:10:00,2.154995032102761,38.69754680510414,29.2825007899919,11.387125681791986,5.286472460462392,4.8671668530149645,12.432301048171212,20.171206434735268,24.06379213919422,20.54045639831338,40.01435102853816,36.21969449501876,14.024441821810797,15.993737951455614,8.45115632793727,4.126551342897983,6.407515193940185,18.941422996236696,4.515428059049782,13.231261488188466,,24.10746537870841,,17.458681503120715,14.81381671470217,,14.92524939373061,13.403490029165368,,7.483575790287887,5.852170292852861,15.90196668403405,-1.7127986569157656,4.283403431180886,3.3184852551705717,,-0.7129769584015548,,,,
2024-06-13 00:11:00,2.0888957758950255,38.43637571243653,29.96101129970748,10.98695765781008,5.0147641675403065,4.67275440607807,12.170748135707981,20.252001711244702,23.743734406923295,20.434853195259393,39.596723758915914,36.32588365804531,13.589135802618785,15.517657772746361,8.210337758201604,4.028764078627091,6.070714687844998,18.2198060132622,4.133153115058349,12.526626257027146,,23.906671120412057,,17.09765571018943,14.48224801239121,,14.574210702063283,13.100905535885431,,7.124677356051052,5.573610021045624,15.583980513863025,-2.375391263877191,3.8337205772263587,2.8978363153271403,,-1.5014785750068995,,,,
2024-06-13 00:12:00,1.5238475803849951,38.01549792723381,30.13182026405002,10.774118185784118,4.717332619757144,4.342911342369121,11.09249054166935,19.589640009615096,23.609712728860814,20.525295984780314,39.33384719317655,36.69855255209586,13.275145387259045,15.028195549861948,7.983331842846837,3.7858384897352835,5.74981119606548,17.974554264944544,3.9769848660914704,12.027758977202211,,23.69725113931281,,16.855344344845435,14.249791318333791,,14.262242603791492,12.981713934308118,,6.955769314096415,5.366043692470157,15.312651277583427,-2.8612888884772474,3.339148476643686,2.6359405749556117,,-2.1259457574088856,,,,
2024-06-13 00:13:00,1.722865410368172,37.71751245803898,30.551199680601258,10.756064575949267,4.654540938819764,4.185192682996785,8.441206292052357,16.368881791684316,23.323055368345194,19.945515786715077,38.259750920538636,35.574792712790895,13.198544325192415,14.723560518110162,7.857683658587348,3.640988072668506,5.6092587073547975,17.7270127024849,3.7508773749646025,11.395435796145648,,23.52203626414621,,16.474974912919606,14.002138602364994,,14.107063400938841,12.720410679399265,,6.862273465876115,5.3760673367910385,15.153662741083735,-3.909677049265156,3.196709263271032,2.4041774454788083,,-2.4098198217171785,,,,
2024-06-13 00:14:00,2.117192581409995,36.99245948699581,30.67971920369564,10.786314520580845,4.5001593605900325,4.008272230505213,6.630893844376033,14.45160549658317,23.296474397476004,19.592064167783292,36.95773364294746,33.79229643692861,13.035146605729778,14.645136137634836,7.890541502773431,3.5865995699527957,5.535666378556471,17.639894157436174,3.703196219554229,10.630763788562035,,23.36375381018138,,16.25475989600318,13.941137055843683,,14.061582572011957,12.651640021099865,,6.862273465876115,5.366043692470157,15.072198080912585,-3.9421073523885752,3.031909304106648,2.27022113124508,,-2.769392751198893,,,,
2024-06-13 00:15:00,4.8004989066408825,35.988974383448294,30.23699363285914,10.946596353638824,4.49709707345346,4.1707898305231765,4.741076404628302,13.397825903091643,23.40353334634051,19.87071903478318,35.54754572762681,32.08689695226076,13.23044123796626,14.396464796892133,8.069483257404272,3.2241994562285754,5.473344458948986,17.47718865451995,3.752869242147881,9.985396465060148,,23.07308330543401,,16.05386063587912,13.708686279424,,13.973825252724055,12.651640021099865,,6.777822796848795,5.329012587389116,14.792990445717805,-3.8389458689175626,2.9495945013431992,2.1362675531029254,,-2.9585839872779616,,,,
2024-06-13 00:16:00,5.1825534349676445,35.584791901680546,30.246677699246447,11.339381750344273,4.644275270263506,4.188273838928126,3.620371641882457,13.422172604058687,24.3445892919176,20.454187389985236,35.49867790837584,31.82696779162461,13.532921880202366,14.87922821143843,8.365499432098204,3.4234382088521897,5.7988723519270025,17.64895164205643,3.870490527101765,10.289473460814406,,23.431834375316384,,16.333436682737556,14.306941757346522,,14.41100528702782,12.903798598113553,,7.04320966751493,5.509569630710757,15.242677747452035,-3.8389458689175626,3.2193959066487423,2.2521485493973614,,-2.6683791169323285,,,,
2024-06-13 00:17:00,5.480309710178631,34.72973026419049,29.63804261573523,11.068689422465013,4.55988845484876,3.993872516002398,1.5539984770543924,10.721981416442532,24.519299646711033,20.920530758934774,34.7284623290459,30.46560597623784,13.170316982158965,14.606912342692112,8.300304540814295,3.2856448929097724,5.515774804388911,17.52312532215899,3.7842648639907566,10.11234726251405,,23.184015067269684,,16.078092561920585,14.211470691413979,,14.272951712262511,12.711268179167746,,6.890897501029485,5.40000712017445,15.164813898564717,-3.7033564871144335,2.9272366380844232,2.0877212789091573,,-2.8638968505794082,,,,
2024-06-13 00:18:00,6.192397851054807,34.07347229094421,29.088808915093523,10.942910511851778,4.483769823803868,3.915703229625251,-1.35187775624172,6.926574543431116,24.047218238338246,21.164086719264105,33.130911494764405,28.356525939844687,13.196971414522523,14.256200101940749,8.24034593096735,3.1332181223409634,5.44483209086377,17.18666336496588,3.6817547054176885,10.543172534293717,,22.934516998462186,,16.00710980946178,14.33661010512742,,14.437200438575474,12.72967652955731,,6.988855320384573,5.531957592421804,15.365393654661148,-4.0342628421931295,2.792759041599311,1.9785859079074726,,-3.179128807385837,,,,
2024-06-13 00:19:00,7.25279317772106,34.440129960064496,30.25986452952202,12.164521096259932,4.863533778673855,4.347330799843007,-3.2424520159343047,4.72269009723118,25.082013354947776,21.991504556237487,32.96989813548862,26.877928918669568,13.928017381938616,15.048994865704799,8.887462860416917,3.4445962825111565,6.011614318903639,18.15120478035945,4.036577404051741,11.908430743454574,,24.02208484257858,,17.190127764781664,15.502023888830081,,15.350457004876716,13.449436307721953,,7.537639670257704,5.943967763899764,16.527550731861083,-4.734520825530581,2.9803888326525794,2.423995519535538,,-2.6995780199663386,,,,
2024-06-13 00:20:00,9.027002965130919,34.98059839229745,31.586157418546918,13.54878482380127,5.829829768317495,5.11352970612802,-3.107490898982178,4.708908485455595,26.260143828169248,23.319271858549428,33.88287157819968,27.20291193546018,15.122543879770092,16.384030876303314,9.835314910265879,4.350208655585675,6.858837481855176,19.727257366542347,4.714810202179024,12.170353115480793,,25.10475022519472,,18.543060949798473,16.855007513600867,,16.43017664864192,14.325020142042376,,8.400076898171392,6.609029459075828,17.53206788624675,-2.942996591827068,3.8721615990907594,3.0398127833557282,,-1.570490554424964,,,,
2024-06-13 00:21:00,11.52179993303389,35.47235591240178,32.41366341966841,14.740219762856213,6.891840061929543,5.943476753323921,-2.041831285208673,6.590524569748595,27.687106298763865,24.796400755022887,36.15670373798571,28.719700482392,16.5205338672813,18.29206841140808,10.896591498929638,5.389939020812562,7.924770287132446,21.1959179674391,5.499518510447388,11.781321020631367,,26.328536672440805,,20.04965276015173,18.082993805046954,,17.607469770376156,15.471107413814025,,9.363607091833728,7.375190433511307,18.611229650842688,-2.145107130510496,4.786429981081028,3.9723848208075196,,-0.10096073945157968,,,,
2024-06-13 00:22:00,14.051704731491327,34.86481262433199,32.85808616446093,15.881995423274248,8.031039741828863,6.945531995168494,0.49092771271557467,10.38796579325549,29.18949069860696,26.420516917109808,39.15509076131457,31.673739533180196,17.940485055364206,20.1061316605892,12.23499397680439,6.349907124392189,9.164457182985075,22.73606036003531,6.499180246470814,11.48571900549996,,27.61904897718091,,21.420460192456176,19.5701598716264,,18.894569290505842,16.621847550791244,,10.462936690076276,8.240910723790421,19.790969631970256,-1.013274423776238,6.0377620802953516,4.97795623121101,,1.7216423761415172,,,,
2024-06-13 00:23:00,16.762761603146714,33.653358365095755,32.26415294503022,17.086319138847557,8.986120128382254,7.758006926380517,4.009647486732092,14.768899539483073,30.16323545102432,27.45833567673617,42.310339582214965,34.603654458330766,19.189885154847616,21.84467059925828,13.107282731725945,7.480460519926851,10.430834577180349,23.930584857877477,7.340747129872852,11.699012059549204,,28.311255571780066,,22.549912289504846,20.566099968916205,,20.00957429048458,17.781867855189375,,11.364877350067673,9.089724758204284,20.82379989710398,-0.10660815386427203,7.229181579642955,6.087032910676044,,3.2856588720836726,,,,
2024-06-13 00:24:00,19.428543551330336,33.078271942648826,31.5058698097655,17.531996438163787,9.735422240865773,8.449554853571385,6.287091752137485,17.2882198970824,29.933871125062296,27.643415029248445,43.62829670361134,36.667987555971195,19.827646495998806,22.622968477368204,13.534020041466192,8.201613246789407,11.035010717807495,23.816160599284274,7.741296750205947,11.656032577721362,,28.285239873253204,,22.964520464559882,20.936374942273233,,20.41601339532417,18.26336715387606,,11.874757780196887,9.496413106773616,21.421806102109258,1.2373476839011346,7.926027977698141,6.799990683593251,,4.383048159944451,,,,
2024-06-13 00:25:00,21.262451834154604,32.78671563208354,31.24635357977195,17.69760056741734,9.897025273046665,8.643965541398757,8.454823090578202,19.542583257266642,30.06291911674475,27.54800253929602,43.880977626229196,38.53248710179332,19.811536895221025,22.738744376846626,13.817965438027613,8.513327733798292,11.195529867832533,24.068497865050063,7.917710088809372,11.5574741162809,,28.41754662159883,,23.179538981032692,21.051145866842035,,20.687535471513456,18.579811279433216,,11.908005173833317,9.78500872593986,21.697729317974336,1.7747262660122942,8.210771828917132,6.964455656147038,,4.729941488460099,,,,
2024-06-13 00:26:00,22.030308031364825,32.65317079069246,31.004067577402566,17.63471005339079,10.058630276871554,8.811295310673017,10.892375546576886,21.78430892526444,30.07240759767751,27.58805968268257,43.36938171452471,40.30928474372877,19.892394599899944,22.69885759915519,14.036523407259438,8.46999942805553,11.195529867832533,24.38984486218959,8.055556834817025,11.532397371874595,,28.61180479384302,,23.51275982683501,21.135595750170523,,20.67053091239086,18.611954467684882,,12.027169327036063,9.866024597238265,21.989603368236658,1.6717670743191775,8.188321025342475,7.08029380142284,,4.856075732871432,,,,
2024-06-13 00:27:00,21.490141140468268,32.540157170934435,30.289392195063556,17.341625575151284,9.794112481651155,8.567545983407854,12.198667503905654,22.552468506774176,29.970294551366578,27.49181224261497,42.108350374493966,40.59790796022344,19.38160158921505,22.15999234346782,13.78182849693303,8.40819002080275,10.809718312817154,24.1056881798568,7.752373981813207,11.208406181849568,,28.30563361243503,,23.349193190845654,20.899529213218557,,20.2975172329011,18.35517980089253,,11.814477088154945,9.595971381605978,21.776849875927837,1.6717670743191775,7.731214720756952,6.678101399258821,,4.635314588258211,,,,
2024-06-13 00:28:00,20.15761318686225,32.13819269379883,29.607235743955698,17.077171978259457,9.327807679278976,8.363477560178467,12.898130597186537,22.375817084583332,29.420874382671172,27.399131161736022,41.05079377715174,40.48969305358651,19.108197276853844,21.641088188720687,13.568437908387978,7.973372183264246,10.390574553015767,24.066930489391666,7.5373993864518525,10.80984013095167,,27.903181247059365,,23.125506134741045,20.579431607989136,,20.03257177813657,17.979181275032715,,11.491642797222994,9.378314158749617,21.618258464635346,1.6717670743191775,7.221703373811351,6.336857365833566,,3.9857074254865665,,,,
2024-06-13 00:29:00,18.258329816624382,31.568664730274577,28.749429030879583,17.028877715235467,8.901709389581356,8.001749005149009,12.647830621693174,21.23507353472678,28.633135826927628,27.068507989332602,39.99421046596876,39.42074153558997,19.03892603935151,21.200689467443453,13.497883728467059,7.556539412631764,10.181010757496438,23.356194121488386,7.254464055753033,10.403977956711515,,27.355322833584296,,22.743544577600915,20.259325346312835,,19.72046820004016,17.626113714095936,,11.287976213411184,9.197743976262245,21.467115364779602,1.7747262660122942,6.727164142427682,5.922580727127297,,3.5063336038489297,,,,
2024-06-13 00:30:00,17.013157991811795,31.10463171069705,27.981392219916415,16.982247880618388,8.604256223252605,7.563606186656443,11.804359307189316,19.674375895132698,27.468927931975486,26.567529933477317,38.78060421398982,37.549062966761994,18.722135595440704,20.653853518432243,13.301715018932327,7.426051937750003,9.911189484717397,23.012300750486702,6.98069275616308,10.107074739348263,,26.873907362381487,,22.423018429491094,19.927560831845312,,19.27672744751635,17.31890016318721,,10.913897541916413,8.92608773459915,21.11412244236135,1.2373476839011346,6.397529647560987,5.575303635176397,,3.0585637989157703,,,,
2024-06-13 00:31:00,17.562229069247792,31.713985795463486,27.637976401355445,16.973254346705062,8.835798686315911,7.630381204320315,11.553016455472061,19.0482227573857,27.017380112336923,26.15297608552828,37.95254280982272,35.94432107257671,18.691650135005148,20.653853518432243,13.50820664127491,7.625236875597125,10.08077011456271,22.975613629284652,7.000935731096206,10.440296452142775,,26.85037326989982,,22.521831904899955,19.96567762318773,,19.342551111531975,17.38767090883539,,10.957559129007223,8.862005287643115,21.152902331543373,1.8422573507045854,6.187716447007006,5.575303635176397,,3.0459219015493773,,,,
2024-06-13 00:32:00,18.826554791777767,32.22881845120082,27.279233975012176,16.689128947307836,8.629983176607311,7.7387082871971415,11.776308289136296,19.239222297884908,26.680984078053825,25.881910081560363,37.77443276897452,34.926221379850176,18.768307405407313,20.498168077591345,13.418727850498499,7.502130317017986,10.056241610244001,22.63849862125275,7.05973798014611,10.356762311354942,,26.689741721600512,,22.501122370264966,19.97344507939897,,19.27672744751635,17.250129314443257,,10.897279180360329,8.872079030122222,21.102675561778597,2.105672483683975,6.247663095338112,5.514360838699076,,3.228788098428595,,,,
2024-06-13 00:33:00,20.40391421324523,32.77153926426854,27.714786423355235,16.947934348166427,8.73289095749169,7.7387082871971415,13.279572240027619,20.778254344570996,26.453262897970944,25.746554630542732,38.331394971186,35.00010199542385,18.91885810089161,20.668476842591872,13.561550830933584,7.552849228358923,10.283662703692244,22.771522927005634,6.971534599492088,10.31498986420138,,27.079095056968526,,22.680072725379887,20.183090780971725,,19.320609899484225,17.360144924036376,,10.90629359641207,8.880544337225274,21.203598948717627,2.2571474729852525,6.330109705848372,5.575303635176397,,3.2855281603020785,,,,
2024-06-13 00:34:00,21.600275401980866,33.17393309377485,27.74659552096682,17.008556185287034,8.817299665950259,7.901198843017141,14.935745697338916,22.614342963967147,26.226178662056782,25.4184295083935,38.4146884988038,35.19604171042556,18.9738118931366,20.555367590012565,13.520254120017626,7.654287031427316,10.29032736119973,22.599637629217,7.050579302076358,10.48388209172117,,26.982898000738714,,22.59993770852725,20.07262279302995,,19.342551111531975,17.36474733840896,,10.93953066373615,8.872079030122222,21.168789227815523,2.3115737130879097,6.397529647560987,5.636246418772316,,3.4368767674536684,,,,
2024-06-13 00:35:00,22.62493124478135,33.59004146267398,27.95601220815024,17.253388139791696,8.854297355274639,7.819953575382101,16.353139044702857,23.63695129676603,26.38761117601325,25.418053070130327,38.29661464688593,35.41451846000882,18.810335258616988,20.746966380973845,13.659635746368394,7.853470281851742,10.33272000629404,22.776145892423784,6.962376442820641,10.579211405686237,,27.119984514224825,,22.76155658847847,20.22120807932515,,19.38643350775419,17.479365075989335,,11.067696159735533,8.872079030122222,21.374139196213036,2.3115737130879097,6.5248971956202695,5.636246418772316,,3.739574281367709,,,,
2024-06-13 00:36:00,23.30108182657034,34.18849418462287,28.395797680556825,17.233735089067522,9.023116386043966,7.824778758166872,17.906156075250237,24.836637370269273,26.455132226406477,25.293387915932044,37.932907770865086,35.742307958390484,18.743839839174598,20.768255108062476,13.651030236324686,7.828111021030281,10.314856188075282,23.10633316398537,7.098297949460175,10.71268414596716,,27.28265741118139,,22.901116858612113,20.354618376556118,,19.430315866810815,17.465646772986474,,11.14459536685581,8.953092073500102,21.44772537652716,2.3115737130879097,6.494923734655686,5.666717805739609,,3.8152487222530453,,,,
2024-06-13 00:37:00,24.03160898637816,34.98630481972123,28.711704883767197,17.412282316894107,8.934665258561608,7.955362343356001,20.89479063999306,27.303519920637427,26.284020133880404,25.610406913515817,38.24668680498985,36.50680595962967,19.049085366334566,20.875994854638293,14.003793762593205,8.063731654647313,10.566810872637916,23.315063784602074,7.1074568013291355,10.992357285692378,,27.117922992443937,,23.00128420430974,20.438627255898155,,19.565239168380685,17.5344183879115,,11.245722231391937,8.954700535552547,21.614771976312568,2.4499413656049,6.659741146332635,5.831165588580689,,3.9540266850665375,,,,
2024-06-13 00:38:00,24.14971431620836,35.55055762220263,28.982946543612798,17.562189983189455,9.070531882350451,8.0462607315784,25.34764189569887,31.580482172279744,26.183049689540894,25.531248292435066,39.068796819501586,37.99044619725646,19.148836638756165,21.011691707213686,14.101883116591125,7.9950391586671685,10.531085374557847,23.4044675897984,7.096372692423756,11.520854395125298,,27.15219196074827,,23.220981201626273,20.602761841783376,,19.615672238217485,17.470248863231518,,11.253328833883643,9.000244618956458,21.64211233197875,2.7105141164597626,6.757138098077121,5.934672668723579,,3.9351701943209036,,,,
2024-06-13 00:39:00,24.01375895155195,36.09192708982482,30.117683017261243,17.74074859964071,9.433917301420252,8.164243621555784,29.583802070678075,35.382444636689115,26.65261033345473,25.678480092086374,40.229362233213806,39.2939736641888,19.552468187830755,21.225888212707787,14.203431349995071,8.027785754778733,10.84996635784023,23.64294040776167,7.223139287943695,11.953151751366931,,27.860262215399416,,22.591116901955957,20.96138876102259,,19.770905112834043,17.644525011754922,,11.4147401794894,9.190889890558083,22.07715735357715,3.0609849418765407,6.921960748270749,6.123551965480829,,4.073955572843033,,,,
2024-06-13 00:40:00,24.147660811846663,36.31650445322475,30.85642146511782,17.727781816382958,9.2682805081904,8.22323609881505,30.704876116361675,36.78263685797765,27.09199725478743,25.463933520910814,40.67424242658012,40.25474619983879,19.38160158921505,21.220523172161847,14.081266827499576,8.263418145474361,10.925700275653071,23.895344811421978,7.291102939213715,11.405568053000025,,28.397042461948104,,25.079484172662887,20.969543012910435,,19.753873948187902,17.516179067477424,,11.413333526750193,9.128412916339585,21.90707662008117,3.0609849418765407,7.03431453968642,6.129598981560775,,4.055102217479089,,,,
2024-06-13 00:41:00,24.28599834279555,35.933017641896186,31.196639605360815,17.581198589861287,9.352697396556323,8.277401292196714,28.99631070954524,35.997304136303,27.827195481443596,25.750638683494117,40.637840453389344,40.04053430429258,19.5349351407865,21.37085809528935,14.112246824767226,8.397612809924226,10.883308801290013,24.111084042535197,7.42703227070092,11.000493676506721,,28.576672272760106,,23.73047710581477,20.76763776024154,,19.779089470081544,17.525379094974596,,11.40431920118317,9.11994660686969,21.841416854772433,3.0609849418765407,7.071766491823837,6.1356459976402675,,4.023590999949079,,,,
2024-06-13 00:42:00,24.5866807332377,35.446830031541595,31.368878641190804,17.672152431496215,9.385657394539976,8.400217659665827,26.117663510976854,34.540343294529066,27.93527643084076,26.445025552504376,39.893796985428935,39.52094190311391,19.667956657082186,21.41603631741259,14.039974482082016,8.42297378052433,10.994767783062798,24.11132748194396,7.456434731338732,10.96416451389996,,28.311204950151705,,23.66767477999292,20.687858614361176,,19.718164717176933,17.488726371732355,,11.43756005483283,9.103012932207548,21.702140494401192,3.0609849418765407,6.99679486507398,6.086794206991499,,4.086703098667726,,,,
2024-06-13 00:43:00,24.81233806151579,35.30042034408689,31.11217992564343,17.77210332628738,9.451578425196885,8.296713180424717,23.152266849784155,32.7579839753289,27.897968663073925,26.671429464653556,39.43775690274106,39.068495517843076,19.799592113518884,21.373451781977337,14.124307419114302,8.397612809924226,10.934513609729379,24.223737396439844,7.327741822674852,10.6490186094411,,28.276937444580426,,23.506025980717823,20.459109317993807,,19.520670660210726,17.465800673255217,,11.410513934986284,9.086077849917274,21.574311445092917,3.0609849418765407,7.101675138088467,6.0928408746440255,,4.023679958539105,,,,
2024-06-13 00:44:00,24.60265483839214,35.339217865086084,31.610421986728852,17.87205693881924,9.227244610233129,8.306369124538605,20.57253433628125,31.048669260606175,28.20794579697963,26.47864925491831,38.75552471876222,38.68318732974285,19.637479967350146,21.27494883587792,14.177661030803392,8.205808096818942,10.867589180508162,23.971514115003345,7.219289492667258,10.455552870736483,,28.36900760958224,,23.385123233294507,20.48980916790606,,19.390639097517578,17.264065519611904,,11.384878119797122,9.040532710791922,21.582241816850456,3.0609849418765407,6.921821114488694,5.952566983344241,,3.809288645646575,,,,
2024-06-13 00:45:00,23.954580091058233,35.27255267760029,31.719091637171914,17.7361253714339,8.951447982891295,8.17577799447713,18.62210577539099,30.18587221289249,27.999463775004187,26.467159540325156,38.63980876793494,38.361800336217584,19.486911705337434,20.80650917358139,14.141523655760238,8.260225828087187,10.611080072285745,23.51744825712285,7.16964211697973,10.41374584722962,,27.898289252773566,,23.063837538458756,20.12761049150413,,19.17282744974773,17.158625906367888,,11.119501500263596,8.880092419200537,21.233127953973508,3.0609849418765407,6.7569170957515325,5.830673144074353,,3.512919838577318,,,,
2024-06-13 00:46:00,23.423313069788605,34.73662102409344,31.209933756143073,17.669822457946793,8.778566789218985,7.9861911555667575,17.028982550725914,28.672339883295535,27.320847519542667,26.425312765853505,38.23249891329692,37.28108669944595,19.151125194447104,20.5230290028112,14.024500201405772,8.006608957330286,10.439360099050873,22.7261547458273,6.934416322766538,9.965099978096077,,27.401971666442478,,22.623683099056507,19.685284365041753,,18.843661418804004,16.975214321260864,,10.914412666883436,8.699513989216939,20.864616018273864,3.0609849418765407,6.4796589444022175,5.592929016949029,,3.159724160716223,,,,
2024-06-13 00:47:00,22.933535254070875,34.188689779847664,30.95416878277547,17.392951564626856,8.565501953004741,7.801428864543141,15.0249578473763,26.52574821783719,26.814559747032945,25.813424654903883,37.31742035262664,35.59535792913857,18.8125822835118,19.940179194769144,13.797323907068858,7.912546717702298,10.267639985674919,22.26734570645121,6.708346123800311,9.320456101761465,,27.053501756575088,,22.104757169581717,19.303737928348255,,18.44216325694697,16.736764799231423,,10.659478076370306,8.456451488582388,20.47632240585972,2.5752398457525487,6.2098755484894355,5.349139583993519,,2.724551264858974,,,,
2024-06-13 00:48:00,23.07698795223598,33.61681787643238,30.337334482532242,17.20537566488383,8.333933983706174,7.557672480128645,12.873499739012232,24.07140334015685,26.512889310399032,25.609204508646826,36.668329180464525,34.314944554113026,18.605670669598567,19.57026952499882,13.601133155976868,7.76406561526494,10.095919732184257,22.313265907160712,6.590732267233534,9.24061442550419,,26.732702728003233,,21.625925846395603,18.975808561641315,,18.264988091668783,16.502910993614933,,10.480028143396794,8.375430495005276,20.196886753347826,2.105672483683975,5.970067818885127,5.141864753936261,,2.390287260288801,,,,
2024-06-13 00:49:00,23.761967619284746,33.88281912981665,30.200202290750894,17.243032003439566,8.550168035711977,7.648571856447802,11.507769637076535,22.779063193459706,26.479436943744076,25.956111455540622,36.577152644892976,33.89065115648782,18.627378451093364,19.563588716445565,13.587364619498885,7.6879789033515635,10.176177233895942,22.304143993824027,6.6292911143289075,9.441261478541946,,26.52089541876444,,21.72542191183402,18.956746176523666,,18.264988091668783,16.47998480260685,,10.403120916189891,8.366957383700537,20.099914323299345,2.105672483683975,5.9850089146139,5.172338641074475,,2.484906587123305,,,,
2024-06-13 00:50:00,24.87169447530789,33.51528808618468,29.88446752807431,17.19068651247221,8.509099108735882,7.6040495926046106,11.122667451510551,22.721429159214495,25.777187795293912,25.628476180989765,36.70037936698827,34.18940261335956,18.467993529694013,19.60867168987329,13.625218359003838,7.8475358204603936,10.245230824374516,22.2629344791647,6.677005853981655,9.080505982059094,,26.150483603018984,,21.52088679774897,18.926615681762087,,18.11786795865146,16.236972762602818,,10.418301498675646,8.368543666681944,20.04604930930782,2.105672483683975,6.127327935270159,5.220936848705378,,2.6615628838829934,,,,
2024-06-13 00:51:00,26.21760795722423,33.36776116406645,29.684859235256226,16.99169613164554,8.321755030743589,7.699775190839546,11.07399303816851,22.30502750675032,25.965657843845065,25.421750086408338,36.78848884177705,34.17547792814139,18.68039229182591,19.583181492812855,13.595944350757918,8.014482465597553,10.314286493155691,22.347864863512257,6.66397388384371,8.707802432704739,,26.278380865474446,,21.635560142749,18.900321506690034,,18.10564206389745,16.186539985824766,,10.527003943886939,8.38018568891539,19.88367658972311,2.9064293525430003,6.254617257810651,5.433995653076863,,2.9833204490555545,,,,
2024-06-13 00:52:00,27.54030102243314,32.8432260393588,29.144811164134353,16.402689994669572,8.140725309837762,7.80515252873613,10.781702847110182,22.072630729352113,25.821498707492538,25.392529582370116,36.5709054922163,33.98786833222857,18.645167502113054,19.36723961058874,13.42205368650525,7.859089036717705,10.293994573696523,22.056643682606733,6.474503879421036,7.286715531644404,,25.98867932504686,,21.206999261868987,18.30199654227954,,17.696744772291368,15.902232249050485,,10.370299328475085,8.157215102491136,19.37601463905412,3.2186986889105356,6.516771917466485,5.567722472848118,,3.1159050321172117,,,,
2024-06-13 00:53:00,28.252502236121245,31.680167492611872,27.747072139603006,15.926638497672684,8.09241262357068,7.77027611615415,10.248766512655948,21.631861413121214,25.211413657061485,24.98584722367923,35.90150299571201,33.46595984406076,18.37987337584491,19.16340609215331,13.06225532697249,7.906603884442347,10.044103616127586,21.39830101751292,6.472559019966184,6.03932394559115,,25.245495509411057,,20.5613864213974,17.72630597976604,,17.262636344054954,15.732549357952848,,10.154714608097038,7.996729046755718,18.708842008930787,3.643044566732442,6.299355482310602,5.4334665141625464,,2.9898887612752105,,,,
2024-06-13 00:54:00,28.300515045905854,31.653063144759926,27.59753694106621,15.947924285142562,7.970966407935975,7.752836860459752,9.344444192348192,20.05511716181354,24.99525341447088,24.90294512084438,34.569781678555046,32.31594699948391,18.151199946598126,18.96503145538736,13.070853186030035,7.7401178578975305,9.972607684270315,20.9715862706598,6.411799457639063,6.282545295597629,,24.86882527429202,,20.29939370559032,17.653879256098662,,17.178062187168507,15.622484691424233,,10.01748788631312,7.979767963952327,18.755503927555765,3.437274567125314,6.426654353807862,5.512547977857821,,2.7818011084701766,,,,
2024-06-13 00:55:00,26.949442318996944,31.444583014848376,27.070481314450717,15.427628404577263,7.67660072333706,7.378437439219397,7.304438505317648,17.84088114553083,24.02107007660129,24.47664155179541,32.97308547594753,31.17310442258804,17.728452019953693,18.518974251447617,12.72999225891408,7.410360966650046,9.533065130773025,20.524203308262344,6.176544647525134,6.283968009588534,,24.1154807391556,,19.959365341101602,17.34879113225179,,16.89434414828247,15.489488371850712,,9.871226546543312,7.854762605631095,18.410228385972914,3.437274567125314,5.991990446171258,5.0614246666496,,2.1636519390616513,,,,
2024-06-13 00:56:00,25.00665985189505,31.551365830302984,27.21755240987295,15.456318739303242,7.393527661562075,7.33390465624268,4.90797743379062,15.194553107425463,23.797151621429066,23.759259536749596,31.58959833489962,29.99744283971222,17.36815780908796,17.962828327570833,12.597506056215252,7.337950925769519,9.231976611630671,20.315449063789572,6.038661094971303,6.447511301906616,,24.122247535594624,,20.021645065050507,17.29913068079577,,16.825290199256415,15.443629883006452,,9.64950190441732,7.738236379251703,18.538173306606495,3.437274567125314,5.677145685647702,4.823641091313448,,1.5706538913048007,,,,
2024-06-13 00:57:00,23.62945097139925,31.63525709497344,27.46802875816138,15.06142647375168,7.194871122170525,6.9324066639997,2.7171833718628022,12.90132481805449,24.099596052838933,23.475940224385113,31.348735423924836,29.244903734549098,17.08186732448121,17.642176889326265,12.3203809830502,7.243860583735909,8.930891860679594,20.38886283629833,5.744590183995797,6.440501304023201,,24.48613171185343,,20.0023175162155,17.146590006982933,,16.604207902224516,15.232690291543804,,9.402139949739649,7.6116656329299985,18.35964508800862,2.372875286100225,5.332429398440354,4.4823469499219755,,0.9461023301313389,,,,
2024-06-13 00:58:00,23.345861109076054,31.603835642774357,27.41901642791663,15.115592555373041,7.11045420657706,6.824054846360127,0.9318056966317272,11.468739314897903,24.734760391374266,24.20042352823566,31.515068228480004,29.10522091958319,16.85054475360971,17.583803073803665,12.263634920362847,6.653065504964729,8.727953529976276,20.528823424373286,5.656368818745705,6.457227703851004,,24.777373394824053,,20.00374776532999,17.26469324162781,,16.644894765737263,15.269395219987018,,9.411174940843921,7.6116656329299985,18.46818552016657,2.4434647192924785,5.152548783588827,4.305515579179655,,0.4855566847987802,,,,
2024-06-13 00:59:00,23.554479019856217,31.392788496110825,27.487211455502347,15.336063733407855,6.967357059115329,6.74279095918655,0.003403439129670005,10.902906294020568,24.81399985067401,24.551203536786716,31.677849763663062,29.780777077470248,16.913003462047982,17.540022712161544,12.220674316439954,6.674748445180285,8.714649988513884,20.485251723404502,5.6361101114218854,6.419429495245367,,24.621342811434715,,19.88563760203715,17.234095859330864,,16.50839800056565,15.329025691580227,,9.411174940843921,7.4225897119899855,18.351539209433213,2.5140531253814515,4.965204267645504,4.0921695098616055,,0.10702234616042006,,,,
2024-06-13 01:00:00,23.785280056326883,30.92670367512801,27.43690074838014,15.404070736638005,6.941623421081204,6.5483591993559,-0.4581737276128024,11.239834325766424,24.259636631175,24.38478044145313,32.01865068134612,30.129547851603093,16.833667735134213,17.347173253290293,12.217273446985246,6.7217968307602405,8.59197340794367,20.349922762466008,5.509333115689969,6.035701893467831,,24.2729836138094,,19.588587197185916,17.10432313205183,,16.439348378194154,15.191455052973652,,9.420209580192932,7.368567940305184,18.297018084957017,1.6717670743191775,4.830358253797385,3.933745936506284,,-0.17056910400970082,,,,
2024-06-13 01:01:00,24.427972982473307,30.449661183331955,27.501764289656876,15.529439417056437,6.952929793877956,6.624806145131288,-0.38625454359453215,11.904910726402477,23.929197758110604,24.304957030109563,32.13257706777608,30.393525831992974,16.810617890719413,17.154330777704672,12.25343178023354,6.594967835318016,8.578671607945694,19.728339069314103,5.538740265731576,6.1969675922646275,,23.993254450263976,,19.413227152342643,17.008837861013944,,16.39064034956982,15.095164401002876,,9.368931108133893,7.458085433267115,18.254025052104225,1.845333352745456,4.7703989834608365,3.964223797919658,,-0.2904347770723916,,,,
2024-06-13 01:02:00,25.328806244418274,30.68509101662994,27.204393675633582,15.647404865121871,7.107329464925215,6.81923715976302,-0.2808891059119105,12.391060766428609,23.747276898370046,24.19884741909641,32.36791403347138,30.66297824371759,17.071136427999363,17.35268898925051,12.552905436283254,6.895672578406561,8.774951316259148,19.43712566889951,5.762888422118522,6.959131569069086,,23.72832632620907,,19.51699364451042,17.22222209642905,,16.51910266585992,15.30151900326564,,9.548405628475848,7.6116656329299985,18.587418041179262,2.40171148772788,4.957740507561994,4.153125545747116,,0.0187000760695355,,,,
2024-06-13 01:03:00,26.34601219919091,31.411744468678535,27.60171829420915,16.01933107666855,7.3389287521970346,6.715702992235151,0.6069814424324704,13.507962961347403,23.565366274080134,24.160783056469654,32.279093630006855,31.307167192566794,17.169503495850222,17.692208640743274,12.835188717015626,6.971769398569336,9.076024919048791,19.723871544319252,5.948483272772592,7.958170002386396,,23.989934493636383,,19.841163767709077,17.56152052142761,,16.760504088785183,15.480364479638865,,9.744486609920841,7.810786164358433,18.827742902566115,3.0609849418765407,5.0925885473022845,4.4090216418246655,,0.41615703720526653,,,,
2024-06-13 01:04:00,27.082638815470773,32.13827585721219,28.701397713482947,16.1282797775375,7.52941457210386,6.991401291714396,1.4781948500624367,14.593324265863885,23.856766199197864,24.122715223327305,32.54158061486146,31.468502476947833,17.551454463151458,17.842470179278962,12.869577371058995,7.243860583735909,9.372535952391104,20.402781421858634,6.181790547122091,8.188791008633416,,24.623341495053182,,20.340711414351517,17.89331219617361,,17.028682347303402,15.58581753963108,,9.990393736943588,8.046968353159627,19.145956233619472,3.3216029843601973,5.602138962865411,4.81731636727136,,1.002899631354012,,,,
2024-06-13 01:05:00,27.478275264105946,32.385429378821755,29.495900806061854,16.462509984080043,7.698255721505575,7.520541287209767,2.2152544851383027,15.072979683764288,25.229222551780595,24.73003418483472,33.15184199240389,31.507710421220054,17.801801603847935,18.63828429245018,13.320520617136935,7.787628006255886,9.858693644708524,21.012882858510835,6.47392204963262,8.188791008633416,,25.733517729916457,,20.92042568653278,18.377625044788147,,17.406600814623744,15.989346986149485,,10.373543213783705,8.327134575717992,19.52631114987662,3.8488077020288074,6.006827461249031,5.231660178199718,,1.5896689105520636,,,,
2024-06-13 01:06:00,27.56840081108612,33.01810905038201,29.714234804521766,16.843422248471143,8.290146500022047,8.01778606955861,2.994158290584437,15.447572950188487,26.471144670283138,25.782659959922057,33.85621010797831,31.203332890227102,18.431406638383578,19.27836323258589,13.673372031558984,8.320333573230869,10.190988074570214,21.43721292802499,6.86538832952192,8.763715255715397,,26.407323317513374,,21.460075869268167,18.945931473355813,,17.936542754226593,16.365375218627378,,10.782345619918942,8.752420641606932,19.96092035710899,5.257747930379082,6.576376320584586,5.664410619464888,,2.214291213350748,,,,
2024-06-13 01:07:00,27.57440070551138,33.74346250217877,30.07430962814169,17.220264867029755,8.76781510985279,8.185145698116685,3.5656442904967207,15.306675746443489,26.47439334006458,26.734073474179013,34.61397000930447,30.79276249258828,18.84801442075468,19.791935233294453,13.900575877030633,8.70823108058562,10.579029249512246,22.024471140632528,7.089561864286679,9.322985225264347,,26.400675017984213,,21.67633569304735,19.136827161657493,,18.25026333827782,16.56256167184938,,10.90007925978989,8.870524750044297,20.368601795890754,5.560030935741906,6.883667284590501,5.889853775641768,,2.6181522555207266,,,,
2024-06-13 01:08:00,27.592235084641402,33.86303398346081,30.206130171555287,17.45784691381823,8.80800103003071,8.556617361982603,3.0165414858840904,14.275836165222927,26.060193470513696,26.440058285734267,34.765954649734795,30.74161003571453,19.057701244657665,19.92764041582791,13.957372298010341,8.922264084110338,10.795322915334964,21.937322512053868,7.166693391678109,9.112161681656744,,26.107498461770092,,21.63486381409257,19.011090544987383,,18.275444101083394,16.732238130016867,,11.078128067570105,9.088204653815865,20.283466001358192,5.386702179583153,7.153424741121398,6.145781556078873,,2.725468258519868,,,,
2024-06-13 01:09:00,27.556954544760856,33.20835325197186,29.778074582759018,17.36284687010766,8.77820695340256,8.453086201206702,2.2616296250810137,13.887280882374625,25.970156377572266,25.79496869509103,34.778210362957,30.57154526304339,18.86365773742523,19.73720888700177,13.99696012992672,8.951330388407769,10.752913406798143,21.558804691908335,7.175850157952709,8.730675041183531,,26.10954015846437,,21.513925051148362,18.972958982160435,,18.14537475594716,16.741407518112737,,11.078128067570105,9.13375241636777,20.205876013129,5.386702179583153,7.153424741121398,6.151827178449594,,2.6624097949865018,,,,
2024-06-13 01:10:00,26.953109349485203,32.993132817133755,29.581611248984245,17.287499275571008,8.56509888597634,8.534355946500682,2.446770593242263,13.995201818784608,26.31299753304347,25.70433690340701,34.98501007617415,30.84773372058089,18.808693114478046,19.66662993089426,14.041716525633092,8.726716012646875,10.599022699600255,21.512948214206034,7.078465349537055,8.517385265139637,,26.205728015665727,,21.513925051148362,18.972958982160435,,18.010460025250723,16.73682299758775,,10.958947101061767,9.13375241636777,20.147683436608986,5.283890519139732,6.868633875096748,5.999426754596016,,2.3532547563830803,,,,
2024-06-13 01:11:00,26.12616454555109,33.02604013969767,28.63116058865171,17.098237870370895,8.513628160538474,8.376643710084522,2.9458631682937266,14.215392903529164,25.869173513744954,25.889293140370455,34.63850951132895,30.33716485951345,18.558318090659213,19.097071666763895,13.71981857058563,8.701347900912083,10.45179741765628,21.519843926318458,6.969983443616911,8.280426270841417,,25.78206648635887,,21.053696603249136,18.641125067627854,,17.856828427145047,16.709308422750382,,10.916692286034959,9.05271184409412,20.08159546439174,5.181077142572121,6.666231607368218,5.816546139660886,,2.025152576089681,,,,
2024-06-13 01:12:00,25.833785400385295,32.82873715207961,28.33594297923264,16.822971546507688,8.429199015172571,8.083477832150379,3.584295105020601,13.915426253829764,24.959020855112612,25.512382434683786,33.947941301911214,29.418536459911593,18.448395186216203,18.848203708649862,13.563172013246913,8.523771072911018,10.317896819995667,21.189517238739256,6.969983443616911,8.159595974557305,,25.110252612879776,,20.773131046895287,18.38941664057529,,17.679636701959225,16.617589479152684,,10.90007925978989,8.953137801981939,19.879729837961804,4.673072086264256,6.381447312438468,5.639708069505332,,1.7222894418397345,,,,
2024-06-13 01:13:00,26.445297599728974,33.36178986546474,29.251268144090318,17.078576013993825,8.561937934723801,8.273109870382314,4.042334990696418,14.00362119757824,25.153285864965937,25.365152939737754,33.93439961792433,29.30943872457101,18.56712955072817,18.982675302448797,13.792123620266239,8.487316698007021,10.36030991440441,21.276682071120376,6.969983443616911,8.627192343298248,,25.27298103463886,,21.014317742972707,18.732594212430286,,17.963335931823167,16.883572474403536,,10.995058633657209,9.12369674193178,20.116441322677474,3.334386993206863,6.373975894348632,5.652059868737069,,1.7033485553995433,,,,
2024-06-13 01:14:00,26.629941368074128,33.26207908554443,29.205181646911115,16.890966702667356,8.374572376956394,8.332117358253186,3.739155089013366,13.47989361352711,24.784093090920805,25.12729677645075,33.838986070828014,29.16180819975534,18.370362018698188,18.51963677985009,13.56491802770256,8.465644337050549,10.273372239113314,20.971596238259565,6.979138993292963,8.906007289178433,,25.116953228790635,,20.997782459159225,18.54557429610759,,17.76097068117042,16.74599669104873,,10.901522030001615,9.12369674193178,20.127939856061857,3.437274567125314,6.336522768529221,5.52409858556598,,1.627633365270185,,,,
2024-06-13 01:15:00,26.907690030105755,33.21221248095617,29.30946951671649,16.819686985594444,8.348837866731401,8.214103070690498,3.6798162010161377,14.135105941263191,25.014981096142265,25.130995583549293,33.63215471165131,30.054461451874886,18.542689681871252,18.51963677985009,13.4805833454418,8.411213883399228,10.26671001963598,21.019764960644807,6.960827893940859,9.075829772854377,,25.49352684016435,,21.257594816941037,18.816340336400117,,18.02432856787391,16.878985310947883,,11.047779113392608,9.248704296070173,20.31795439759344,3.437274567125314,6.1117106531953596,5.432659715587988,,1.5014414373192722,,,,
2024-06-13 01:16:00,26.761440974301763,33.34582048129914,29.733043539304617,16.982690010996976,8.458999269079413,8.051562349052233,2.9052946987510495,14.208899938929562,25.347541888383148,25.470177898689144,33.658024759386535,30.359765979505937,18.57184109460468,18.48252633271113,13.625186651239574,8.280681804934147,10.260047800158532,21.26517900816137,6.95167234426458,9.21949261075406,,26.124904150527982,,21.52158105088165,19.182174535397735,,18.26250089706673,16.979864324475784,,11.194031008324146,9.38376799724756,20.65522178972151,3.437274567125314,6.284127846879528,5.445013973137748,,1.40678772525348,,,,
2024-06-13 01:17:00,26.177992089630948,32.61756383263173,29.913987923505374,16.890101144655546,8.208874017469725,8.128007014377204,0.6732903043625811,12.334833201203537,25.374572187382455,25.469779440797538,32.69729575065958,29.512460100310363,18.079959450547676,18.40282560867513,13.434146744891905,8.284375826313408,10.088288358026034,21.262882531299454,6.960827893940859,8.908188727597462,,26.15509186439772,,21.22378835112295,18.91502203555001,,18.1495334094584,16.998203180217843,,11.117110605555808,9.38376799724756,20.65483248861119,3.437274567125314,6.104240627466652,5.396138644585108,,1.400487945001828,,,,
2024-06-13 01:18:00,25.77918085280919,32.05071465303854,29.01957659379923,16.861435571448055,8.035950202812273,8.083477832150379,0.09559495545681784,11.506773818779038,25.296757002604636,25.616995431305213,32.049326546179145,29.865637475179483,18.189868990742752,18.24037501650878,13.367020280324141,8.411213883399228,10.077072936058812,21.191783532084543,6.969983443616911,8.773028812720895,,25.695156340673066,,21.00406927589711,18.724390409381613,,18.10564206389745,16.975274876596814,,11.040190134925979,9.38376799724756,20.41022538414836,3.437274567125314,6.104240627466652,5.2742207901821985,,1.2049164418347118,,,,
2024-06-13 01:19:00,25.483755525430524,31.643265155520112,28.342503867423602,16.92041440562548,8.307745128669922,8.273109870382314,1.2918724949706757,12.087496594867162,24.387421972134007,25.654722494708494,31.790258433116605,30.160912271786856,18.178333146298655,18.34684917411778,13.29471921507502,8.237334264573633,10.041319037753965,20.9761844034102,7.037958425729357,8.89931199037801,,24.950788051353584,,20.62615037752903,18.56029736646724,,18.10564206389745,16.975274876596814,,11.21064678828452,9.38376799724756,20.324734984087627,3.2799798829773863,6.156632439823625,5.371700452836649,,1.3437498066836042,,,,
2024-06-13 01:20:00,24.934258787020894,32.05378035563126,28.86260891795746,16.92777108841028,8.267565758352703,8.110568130179558,2.292304503362402,12.669109727353543,23.978513985505515,25.325857280777427,31.9422992423265,30.780550542000128,18.308590831453557,18.083408233460887,13.434146744891905,8.313437636797175,10.021337603679854,20.946367621839528,7.117031120312049,9.69206561275314,,24.951377083896205,,20.970255591661953,19.010065607683373,,18.390935145977892,17.31919822818645,,11.399151750586043,9.653894732592562,20.700731898899903,3.334386993206863,6.1117106531953596,5.396138644585108,,1.1165967982901748,,,,
2024-06-13 01:21:00,24.68020227318948,33.19344272337639,29.800714063044325,16.926121469654163,8.407529916739577,8.123181308603534,3.6756146149559754,14.173641105137222,24.36692919646748,25.080251198109636,32.81790032235631,32.49142778936903,18.59961589571435,18.69303377699157,13.654466063434711,8.33141668385133,10.277922458260718,21.44403254449847,7.3431493485204555,10.649138135647263,,25.781630356863843,,21.634193790995596,19.551245108752937,,18.784329285498643,17.6172630480537,,11.767132103057065,9.86999548049198,21.33277309748837,3.334386993206863,6.314109036394029,5.4754930738215535,,1.2553941886193343,,,,
2024-06-13 01:22:00,24.093752727135666,33.59782457682968,30.250522366654877,16.640247011417387,8.433264594535785,8.187012956128456,3.444043710363758,13.877011846378764,24.38237565590748,24.64197032688776,32.814160087480786,31.884829531704327,18.056889148601613,18.26593784031661,13.654466063434711,8.276987783554887,10.130701149894207,21.06102576029005,7.264078679013664,10.897032894851236,,25.90592061906318,,21.51673173657855,19.295701674249813,,18.60552016411384,17.47050708639381,,11.613293302968486,9.86999548049198,21.208482140808428,3.247658429801504,6.2016548026776945,5.396138644585108,,1.3248107010290369,,,,
2024-06-13 01:23:00,24.148379560328408,33.42745562149776,30.355852981704174,16.608291257849487,8.447711008311899,8.024472220784673,2.731932518242047,13.610243847818083,24.71029912956965,24.80392401936342,33.1634911843928,31.68900334911268,18.120653924077715,18.321909073059487,13.52881901042997,8.204579474283719,10.081627357565253,21.14586795379958,7.243826290586867,10.679104417455164,,26.117687995309325,,21.637623919853922,19.391007445246032,,18.517740362894983,17.465912653918622,,11.62089054388116,9.86999548049198,21.11151990842245,3.2094111912783774,6.276559341308257,5.402180085822238,,1.2680321121900988,,,,
2024-06-13 01:24:00,24.28424388004703,33.188329865934975,30.264758637511022,16.583693829796175,8.484733940370234,8.214103070690498,1.9537655334115698,13.27211583785629,25.2214717341883,25.267605340637374,33.52202163086736,31.51886447018387,18.21902546901174,18.420463182777667,13.506443890242963,8.081434849874881,10.03255355380088,21.526521901094753,7.3908746238830645,10.617358454809164,,26.445042484268924,,21.798581469574856,19.425255824925443,,18.694924257759794,17.603477565277444,,11.697811033124708,9.969573192816824,21.23933046321463,3.2094111912783774,6.366504476258569,5.432659715587988,,1.3437498066836042,,,,
2024-06-13 01:25:00,24.204448836948245,33.246941990178584,30.624371197724486,16.76795848032225,8.36328323604539,8.300200152419961,2.148955570367889,15.150011227871346,25.788558150608424,25.565660659892046,33.96362706027617,31.201033582856326,18.282786636323863,18.761148211510545,13.385966728061476,8.338805424265047,10.302459332980447,21.98745088424613,7.4588522546287095,10.525648304955212,,26.60974716729538,,21.799264672840764,19.5357460432906,,18.757509132343785,17.745638647671058,,11.902932005921684,10.158661894000033,21.347742604327777,3.2094111912783774,6.486431267970602,5.493618965459973,,1.3816290714519255,,,,
2024-06-13 01:26:00,24.33591039939074,33.31361106822715,30.986331117256668,17.1880819327705,8.852244988956954,8.512094180074541,4.658642327555526,18.113054496247514,26.556323954203208,26.297472911585373,35.22516376310614,32.36959894318443,18.630122904740347,19.343978100992445,13.962551511041056,8.723019026234738,10.645975278767537,22.59515073417083,7.802609329237839,11.203910131910561,,27.035341667024113,,22.339498141443528,20.157326837294477,,19.223231732033582,18.14920234520514,,12.252875221323393,10.501356276293336,21.665953688011086,4.013115026929881,6.786247972769843,5.828894609503777,,1.7223386545050516,,,,
2024-06-13 01:27:00,24.33293864521613,33.70085602895051,31.24295739742547,17.759770889421134,9.006653719528003,8.864265134623224,5.346262766722248,17.361557533096402,26.955572385470305,26.99891356255648,35.66937142706183,32.658011167676705,19.324792060768914,19.912207891034313,14.404898563175038,9.002066228645049,11.027362691565486,22.980402343288688,8.017637967530163,11.856692763512456,,27.46752204111158,,22.921150341551765,20.652910153662106,,19.75317407671355,18.616961448330585,,12.584790257148597,10.871066259101099,22.271075770260268,5.300035744043726,7.026101054238552,6.072731196743234,,2.0946333988825927,,,,
2024-06-13 01:28:00,24.009418237518844,34.39984021219607,30.84770570983028,17.926011177695045,9.083858040877658,8.81008501291717,3.163989391156292,15.418535912323478,26.70220478334295,26.9910631983671,35.72029234537035,32.43846074013254,19.465203571058055,20.09590550135431,14.561527064294069,9.349814233224947,11.167916808933,23.10650502477415,7.9993147022203175,12.322438306069671,,27.640868701268573,,23.003299654431885,20.75950250073356,,19.99620392349925,18.84624121205161,,12.738633714150637,10.952104502226575,22.577362843721403,5.386702179583153,7.2959354708088995,6.158124067216704,,2.2271247577311897,,,,
2024-06-13 01:29:00,23.739123738900503,34.838852419406976,31.434423834954487,18.27813698095065,9.26400134343794,8.940704364378917,2.5838671929827797,15.43998703043917,27.060307439052394,27.066494642062253,35.98577096205622,32.90855660672196,19.80237448978096,20.195692631678412,14.682015712091697,9.527387019958041,11.518104891495568,23.13625088399229,8.184933584103646,12.571250303436955,,27.99379239021937,,23.343189815639107,21.068356931947164,,20.149820382282996,19.080124548155254,,12.960384867747962,11.249244041845941,22.693711655273546,5.386702179583153,7.280981843854079,6.310520910135892,,2.334375272901184,,,,
2024-06-13 01:30:00,23.944538212282055,34.91634761815385,32.133087637995686,18.69258875440073,9.668525301985255,9.157423310215222,4.51313014291236,15.495770536640748,27.73536876882622,27.63222788988105,36.71937078974747,33.654711917190525,19.85734068226975,20.557668647080163,14.92814760677311,9.527387019958041,11.78133959686511,23.77366970116833,8.420209651916593,12.85540442403044,,28.34671488605545,,23.844012116762315,21.5145305297674,,20.524524576686872,19.479113105338456,,13.319353442023385,11.483894188809245,23.108900846994857,5.386702179583153,7.618253931513209,6.5483076298701235,,2.5488722560768338,,,,
2024-06-13 01:31:00,24.114515245766142,35.33234564080658,32.57932783099841,18.964383976550153,9.584090687168327,9.504756688382372,6.767466934075628,15.32404219226396,28.101096470295715,28.140812811572232,37.283876396225196,34.57431051801768,20.178774312561927,20.897067220690133,15.282684107588693,9.744582358417688,11.901864554446206,24.193261816007777,8.51035328936473,13.18664079814971,,28.89647503363267,,24.146486320318672,21.899214596978254,,20.850420671857137,19.82303402646994,,13.456566255057169,11.735470056708436,23.50415554960955,5.59232035209061,7.685760264501823,6.658126729780861,,2.6687008659019966,,,,
2024-06-13 01:32:00,24.541465927116974,35.97435179456352,32.868355176392924,19.336128246226735,9.948404700932542,9.608279996228134,9.556497474616208,16.363371652827027,28.634593543345773,28.58912163252876,37.846849991788076,35.128545224390564,20.66507699022918,21.26569719559916,15.788688768594056,9.885668760644307,12.165086185838732,24.773279074481252,8.786109548042077,14.167113940916352,,29.446205901160738,,24.629878226453457,22.432884351371285,,21.223479220755053,20.212807952506864,,13.833544439760317,11.98704160448824,23.961546647587966,5.59232035209061,7.670801764308408,6.737464551199764,,2.8515810384089946,,,,
2024-06-13 01:33:00,24.900392298764018,37.17962855763699,33.539246218068456,19.831331361351886,10.430109060533141,9.815322318161407,11.20274392315605,16.84361315537558,29.127368831857666,29.225939510876742,38.72830321687388,35.69386945311817,21.032675978370662,21.89647694620271,16.182810971452,10.008795004855983,12.546482386103435,25.025421950965352,9.03971361124377,15.153968609000458,,29.852633415590617,,25.13260768045575,22.977791301128946,,21.726553131862147,20.579650974040305,,14.15022680653783,12.373668497055405,24.61681370249562,5.7979316600885795,8.09052816945632,7.066676011185564,,3.4509018245948937,,,,
2024-06-13 01:34:00,25.19133485089128,37.59184335949567,33.99545968368375,20.208178722823504,10.779123360362519,10.226497932306415,10.799782799458399,18.383359910875924,28.77316142415839,29.49783897392126,40.05014004947975,36.99266309767154,21.316274895452352,22.11736366861237,16.231055772958825,10.371339780369453,12.724915955139068,25.26154735263117,9.12794018271461,15.051433361703403,,30.04084005495247,,25.471833410401814,22.985607253429407,,21.772089852935096,20.900636210206358,,14.353973610037428,12.545840339540973,24.62081464418179,6.598836403507448,8.247912827474238,7.3226069412512516,,3.9556427643613006,,,,
2024-06-13 01:35:00,25.632890141030998,37.59789364546168,34.07238985931281,20.602979911930333,10.933526427794277,10.420963111639253,11.27659088278574,19.9912568887205,29.306175094472565,29.422417204225212,40.70903243224711,37.40809847955916,21.504330180816623,22.48064255883287,16.53918264328854,10.80999479303739,13.026034634617872,25.442639806034236,9.392619641919282,15.153968609000458,,30.44077803539335,,25.671495948512984,23.222137074641523,,21.974536323745724,21.162076591253935,,14.575731801895017,12.788949862019308,24.783938844120257,6.672730307626352,8.532706175103158,7.572489255086566,,4.454105761272899,,,,
2024-06-13 01:36:00,26.318073952413897,37.972538530300426,34.407103085581184,20.76193924954896,11.013956548775013,10.805057490915488,12.434458656080324,19.82900419473799,29.850990245353387,29.71980604384339,40.7567469734181,36.63706435691665,21.883495788569462,22.891842344211682,16.86969365116147,11.038297080419625,13.376230465085996,25.302561766383292,9.666470257409628,15.867395286342344,,30.7680062151519,,25.792325668589,23.389761937969524,,22.150094122877817,21.414280256164147,,14.806493203641367,12.934115166294305,25.07078940113479,6.897804172206634,9.034860751475662,7.889387571840416,,4.965127970574258,,,,
2024-06-13 01:37:00,26.598558101298636,38.06069661716492,33.674263480033915,20.53332900498367,10.94399305264983,10.809900455245952,13.470855692334908,20.05461164965368,29.467127843477783,29.829296135666254,40.770255220544186,36.066249552612135,21.85164755306164,22.479319256667395,16.883441026032642,11.168845531427792,13.33384106801293,25.26821336077637,9.596585455290551,16.18245744771866,,30.14352281391666,,25.55389374247943,23.05793586381651,,21.77373794658297,21.226239546298984,,14.652652337103063,12.880090275516523,24.872885214501366,7.261314986579237,8.86245840566994,7.895443298573809,,4.984089763538464,,,,
2024-06-13 01:38:00,26.61030148358452,38.66729104389833,34.63518759724866,20.86571769378793,11.256816920966912,10.805057490915488,15.61149935309163,21.925556118381337,29.42642443847808,29.961279705822562,41.301157736533014,37.08331173587658,22.065862480184933,22.734816362200945,17.16569153641035,11.24494676283814,13.565838159580608,25.98589577878036,9.83375122309144,16.485784639671238,,30.526365309383436,,26.055288616679263,23.610646099788937,,22.234570143498786,21.524295496491504,,14.9616917314097,13.2481547700404,25.202513883922165,7.106736143281523,9.117317373075593,8.096683676878683,,5.236321443602947,,,,
2024-06-13 01:39:00,26.825783631592344,38.528063523104265,35.537924090386696,21.116009268802372,11.473936239357727,10.935661351615295,17.364755747130175,24.531594694130035,29.859313430710927,29.82431742549602,41.90881035909615,38.05457938198924,22.126686942887318,22.87453224348701,17.212036366343682,11.338984797612284,13.626075120944506,26.14160065070533,9.962447945263648,16.40454513557188,,31.14440598334113,,26.25813893227678,23.70933670826298,,22.271847785416412,21.57920667681765,,14.988686578969919,13.364653030776935,25.360988632947738,7.785347935361642,9.087367652502735,8.145526724757019,,5.507504742170681,,,,
2024-06-13 01:40:00,27.26565300454115,38.559298585965735,35.77389208857039,21.362535351828,11.536648635350048,11.00724070120998,19.100179726904344,26.32315981865031,30.742940870776238,29.714157045577167,42.18389391219762,38.66076658859356,22.08327595916785,22.917113180922797,17.427147086722925,11.407653650778002,13.717532691738597,26.430371642045003,10.0212646665791,16.68748314656932,,31.68543982779579,,26.49848795768912,23.934114761137607,,22.511570795478292,21.739693534537764,,15.211790317985106,13.4440246057502,25.613045827305996,7.952588829126398,9.034925407764831,8.255324583668425,,5.5705206113658505,,,,
2024-06-13 01:41:00,26.596946992031008,39.05808126811644,35.399283290858875,21.389402633567215,11.599358913089873,11.132995230051847,19.442242937771198,25.905946766719126,30.981752916880396,30.366012089929427,42.46392729149966,39.06213357632623,21.94874986892728,22.760092576457282,17.611245468969855,11.4546703810513,13.79561353456586,26.64811675503148,10.002917069559317,17.225668971861523,,31.520777650938953,,26.340163260745157,23.922356864215544,,22.464372751589508,21.822147254993524,,15.187499467698217,13.641550196055505,25.616385672567958,7.888074071784104,9.087397708266508,8.279744521940529,,5.753442166647119,,,,
2024-06-13 01:42:00,26.235303660353907,39.41939772781279,35.38514001265821,21.48591934591377,11.60660387943335,11.177481354197539,19.43752224894024,24.797410814983778,30.426399311459818,31.04540599864481,43.002698004746435,39.491588384904844,22.10068104622428,22.752104653142396,17.571602916554866,11.53076893702007,13.869219769291135,26.487742170236714,10.217948027138391,16.948063896730673,,31.155096771763965,,26.338891692696507,23.819767640430655,,22.398543895574676,21.74874207069115,,15.281057281900758,13.641550196055505,25.44991321026373,7.747136218084961,9.117377480673895,8.407715071281928,,5.986832511068883,,,,
2024-06-13 01:43:00,26.506897956922558,39.38556600841366,36.29384175214955,21.91105731116113,11.830956234849737,11.231657930358665,20.276502119131464,24.608398614767566,30.46746569752736,31.026553805251524,44.00001996545666,39.576327795869474,22.60276575157991,23.221827021721538,17.955489265667666,11.628516436944778,14.083348584295095,26.888900188825573,10.414628722812495,17.068714496870598,,31.64908056008767,,26.77826115768812,24.223902595647814,,22.862662041114618,22.1248164339695,,15.64898336967508,13.938670216345145,25.787546155529526,7.747136218084961,9.417174988640227,8.55404574455497,,6.270690748841844,,,,
2024-06-13 01:44:00,26.565934109848968,39.834844159615386,36.47314634291979,22.572045825961368,12.139752252691778,11.47060491267689,21.047732791786302,25.63676652998015,31.477683492567394,31.048283148371638,45.160978895926974,39.81618072006495,23.156967804385886,23.70485655522407,18.187867236835245,11.983640301479454,14.545060456462124,26.973550475190734,10.552491273674605,17.582304967958407,,32.48522383966042,,27.178842282472488,24.666156993443565,,23.281241634515027,22.285300110125718,,15.905362257682555,14.100735227695168,26.19872758867814,7.747136218084961,9.64952180106684,8.883240789230513,,6.661750976576627,,,,
2024-06-13 01:45:00,26.32980423094284,39.99180614337183,35.88412814356707,22.46483617836975,12.128516164804296,11.615742075044636,21.134552637048273,25.90989939115957,31.43284685524145,31.38398519058569,45.27379333427098,39.66841398356382,23.0600188229962,23.63434106891077,17.981400735963916,12.194010189834671,14.502681615098936,27.012583822005638,10.561668374321926,17.727530326779743,,32.10032671404815,,26.938493939389446,24.39934580732097,,23.105696292030643,22.285300110125718,,15.83610534243644,14.100735227695168,26.121171941623743,7.747136218084961,9.65701271206558,8.889302439181847,,6.8826041199839665,,,,
2024-06-13 01:46:00,26.319462157459725,39.98234886069031,35.35795223794594,22.171797547211327,11.995858316302474,11.896326463766854,20.87569948276405,25.378055160959548,30.76945797354051,31.294103997751108,45.11651790748033,39.00598314881654,22.910971063916804,23.529240917461493,18.00731220625994,12.379018902981556,14.527217471572158,27.021992373297877,10.629661650053777,17.72109536733069,,31.55713608508313,,26.798290279592493,24.269860566808347,,23.10901604818946,22.37700481558386,,15.938658183765256,14.33538944418433,25.985449245645214,8.078379714826951,9.821894723886544,8.950258159850137,,6.9520476944545635,,,,
2024-06-13 01:47:00,26.4271999762949,40.07437894663917,35.722347678583446,21.96806220775352,11.988610912921558,11.869237708923379,21.905933750639633,27.62653178753999,30.34837306097188,30.875736075583063,44.80054064027672,38.2863482312664,22.76916081499735,23.45872052751156,18.046961833631713,12.396940652510239,14.509374135526627,26.772260718301,10.532260453479921,17.533131826839053,,31.39032743937696,,26.75759876285565,24.23566431884319,,23.021241722452032,22.422857099488738,,15.879724402876946,14.362400348466508,25.87714123269643,7.57989051397999,9.56707359525808,8.858824574002028,,6.8826041199839665,,,,
2024-06-13 01:48:00,25.857547763910247,40.59129376152623,36.39275924302274,22.248655443753933,11.988610912921558,11.827599662435546,22.79587298187994,30.988289394321328,30.725197443452544,30.618330221308497,45.039443116836765,38.553388850494684,22.701159684300592,23.30034062791856,18.218880369104454,12.469316574889376,14.538367587751281,26.888900188825573,10.602129305334756,17.974073939365553,,31.984775191725475,,26.959784927385954,24.372442771560145,,23.213750905497363,22.482371545929254,,15.948978818104024,14.379285034271561,26.256894238428686,7.747136218084961,9.619542273436991,8.724791523198974,,6.8256883653461955,,,,
2024-06-13 01:49:00,24.93525114187912,40.38555592371995,36.428317335396514,21.921758686582052,11.547892805698439,11.714397637048364,22.07535888605753,31.554733097648523,30.729265047589934,30.27031895271648,44.71329741215686,37.42780474545998,22.536210122356806,22.91577336345017,18.000237107872636,12.012726113945064,14.237250555364994,26.73512254334409,10.475322268745686,17.85872200499807,,31.815812225116133,,26.681280096949195,24.170101058348337,,22.96739749377093,22.445547897620145,,15.92467034420497,14.342147938239123,26.066329986095297,7.747136218084961,9.297279791392384,8.44443439979932,,6.522871367525795,,,,
2024-06-13 01:50:00,24.678710016396508,40.23332946718483,36.02494154157421,21.526967229589673,11.430472707973195,11.687309565742567,22.011420118539036,31.11469095259622,30.356561147541242,30.3377399830581,44.35599945903982,37.04477109192658,22.392970848015466,22.37421124924458,17.907204390832703,11.744192154499046,13.98520773216535,26.1548425584906,10.348516546848941,17.65261120934565,,31.319714497118866,,26.30264648610455,23.769358368207122,,22.675507946121797,22.13362514369419,,15.704257970897743,14.250991118341517,25.798221872306385,7.747136218084961,9.019980781213462,8.22503462619079,,6.3020259133380705,,,,
2024-06-13 01:51:00,24.733512544469704,40.08856783374358,35.263457029738674,21.316267083257117,11.448961332228691,11.335164429937436,24.92805058227009,30.544462353260087,29.704324622216973,30.134023636098163,44.57487027757202,36.96971287698216,22.096374358512094,22.145357278754545,17.729784194512376,11.562916951980242,13.898225032594382,25.776343981288903,10.094909047159717,17.918452321317545,,30.8920480472284,,26.08615136951221,23.681372078650384,,22.604703248164242,22.028030751319875,,15.526136015090287,14.14126777276806,25.603657582155392,7.155138230268676,8.765177315220626,8.060534172309872,,6.055949484893745,,,,
2024-06-13 01:52:00,24.435696976232407,40.42741868887879,35.738018987573014,21.53788840134348,11.684549104187226,11.271295667658137,29.09199172395347,30.603338846092356,29.801923288180433,30.019477651118677,44.52245590997359,36.99661257445359,22.037086547402623,22.249134252511567,17.610854000125983,11.501036771692384,13.889316463726004,25.980011819546945,10.203361414288565,18.574783633666357,,31.27898712986439,,26.51174713774617,24.019883535313056,,23.038537547028227,22.321411388791148,,15.783819065478383,14.365782373956336,26.064196813363196,6.98102464965541,8.645299460592923,7.981410045332723,,5.885579220670593,,,,
2024-06-13 01:53:00,24.114023672798226,40.74168621405488,36.57725163330224,21.68088709040444,11.754498699592887,11.35255893198223,31.59907750338334,30.758486575418374,30.201075920365838,30.1390600477539,44.056261125487026,37.12324648881122,21.982112380499984,22.318308295108864,17.669332617313103,11.772612456762658,13.902693842340113,26.138018033911806,10.223592624643516,18.91318061492484,,31.78138716815215,,26.713251006390237,24.221628444053295,,23.057147710861955,22.408471548773832,,15.895345446021565,14.365782373956336,26.114306713986934,6.98102464965541,8.772697269157788,7.926513690329102,,6.068487034487248,,,,
2024-06-13 01:54:00,24.127137328781487,41.10758715446855,37.194390311522056,21.898786188228314,12.224920167807568,11.478302317603493,30.80454862603483,30.575173689392386,30.96474155181795,30.844367210615474,44.25628994942576,38.39087561162796,22.352489052241253,22.802606352544217,17.99471255111507,12.037417130500444,14.025365575483534,26.935921853530402,10.409208542803299,18.94544083672099,,32.36516202025996,,27.230165547061915,24.62237017278312,,23.349040509020142,22.646983502967032,,16.124743080480584,14.446809701344137,26.440571610811276,7.7980209847996775,8.862631447586864,8.170326120911795,,6.264091613120399,,,,
2024-06-13 01:55:00,24.647743916276454,41.26408347612005,37.635801037708916,22.275653061429466,12.136490049076201,11.731787225792232,28.894089646005796,29.782020958873318,31.54189610076719,31.452657560461603,44.45317907768026,38.5079569945342,22.518867712651854,23.422660101691918,18.11875607226716,12.218692985945836,14.228331152372448,27.43155535335916,10.466145515691778,18.626366125124605,,32.69243679949477,,27.506175561803502,24.806255054090798,,23.534569430821648,22.91306248513274,,16.37079966613419,14.7101576353366,26.60847160949197,7.952588829126398,9.28230179833372,8.401838938502124,,6.630075090996797,,,,
2024-06-13 01:56:00,24.889716403532702,41.256134890755675,37.74062397154921,22.425674849205507,12.342348203375423,11.736636465925699,26.519579044308102,28.187945216493063,32.13044152404268,32.00005778042737,44.559703130181106,38.35640796647067,22.923998313494167,23.744714076321543,18.211792329067976,12.399971202377287,14.26624789614823,27.645077619141915,10.622359242356197,18.444850930801294,,33.03041413055439,,27.76217394625519,25.016469225531637,,23.71510510985081,23.064524421693932,,16.446392579555322,14.882350076831699,26.67138335006848,7.952588829126398,9.417195947022037,8.43231597783597,,6.781482561354551,,,,
2024-06-13 01:57:00,24.65815706860701,41.29890278707899,36.84967589782718,22.359537693359698,12.132503630793963,11.773423187235721,24.371919971097213,25.81654625995975,31.697804967659977,31.87693705504398,44.56114481416944,37.4371638965531,22.858886534804697,23.746076616879918,18.013973345489376,12.385773300472692,14.33539198920846,27.487087126771343,10.504729672928079,18.028530828093608,,32.57931567235687,,27.300271945691293,24.63532356472342,,23.561508027202763,22.949899770417687,,16.31820933731524,14.801319983234407,26.520298107659073,7.785347935361642,9.447154717823878,8.48097116952249,,6.844659932414402,,,,
2024-06-13 01:58:00,24.060500780360144,40.70692103054671,35.6362038561233,22.034412056323163,11.908155283368615,11.701856240177335,20.925285665563706,22.370013213111406,30.434592181944026,31.15701441375677,43.80611868564142,35.754926907963636,22.479787625980634,22.992940750893013,17.790235771711423,12.034372255765788,14.078882055620397,26.434632420163382,10.425683851652138,17.76036083539202,,31.574213805931322,,26.462236051271702,23.975608191836727,,23.119333108642877,22.619679348024874,,16.028542918115818,14.639259555475292,25.941968448643365,7.747136218084961,9.274764932218432,8.273686356232474,,6.516779647139515,,,,
2024-06-13 01:59:00,23.54999766009155,40.40911038409922,35.63670144603384,21.678939877778703,11.658070321923333,11.39903457766286,18.27457210360808,21.224739291110836,29.879938028262814,30.68501223491444,43.54382080164055,35.62916442511596,22.261307701524856,22.720145998792532,17.571602916554866,11.97620098130676,13.851372353325019,25.895744093588092,10.249238227695287,18.001597850153757,,31.05883702891424,,26.304548094649817,23.80355043532245,,22.940472270786813,22.49115067587536,,15.98625700372122,14.639259555475292,25.82896411669344,7.747136218084961,9.087397708266508,8.182253079881775,,6.188716990511352,,,,
2024-06-13 02:00:00,23.331588282906182,40.473951219541505,35.682491069651405,21.484174916261736,11.489182415211644,11.25874621499861,17.166413997706286,23.09682638195636,29.373352697679138,30.194195159637047,43.856225482312766,36.572702964782366,21.846068765743667,22.307680726890794,17.54569979254211,11.97992064139305,13.672936419286657,25.861406208010294,10.219830607149788,18.15969194792069,,30.772303415061288,,26.205679122873335,23.784494161682233,,22.827440329892397,22.390183344612524,,15.95295797989138,14.620689120987663,25.665834271647782,7.747136218084961,8.944985521267881,8.151775314641554,,5.930092121506391,,,,
2024-06-13 02:01:00,23.128000556679467,40.80137072707703,36.36980532514008,21.582431760652526,11.430472707973195,11.285834497344808,17.069593731204804,24.73655629663199,29.686332976882568,30.239139773498664,44.52549907058142,38.10696112784399,21.966153968762683,22.450047185732956,17.59044565649333,11.90010408399121,13.764390646938296,26.482610970856598,10.210655418264878,18.408547795464983,,31.405194365078387,,26.68569593776874,24.127505885772734,,23.224053802496655,22.624059476101593,,16.15804485785702,14.872215791301642,26.038204461243822,7.747136218084961,8.862566419640643,7.987273244428934,,5.829149273556254,,,,
2024-06-13 02:02:00,23.577909860041927,40.62286284335596,36.46090195554643,21.494872994593834,11.669312561142306,11.2539001127642,17.031856285315826,24.154974695649344,30.03249338049477,30.028180515607346,44.83867785690791,39.51912750310885,21.827229245816852,22.535200302608473,17.666199671113645,11.90010408399121,13.733168104724768,26.642969496282888,10.298877744324272,18.12338928026611,,31.775141754229253,,26.84528353416499,24.24576749262269,,23.333762276089146,22.761603465226017,,16.234952312429414,14.926235105343494,26.123791373363474,7.747136218084961,8.802607504212801,7.987273244428934,,5.829149273556254,,,,
2024-06-13 02:03:00,24.51182021976797,40.75815820820981,36.78724360200158,21.819998203176056,12.029572373361134,11.448364143246522,17.847878903421133,24.080863583554674,31.13167835280501,30.73357211783855,44.75125981701785,39.83763090429056,22.16579434173991,23.140618597013145,17.915841373717512,12.280588422238225,14.107883790149913,27.23453303244193,10.552491273674605,18.31542419075231,,32.56849302950786,,27.46300227708707,24.764797784956954,,23.777597958189745,23.25228686166747,,16.66177841345734,15.16088586951173,26.585787617197184,7.747136218084961,9.244785005414087,8.176195436811213,,6.005799286520073,,,,
2024-06-13 02:04:00,24.982411284104387,41.008556125130326,36.88518591841148,21.91280753746628,11.985354302516498,11.620590443539982,19.411981465871577,26.115187816117896,31.757491044838616,31.410070671311587,43.92966749684592,39.1165833416585,22.649058222353233,23.50524448976148,18.03988638071155,12.317119813930276,14.286321278030186,27.76455509567114,10.679300010385305,18.474708852560525,,32.850912543563254,,27.7991135578186,25.089357175525492,,24.180902169095134,23.449604874762827,,16.950142712387333,15.360093985827461,26.741613468153446,7.747136218084961,9.25227347981513,8.359060915182226,,6.239355584345617,,,,
2024-06-13 02:05:00,25.066545994408102,41.88007691222083,37.76158855831727,22.552393246062138,12.500013679426957,11.701856240177335,19.82149776455094,26.671953167620813,32.387357935147975,32.40636006472664,44.49642189534643,38.50601058695429,23.169994534942134,24.32227177284949,18.34448560544456,12.722977711195199,14.574052155781374,28.149710622344543,10.953150274777045,19.082544796528964,,33.31287045705949,,28.437559740638335,25.699813235856254,,24.734486816950266,24.009080913254365,,17.34237107378567,15.748377970428464,27.285231039538303,7.747136218084961,9.75442839903667,8.645479427301552,,6.466482180816797,,,,
2024-06-13 02:06:00,25.597899366282263,43.040684078880986,39.079572684989216,23.44924643694958,13.047659333961064,11.972742079768409,20.92903452202745,28.907243327597598,33.41218691309541,33.25912319950862,47.07758841962391,41.33251173069539,24.051262735911905,25.418884441166483,18.840271008147056,12.98036514463638,15.10268341709832,29.104061776152122,11.35381751366117,19.77069828451613,,34.365127938555815,,29.433510334307357,26.631006403978972,,25.446722348723142,24.52736482440787,,17.819203241524065,16.155248718766416,28.03486791479736,8.078379714826951,10.144175373591452,8.889302439181847,,6.826053691459947,,,,
2024-06-13 02:07:00,26.63532621389868,43.00281999963181,38.90608889325267,23.6242939245642,13.168389864432811,12.144976834757017,21.740700318415747,31.934843364524113,33.41520601873367,33.340635667235574,49.72820965375172,44.881149752372494,24.17722662227402,25.372451900556598,18.797541667755922,13.151200237747162,15.272244782809935,29.221872206400633,11.351953531094296,18.680782852048196,,34.29066611931148,,29.10621053238947,26.258276682781343,,25.345374529421406,24.57352577040865,,17.72303827656151,16.202554773772135,27.950731251112302,8.724749676528063,10.271587107546111,9.072004321677468,,7.204791734545779,,,,
2024-06-13 02:08:00,27.846763858402824,42.72490295851867,38.34681156666147,23.697524698286543,13.260103596504678,12.176917596012231,24.607760201083693,37.74978976315083,33.59030988340078,33.250786944400716,51.68806521270653,48.253594784569486,24.061480367278364,25.49496348204957,18.622082426631778,13.078825839386923,15.243263681397025,29.06626076462112,11.429134793843104,19.2020545112523,,34.19655682731786,,29.165688364068046,26.422562225458478,,25.439847276061755,24.702094687013414,,17.867890422191067,16.329180003113834,27.9862186612977,8.724749676528063,10.481455604984376,9.02317122344789,,7.015610539594832,,,,
2024-06-13 02:09:00,28.53016209176917,43.42537083002617,38.596750705841714,23.68503375320347,13.407253222333793,12.068561260085971,28.639120179013844,40.93215787653753,33.754676554430716,33.260788217580966,50.56090138987497,47.92210344153227,24.268440466571974,25.50962202725259,18.837203702738407,13.278035844294209,15.37264776546158,29.102950180965195,11.557815315906737,20.121611788089012,,34.33117999209139,,29.466799263411303,26.765670583414703,,25.726812205501574,24.96357850768436,,18.038382741780424,16.50982970424593,28.35467720313818,8.756992241791977,10.249099605936635,8.98056815172572,,7.0281334572238165,,,,
2024-06-13 02:10:00,28.4018795585132,44.89948612970329,40.38335400916776,24.27467688062802,13.701545854415144,12.28042134283703,29.44300307968183,39.44379991002302,34.6942669679413,33.91175113583131,49.18520708715096,45.367897192383225,24.753209637130794,26.061842742658428,19.23284862052492,13.34667938057305,15.640294095500622,29.80887995014274,11.63685854061032,20.78290085924118,,35.278497636785914,,30.388293611366862,27.45187965786681,,26.140418212685745,25.27524761813629,,18.320407305188837,16.71749286822387,29.196613900863667,8.930125686791143,10.488951858784503,9.10248303853291,,7.286565008431353,,,,
2024-06-13 02:11:00,27.60041014862975,44.82250899631754,40.47450153277805,23.797625082585,13.10966681671539,12.186621306103689,28.98686596741777,35.88436997303802,34.280478082966965,33.34173459170347,48.68658161070789,42.48423621536085,24.27990803315197,25.205971885099643,19.001976519706204,13.042278100833187,15.160704093969684,29.26266471298956,11.351953531094296,20.15266387219981,,35.098766099924205,,29.85109726934479,26.981961423420216,,25.735347397605437,24.775209198553057,,17.894823312184144,16.410214445945712,28.858109993768267,9.13549483223369,9.859353629942916,8.761156196545471,,6.901762200260578,,,,
2024-06-13 02:12:00,27.104559870312414,44.417928947688324,40.03631656234893,23.63505952421997,13.17235770684215,11.92826550241341,28.7185396766356,33.99237039584318,34.57517852166029,33.36247589690993,50.07209426895611,42.84341679205227,23.873233772907724,25.160607312693173,19.025870469350366,12.984091606787729,14.930935282124437,29.144853770685927,11.372180752350232,20.69374469562854,,35.10064000180341,,29.75583285461289,26.97737469349113,,25.770840951440277,24.729038734028563,,18.084552295331378,16.616153443711937,28.872685759847172,8.29896145566181,9.73943000509621,8.657599939811007,,6.453777160018603,,,,
2024-06-13 02:13:00,27.62235813596726,44.62267352037088,40.159725560331935,23.817300970379847,13.279256576803618,12.140125154038515,28.132404512346284,34.1790821247273,34.56040373085261,33.74577111580584,52.06741939951689,45.19118603379138,24.052596162712916,25.31487107542125,18.96535073113546,13.175839483209074,15.058057878404725,29.316393513087206,11.5486326537889,21.139926970664874,,35.20099018225824,,29.718821219555593,27.014833565109257,,25.848524222036303,24.87090351064853,,18.197357387069587,16.714042989759946,28.906633912475172,8.855138710398478,9.941804003961579,8.77951286528787,,6.699693035165524,,,,
2024-06-13 02:14:00,28.667806456184053,44.83199329800391,40.65079293478311,24.031681931006915,13.687028069987491,12.442954676733052,30.03170593298705,37.106521527737186,34.50449758026957,34.021318859756775,53.4573338259529,47.9724124742238,24.475080357965453,25.470525861626356,19.30093064576522,13.538422537291808,15.377011572703282,29.52526334734054,11.725084384830325,21.159312511498683,,35.3634401677632,,29.919719516330133,27.102232103821734,,25.845158345963682,24.980868873809868,,18.40244888336383,16.886263441423125,29.131222375448488,9.340857112846606,10.241605736217934,9.011046878273874,,7.336839918451915,,,,
2024-06-13 02:15:00,30.35583550719764,44.41058309233631,41.124057216952224,24.44795270235136,13.958884027148997,12.831910878614735,32.929010473241306,40.396176298377895,34.85847197845078,34.42523110359207,54.54260731196791,50.816419137374396,24.695068069514946,25.89772410904652,19.57297269169885,13.748815688977857,15.740603828045437,30.025222788364857,12.164362841898082,21.068539018072443,,35.73134288073493,,30.257792872621394,27.449898124577885,,26.047686245522982,25.040676760114366,,18.61523629991916,17.04832901207783,29.244330678337064,10.282478514711784,10.82624547194223,9.486421746045153,,7.974194310181701,,,,
2024-06-13 02:16:00,31.95437763604002,44.879593528581154,41.39776054329104,25.31444951381468,14.642492063475629,13.324375257246402,34.27219275540165,41.325225605490004,35.697095135185464,35.06251872721646,54.50648854773476,52.08445241939944,25.39405551759205,26.65233942714076,19.97419640846806,14.194985651267643,16.349568455460826,30.608110485684733,12.603654969658464,21.46271397119972,,36.347355826894955,,30.835642335228385,27.984230032751384,,26.473017059202903,25.41211655080224,,19.049792795126905,17.374196733559074,29.691113356725054,11.517015774276842,11.425897981207527,10.108141621391724,,8.832217911977637,,,,
2024-06-13 02:17:00,33.652628084076355,45.36239543910915,41.99383630179091,25.539683770990223,14.980369586943652,13.885612080583883,33.47220143682148,40.70352984825672,36.63627494212869,35.52039270162027,53.8795314849051,52.33558630745347,25.922433964117317,27.31666239108904,20.410070124911726,14.785908893058377,16.688657360009984,31.271611355048066,12.963921310717978,21.405472571029804,,36.92524528979334,,31.389300614810054,28.381919991602444,,26.770079676320165,25.64171453977633,,19.28696521947404,17.529578266190583,29.983616532888846,12.353662519228692,12.063062375415257,10.528656764163088,,9.602048596598706,,,,
2024-06-13 02:18:00,34.63205938966007,45.25604471049064,41.65290785660545,25.586229804690447,14.983703158643493,14.089833554565189,33.99357720399894,40.517570655032614,36.91948541508691,35.68120976626756,53.0336293437706,50.53563971627591,25.918278720376748,27.525844717427617,20.456940047983835,15.282859846536553,16.936321604358795,31.396032655660264,13.129354759695389,20.960423113770503,,37.058417475810984,,31.424549806334653,28.470697154378286,,26.776818464986718,25.940096029742108,,19.421592712486927,17.793014344690164,30.112903329294113,12.283292337896455,12.355426342992587,10.845602532570638,,10.037583295407217,,,,
2024-06-13 02:19:00,34.38719244363972,45.335988534334774,41.75443115166672,25.507608390225187,15.097844332872228,14.23988023978427,33.51343226872791,39.342772433046775,36.99778233369079,36.12294202005114,51.63382202720095,48.715720960142335,26.048528020925914,27.76151026613593,20.56882087264944,15.083654711145982,17.06571671139386,31.180679700446632,13.177148293429127,21.196474197165116,,36.98783581050748,,31.463410373201896,28.4555827548038,,27.01989540908744,25.985947288429088,,19.4895408992802,17.874052133792247,30.11694275762784,12.218903669278916,12.437911063211004,10.888227886782715,,10.088057383305681,,,,
2024-06-13 02:20:00,33.48468652693157,45.420589570015636,41.9263962574978,25.459372818611882,14.74481873366608,14.163471458291838,29.065446833896658,35.67694920153622,36.62128968222737,36.13821628376354,51.32531475544306,47.86268938408648,25.864751051438134,27.591162530801967,20.394877213935388,15.003809447516574,16.925203106724098,31.18307092264783,13.079724784899781,21.37280533870944,,36.598529758013,,31.30374373336781,28.470697154378286,,27.06378494585215,25.985947288429088,,19.4895408992802,17.874052133792247,30.15572944530868,12.078158846792576,12.190533967468355,10.705343035139776,,9.652784644469875,,,,
2024-06-13 02:21:00,33.04454003207661,45.87593768543047,42.333316135948735,25.69342903136112,14.932232310879044,14.072470482298172,25.272142870737298,35.81224360530541,36.70705681854861,36.11936281312069,51.81190734601341,47.48154666194068,26.036929419669605,27.61245601701694,20.646072305484495,15.126909624559516,17.00993250755971,31.554763086724563,13.197367419257944,21.86428991773073,,36.83158480115662,,31.58421610680034,28.79870184131505,,27.283232070788927,26.261053876071855,,19.822846196551836,18.08172980947802,30.489457432559902,12.180726450485508,12.175524994971965,10.644381392037303,,9.539087236318665,,,,
2024-06-13 02:22:00,33.1097722709942,45.989733108842756,42.41732055728926,25.754205586865965,15.138115623388103,14.094697438164644,26.715923386729628,41.22971109202217,36.88597843474463,36.25849257863524,53.72757829190709,48.96436230164363,26.17728570744498,27.817329964983628,20.964383713411053,15.148536555547935,17.027759360905975,31.72466492492518,13.246996660971718,22.071713912534506,,37.03267151057639,,31.725052573445282,28.90121748232059,,27.433465769377563,26.233470008476615,,19.831811923901114,18.198202487447816,30.73752584408976,12.283292337896455,12.16802050872343,10.662719752041994,,9.400156932546679,,,,
2024-06-13 02:23:00,33.73942733794843,47.1064230092029,43.28403566535508,26.252689021314836,15.564996054002222,14.220421218860338,30.560902700130328,45.30207020961893,37.791838610667355,36.78081222378819,55.86207267959708,51.397692254149206,26.444890521403067,28.30561117670345,21.31515559072045,15.394729443484493,17.473817530627684,32.18485026388589,13.502497050456213,23.034127274902403,,37.849411272733505,,32.46806656664103,29.465142602723517,,27.9786798568025,26.6873116445513,,20.157401148959707,18.36869772938735,31.31526444455676,12.385856509023597,12.153011536226586,10.76642583339435,,9.526080991529511,,,,
2024-06-13 02:24:00,34.51940575124752,47.51554191414061,43.638518017000024,26.495636095123018,15.462058141064745,14.400321338161007,33.37989681957083,44.52102216263893,38.00430833236351,36.98359427271248,56.42743871994344,52.53964644137386,26.44039356873509,28.282859074839735,21.521565223297102,15.387243729882698,17.455994563081504,32.31959579839963,13.552123581008118,23.37266535832532,,38.16364860323006,,32.59062732453367,29.72407152047481,,28.061366019779598,26.792608557283074,,20.380428233478142,18.493585220695422,31.60527438282861,12.488418963866934,12.13800256372997,10.790833666692151,,9.645755654969435,,,,
2024-06-13 02:25:00,35.839228511775445,47.93546093691293,44.252296302289324,26.988826977697727,15.848075044413463,14.617040776827139,38.776574720841154,46.62076998875136,38.582139321543764,37.27451053686332,58.14665475194374,54.797308540052654,26.87450946860895,28.780650112154035,21.72292711868772,15.847598233335134,17.761536327097474,32.31959579839963,13.973060434165063,23.441342647292004,,38.7327417671504,,33.00894626934087,29.964687360725293,,28.32638090635055,26.861381968112255,,20.534254718461852,18.70126202125948,31.791967757425482,12.66134576844388,12.535284074691845,11.016338552366278,,10.238646844430264,,,,
2024-06-13 02:26:00,37.59583135188802,48.26316404595673,45.03431303068919,27.473125969056355,16.377316397422874,15.065089689752313,44.6531895440819,51.8738274780726,39.71557898041988,38.15089404615355,59.54534212564795,56.95621092857391,27.68065791039112,29.572919161037817,22.258494894854493,16.23185614047236,18.346022112934293,33.23531154607315,14.344379130329344,23.438620590956816,,39.3450364212008,,33.545142890754505,30.430847783050012,,28.64038503712527,27.29268885247575,,20.908628136716743,18.873511598474124,32.15409163450113,13.201283177043024,12.947587467550647,11.412579395153443,,10.926227049295107,,,,
2024-06-13 02:27:00,38.91078592598399,48.14626372270095,44.87990005391157,27.837666720807192,16.726425278893885,15.399918906869061,48.805003765832,54.17078265452142,39.998991010971395,38.645682537653556,59.51484258000005,57.05915731068626,28.184478427062913,29.821839936814285,22.6785788099603,16.467663471760375,18.647180986519515,33.55924311593853,14.460207498069622,23.19083800828048,,39.36242700656885,,33.50448874314634,30.476901211388395,,28.554308706484335,27.219247821642966,,20.993266087420125,18.856676304801113,32.16220296264919,13.6708661668672,13.397398979700029,11.699053967554846,,11.500398517409053,,,,
2024-06-13 02:28:00,39.38190126254722,47.738610094224896,44.532498626907,27.77164315883215,16.92841075191882,15.323518441661008,50.391165706556194,53.5419553896711,39.58888382409418,38.688017869202895,57.91749651748728,55.1449910237161,28.067371803188735,29.595697106131865,22.642502559106106,16.605755523982452,18.691882909018886,33.27535487838142,14.596250733643501,22.948283861928758,,38.94116039098094,,33.3029712428056,30.15284089635952,,28.468230447017504,27.22391391090605,,20.915112136590324,18.875270919808827,32.13152467713553,13.6708661668672,13.472390432363909,11.900170687625632,,11.891703780528019,,,,
2024-06-13 02:29:00,39.47969864117033,47.766299576466736,44.32196930481314,27.977102368391797,16.725905160574484,15.473590757250236,50.1649865921961,52.90832705962862,39.13777337808392,38.72216855665238,56.97972110948399,54.29638116863998,27.927030662143352,29.446638772601318,22.651175534735785,16.794590387605695,18.618271549009364,32.979403374316206,14.64406176676971,22.9365860073799,,38.611757746261674,,33.00245531026121,29.958256333885856,,28.270732604429213,26.976402011365735,,20.786916014671988,18.885447017151364,31.875348299395228,13.65477744035752,13.68234736929071,11.918405287643964,,11.904482900331118,,,,
2024-06-13 02:30:00,39.05078201398135,47.538605767823356,43.988427049921484,27.87882521205097,16.424346411740316,15.293693517253814,53.47397351827976,55.77553104030949,38.87682518674933,38.38385399158847,57.72267056928786,54.978343193107776,27.80687798337408,29.397445304723988,22.615098227031012,16.722235705868115,18.65625152720861,33.096708691207084,14.544813502503985,22.63552354663034,,38.52211417980743,,32.93938485526769,29.96617555647117,,28.270732604429213,26.976402011365735,,20.74335509762159,18.868608926119578,31.860006197030543,13.465823012224973,13.472452643466795,11.869598206564888,,11.89202652414997,,,,
2024-06-13 02:31:00,38.6337461479427,47.28778728552925,43.61282113688276,27.605491376818463,16.424346411740316,15.136013098298235,58.01799553126739,57.633639670528964,38.76124633077643,38.286018506144046,58.65097643462673,55.40960740616538,27.74175442874821,29.390839631015524,22.534269551945272,16.671497726425514,18.55138089413822,33.067241603862755,14.67166136998344,22.59274204772555,,38.35740739504831,,32.75847027663076,29.98919751501535,,28.27412354180069,27.003990911774963,,20.657474331407684,18.868608926119578,31.86405779955203,13.465823012224973,13.46500201044796,11.869598206564888,,11.582962114029897,,,,
2024-06-13 02:32:00,38.461252454994224,47.50164753516219,43.52532391011118,27.57692843102268,16.34713701022406,15.27147293620851,59.57449550202432,58.40907099109245,38.75377371425702,38.342582976410085,59.567131694205045,55.17686312677188,27.820007544885357,29.212403702094434,22.467143539027802,16.725987457596375,18.558101625240624,32.68826796683055,14.719473614916296,22.858704283177758,,38.485702499289346,,32.91875485044784,30.008260375735972,,28.27412354180069,26.93987716490983,,20.77671194455843,18.868608926119578,31.89879464930209,13.465823012224973,13.607417146570015,11.900079948730081,,11.507253120381392,,,,
2024-06-13 02:33:00,38.162650678714726,47.11241035966714,43.0726109484026,27.430427478899674,16.368964863861493,15.254123035173052,57.716763931949345,55.66596868359193,38.20941921786357,38.049064828894416,59.84777887230848,54.954072722408,27.73317403191345,29.063344673194933,22.234720269704667,16.708121448932502,18.5157470397736,32.263897419544264,14.590809365337464,22.50072176239655,,37.980933762696395,,32.41906192685883,29.55794547144069,,27.85209764368301,26.5684048881526,,20.494671988541086,18.6896861142136,31.526254107429395,13.465823012224973,13.25510340902224,11.69886129819497,,11.406307834013319,,,,
2024-06-13 02:34:00,38.029288797447066,46.6154914059407,42.763704172693,27.392952458807258,16.155794245965126,15.06934659994431,57.2907456598698,54.260203103296135,37.54575353091377,37.64138263795007,59.30520875337356,54.493478487224365,27.41613605767202,28.935579576078,22.293175669341736,16.476045757428437,18.31272666839891,32.101180266356096,14.473157813859416,22.286822564888098,,37.647072557867205,,32.15980272491424,29.378472660917396,,27.695103976553128,26.36207321949678,,20.32415612855766,18.52760247976039,31.324216407224867,13.465823012224973,13.19513234456781,11.668379184934565,,11.116241695586154,,,,
2024-06-13 02:35:00,38.37690552666106,46.07859790597695,42.22697707694397,26.842566610498125,16.221817745876024,15.160364766619978,57.41498171145258,53.593194357544235,36.88958439907901,37.022733398312994,58.44625929436165,53.185627291773926,27.157147201332464,28.388542050472097,21.997260592112752,16.45442623631584,18.245832592407737,31.720695750500624,14.452943217736902,21.685125616158075,,37.19780308819986,,31.679562744276154,28.855888107918418,,27.252845106148925,25.99060335151171,,20.03315008510708,18.338504500318322,30.86602071538846,13.465823012224973,13.06022263706086,11.656126442144114,,11.059534670348626,,,,
2024-06-13 02:36:00,38.30753868340446,45.638589078230325,41.79899066327789,26.67274739616346,16.1261431780531,15.0249005129225,58.018617947073835,54.745920695295354,36.56151451810274,36.690493876446226,57.5008503351296,52.41927391773925,26.7952059528875,27.91862556310639,21.83700789801037,16.38581626010034,18.203475319874656,31.399226316865764,14.344488484673775,21.429691962577635,,36.900372582426826,,31.30132212083481,28.4588515526857,,26.98783170948036,25.68325920614143,,19.862636505408773,18.130816784946546,30.621167151835834,13.465823012224973,12.955295619994331,11.4427478775508,,10.870407154056238,,,,
2024-06-13 02:37:00,38.26921416756409,45.64792327558962,41.332805403825205,26.629784331989185,16.1261431780531,15.160364766619978,56.873375560049226,53.844493851421475,36.44231423578458,36.68594427593098,57.275242696711075,51.872229915909884,26.770493413315535,27.832006983226393,21.984964271577155,16.38581626010034,18.172219500744404,31.274796636473695,14.47133982494097,21.61007254115566,,36.68198137321633,,31.18354087207308,28.527197356578654,,26.849420639291566,25.490547802845867,,19.897243840087867,18.130816784946546,30.531463462706597,13.465823012224973,13.075240659662313,11.503713197912475,,10.794695770311819,,,,
2024-06-13 02:38:00,39.25376675647658,45.96184510184048,41.79239746699841,26.944271867563657,16.501019404813405,15.295828962674477,55.84387797669274,52.07768900544124,36.55789410798502,36.78736400837374,56.681037136891064,51.15557605046797,26.858824943042464,28.06623240138083,22.257095470856257,16.723127758205237,18.41759637201983,31.34339160864826,14.657019626789179,21.786414115204025,,36.90438215310064,,31.52411499819982,28.740821626064644,,27.024964772081603,25.701530182107945,,19.913916584614526,18.203434247381665,30.628426555712394,13.465823012224973,13.112736095067476,11.656126442144114,,11.0723042984431,,,,
2024-06-13 02:39:00,40.4490917999251,45.45564508272628,41.44119634171193,26.815596651646956,16.88318382160878,15.441037254919138,55.62904105027678,51.86448249993964,36.37891163660538,36.70837375168185,55.58547846074089,49.83304830191764,27.000674397054354,27.88120917272613,22.279470668609065,16.806742583596133,18.634060899510587,31.063439339572568,14.704832233536536,21.28441922060847,,36.7419065201384,,31.143473196240393,28.50813621599991,,26.893306728374228,25.476928450328614,,19.913916584614526,18.122391988577874,30.48863414089965,13.465823012224973,13.427621970819928,11.790211288720684,,11.211262186406543,,,,
2024-06-13 02:40:00,40.597751887530194,45.144911310935186,41.26230298961491,26.769200883390567,16.820526470017512,15.418815985796186,55.06175870358766,51.757518523005956,36.14032762785064,36.68951972843956,54.88605787910387,48.73886032173414,27.099110856528114,27.887824522131496,22.226050597710127,16.582158057308675,18.616243631263615,31.029140261694778,14.793073947161929,21.355853587015645,,36.56213309239956,,30.964989938299368,28.439101931895493,,26.803846844272357,25.499854135784062,,19.811356395935945,18.130816784946546,30.32136416036292,13.465823012224973,13.390124486350032,11.790211288720684,,11.18602466883624,,,,
2024-06-13 02:41:00,39.76652465142524,44.61742971650847,40.45559614739523,26.481456185440493,16.357232727230894,15.120789027095611,51.70229699779179,48.056207314908306,35.32400481291256,36.12652087692618,53.6659703173475,46.98736789598843,26.70537291460346,27.083883581177133,21.88679814584816,16.506045818445955,18.35975959642701,30.519524352544636,14.723231273841293,21.11738904490312,,35.86037481618587,,30.388293611366862,27.801533327195557,,26.334619239587482,25.18786630004479,,19.307525060027274,17.887691150558567,29.909274501324944,13.36329886043859,13.00780735336275,11.668279357950041,,10.858235442761384,,,,
2024-06-13 02:42:00,39.200892884135214,44.13787407993959,40.10888337127017,25.98825587172314,16.228539832456136,15.125659012108258,48.01051936357703,43.44175005393936,34.48536111530257,35.25117822035759,52.78699814124411,44.82162628336482,26.43178964661115,26.42240211388389,21.74388456071256,16.455304317562423,18.15673207493137,29.980419433833873,14.703016358586865,20.702618197252377,,35.34687439505933,,30.01073773741564,27.442678343954867,,26.06625962050748,24.80711262252271,,19.16265686964971,17.887691150558567,29.520642827949814,13.260772992342481,13.00780735336275,11.503607602551028,,10.618619184243471,,,,
2024-06-13 02:43:00,38.9418351837096,43.827544689253045,40.302200438899035,26.070339087483035,16.21399071515816,15.017284806103703,45.863667070492056,41.821878042045,34.645733425236585,35.25383602281363,52.253637835670816,44.268191215731804,26.31876345120918,26.604562385555255,21.85716822942254,16.56053766913044,18.24144977756248,30.06023028474374,14.723231273841293,20.4823374102657,,35.56705528481939,,30.01317911438855,27.48011986562915,,26.10677227448423,24.738337759442857,,19.094709473318744,17.850515639759124,29.582035789604106,13.260772992342481,13.000298864182696,11.406082104270354,,10.422949012488289,,,,
2024-06-13 02:44:00,38.42442923719159,43.37867563019199,39.990578199834545,25.927307169992446,16.19944159785973,14.990191248839096,42.21654831158594,39.82125103763633,34.608582433851325,35.19276518581182,51.37673124511821,43.45789037162194,26.250649838709478,26.269111701523343,21.755380129426158,16.45905397636932,18.05624803116143,29.805130698365133,14.723231273841293,20.503310740979032,,35.52625957793953,,29.8960430650136,27.426210162721418,,25.87893355615779,24.573214592713157,,18.916510501043376,17.615819718634157,29.441441168164147,13.292951823435942,12.910339010634289,11.400007214262132,,10.183325684836632,,,,
2024-06-13 02:45:00,38.08218430964416,43.17278519254796,39.35604719464118,25.96661281114666,16.122227910521815,15.066602277355855,39.401644706521665,37.96779239990178,34.30676158290635,35.271751920673296,49.95822372191674,41.6577451848666,26.26075224269448,26.267692151372103,21.701967934503045,16.35757025702344,18.080785919822233,29.35782277403561,14.752645530711561,20.579937381058244,,35.158347662318874,,29.59803596260872,27.147563658503714,,25.76586010200117,24.398797631384696,,18.839592674156393,17.507765421726617,29.211995706509697,13.292951823435942,12.872844591884814,11.406082104270354,,10.177086348363332,,,,
2024-06-13 02:46:00,38.17990438949539,43.05904905504849,38.90725794742775,25.837960456430665,16.085299479173955,15.310442578553989,38.09633228910525,37.11768014928248,33.50177791136616,34.78162742376344,48.23423991910499,39.63037637243542,26.075515485264305,26.11866236755327,21.491948916779393,16.379192053775682,18.136579285102925,29.302801249963807,14.664402745871485,20.402415367709636,,34.73054554666737,,29.17987023445039,26.841978158148322,,25.586968649251958,23.99979022489424,,18.617813307992492,17.354112509897277,28.98255934697363,13.260772992342481,12.887860177922676,11.406082104270354,,10.164607675416732,,,,
2024-06-13 02:47:00,37.73564282436996,43.405217075595374,39.16038637113115,25.943319220264357,15.989619423429303,15.293091282912542,37.02350496844201,36.160268424775495,33.76658985255449,34.5320676385702,47.30897799678837,37.90988500078993,26.29105734784889,26.11724442630566,21.73804634946805,16.4299335646283,18.21691155792564,29.52526334734054,14.91811786973426,20.61377759352581,,34.8202398474823,,29.34193256201206,26.93725942156061,,25.696668519199648,23.981511305710228,,18.608838785061835,17.354112509897277,28.993860267541095,13.260772992342481,13.03779413737061,11.52801554531493,,10.158368338943546,,,,
2024-06-13 02:48:00,37.18630477407726,43.64814271240493,39.47950548709878,26.03084230023137,16.254278417964542,15.130528997121019,33.96828358063067,34.25309447203472,34.016353259931975,34.85969245581941,48.05561695841993,37.105548610243204,26.37787305958136,26.20902482242309,21.760418822968177,16.662021335301915,18.48683181531294,29.648893523281856,14.976947016983331,20.77838379147579,,35.05545518870531,,29.52157775921023,27.070652860141763,,25.696668519199648,23.986156297138677,,18.616528394531997,17.354112509897277,29.13361372289637,13.260772992342481,13.127754465749149,11.656025218237346,,10.347807163070229,,,,
2024-06-13 02:49:00,37.22651702742098,43.503510495570026,39.91731053667627,26.10944997870888,16.544679289774876,15.352150072680615,31.067522018271575,34.725156688259176,34.16905975142731,35.04102575256775,50.0818912390348,38.403711343686155,26.531305485028724,26.551081659824376,21.831165994600042,16.948607225327123,18.62733982013151,29.928758002620924,15.171838251376585,20.53193795196148,,35.22451235813378,,29.67998051285349,27.177781140672778,,25.61227790978228,23.99544523895611,,18.53063330263376,17.354112509897277,29.126357895131605,13.746526779860233,13.480141998990348,11.875487247331193,,10.448765977688026,,,,
2024-06-13 02:50:00,37.921142868656716,42.94998804496845,39.42964245107987,26.241751884342193,16.93803900793796,15.655055878366397,30.73570828278389,35.91872580389236,34.22483901592409,34.97730684321073,51.13191675196549,38.741818482397775,26.83818233938655,26.75735954017273,21.875911961077463,16.829255186886144,18.879442475701012,29.931137883410486,15.348327493988108,20.319337360833288,,35.226714685327806,,29.518529098857016,27.105502147431707,,25.634218250887443,23.99544523895611,,18.521657013400727,17.354112509897277,28.99468586935882,14.15187442669503,13.607602759294195,11.948610277177522,,10.612971955644753,,,,
2024-06-13 02:51:00,38.30182548584912,42.72107896351781,39.556204483035344,26.16314079466315,16.73940599468665,15.71411757169426,30.195534605743433,34.46905129891638,34.41120223951316,35.13169434880979,51.242403687526576,39.171448942978714,26.890180015233227,26.863808586779896,22.153057320411108,17.053845857261194,18.991042060006635,29.816335208390058,15.465986894166917,20.14828471896726,,35.156147087255476,,29.51913952961013,27.055545122443164,,25.76586010200117,23.99544523895611,,18.666521846977048,17.354112509897277,29.07949607545015,14.027301963797072,13.517640519815814,12.161998257429104,,10.73917237412843,,,,
2024-06-13 02:52:00,38.735422328784466,42.50442379667538,39.57751979276736,26.41154136448995,17.176969321425076,15.957965240039925,28.734843437079235,31.850093874296135,34.65347369821825,35.40728881535347,51.08034478772129,40.35747550037104,27.117318331004753,27.276373561433502,22.609192222920683,17.336686871939833,19.22533843153758,29.93995849419204,15.622265597755131,19.959085756624063,,35.52184892690002,,29.79954581098491,27.44457377567096,,25.919441837998875,24.412740202793884,,18.87164338951061,17.588806157784802,29.234594416927393,14.027301963797072,14.102429931650931,12.405870040437776,,10.89061296712714,,,,
2024-06-13 02:53:00,38.23243331458241,42.2093392312504,39.30068771492097,26.52763151798831,17.382881147260832,16.061466009436003,28.58964128825687,30.477628476299287,34.750403061183306,35.611066867220416,49.59307348256448,40.22698304527239,27.03050181672006,27.274928276135597,22.663988995561795,17.438173129088113,19.3100420551217,30.029278224768802,15.925621564703079,20.10183778088185,,35.391372227793454,,29.761917533171527,27.543101440575356,,26.06964633592952,24.49979202927034,,18.92292369950701,17.6968603476721,29.199025055394486,14.027301963797072,14.027426074310597,12.405870040437776,,10.865372861414471,,,,
2024-06-13 02:54:00,37.518619375690946,42.203218589431344,38.90833272242753,26.702674155589875,17.419793939182682,16.066341921518415,29.938719820172764,30.75770674307273,34.836187679904924,35.840852718770975,48.76205110656042,39.895721469375985,27.040597296147098,27.324121152214275,22.887713922968715,17.72101840380003,19.401469323965216,30.272463970716927,15.916415266652393,20.572496551745644,,35.38916744016137,,29.882692524139657,27.725747662812864,,26.265413566877214,24.58684189114456,,18.999844107771423,17.77790089644077,29.447000901022875,14.027301963797072,14.184877887899347,12.399789575700197,,10.802423391726848,,,,
2024-06-13 02:55:00,37.34422355057575,42.82283076822341,39.44819961827807,27.02602019163828,18.12202249011193,16.228906874480458,29.158232484453492,30.464855409709344,35.04492185644517,36.116461709504165,48.749082672078885,39.57946070174785,27.538265419922027,27.80570376688729,23.08038874439353,17.844117891307974,19.682471061998626,30.982954866531003,16.24918756396619,21.141606692038295,,35.82322013691737,,30.4240477596054,28.18703441895832,,26.662017337191628,24.981208783575312,,19.307525060027274,17.93998175316665,30.00919938914194,14.027301963797072,14.387274014794684,12.710709477495584,,10.92862566222368,,,,
2024-06-13 02:56:00,37.62903238815909,43.139499120371056,39.78859895390269,27.558478821345716,18.1807874891922,16.645078039005284,27.433244784215276,29.261757813831082,35.2648024293926,36.34267124196026,49.289010107730746,39.021199597655595,28.01727099650134,28.224873903799562,23.357535163587272,18.156098522850925,19.9413102727832,31.184693891243995,16.552547921565747,21.443673676020353,,36.28078591835356,,30.92533331968616,28.68643550651268,,26.948926304327415,25.196834895317807,,19.485734075984055,18.20169242097154,30.319374928471007,14.027301963797072,14.657159597360987,12.954580793721561,,11.187262429926704,,,,
2024-06-13 02:57:00,38.23243331458241,43.393175421108026,39.95706364136686,27.68529464905646,18.611057119378074,16.85695272481314,25.895325326905777,29.110475577388115,35.62635055561577,36.613720831356204,49.99091326055941,38.75487921501326,28.14749347883935,28.529521338941777,23.715493197128808,18.058371529173996,20.235768382842366,31.399984693747,16.778657959953534,21.702954756930467,,36.60786308420825,,31.025469918509316,28.907165463452657,,27.191958668444386,25.453660911639872,,19.639577014265797,18.363773503859193,30.567331649733205,14.027301963797072,15.009486567807244,13.167968025176378,,11.281992385534409,,,,
2024-06-13 02:58:00,38.253533801831736,43.80369053333243,40.13269589679703,27.96932468839009,18.6479525374657,17.051494767657232,22.43179958082078,30.068167495916896,35.57423777676536,36.63156319023233,50.50942751766024,38.593157633587,28.234308378451033,28.685143397788124,23.73786554530261,18.163620862559355,20.3026499246065,31.18150494644169,16.925732796894636,22.18517960627878,,36.61405901876856,,31.18805742539689,29.108829930959473,,27.34043934255078,25.56362929802617,,19.784450794661552,18.44481392487478,30.74900194290649,14.027301963797072,15.099447693449065,13.289903514654952,,11.376723778698988,,,,
2024-06-13 02:59:00,38.57674453259767,44.501662145970386,40.508090848930806,28.303409648126944,19.07435199043607,17.223827780976876,20.99030643939659,30.48752724106157,35.44011659677744,36.616281337227065,50.11161772841206,38.129251377080436,28.614892047921785,28.91271629558969,23.93921652572044,18.464324023273775,20.677454767630934,31.43584703817868,17.12064894387845,22.863139230318666,,36.65664329763081,,31.509657949731718,29.47086287027014,,27.581768585731425,25.825113231400337,,19.93829426610455,18.625487083172175,31.117315601883092,14.027301963797072,15.436827262509496,13.661797278995664,,11.58487857744717,,,,
2024-06-13 03:00:00,38.473617778115795,44.959783910448095,40.64120840882515,28.27300054427269,19.140417241448176,17.43570120683796,21.747316935795425,31.413109199475002,35.41032377477268,36.45377498119319,49.54345999657812,37.721188863803036,28.404865622698253,28.939112693995867,24.221370153956286,18.641928105215356,20.84248469035242,31.63756665062536,17.335770215896673,23.18463977812462,,36.88737256033778,,31.671624660059024,29.569289013644266,,27.644180821745977,25.79753154471473,,20.05752968985462,18.68793470618175,31.341796794656148,14.027301963797072,15.519265810021352,13.73494118632425,,11.837284039825704,,,,
2024-06-13 03:01:00,37.89392286980524,45.61625802142453,41.40559666490708,28.47138436743262,19.13312318704152,17.354417476832737,23.413232409792954,32.08679521289491,36.1742668459508,36.7095075989223,50.11161772841206,37.89555011349239,28.687003966441125,29.37146317823135,24.382971664609613,18.718044115311955,20.965174214678996,32.18530888497227,17.49383160323032,23.809517427695937,,37.556534363028504,,32.17225943692483,30.030551175599157,,27.953025096562214,26.12313453809702,,20.306226599076126,18.858433875557694,31.651946122474783,14.15187442669503,15.594179821211128,13.97881582717605,,11.78680292535762,,,,
2024-06-13 03:02:00,37.819930473912336,46.272647184014204,42.110636342937596,28.692709025830254,19.272965381564745,17.620477313968195,20.675972174392427,29.710502324123354,36.79656523145127,37.20563032733776,49.59432128830713,37.38821660829126,29.05285677640427,29.717140366177546,24.728528311361288,18.997136023848157,21.136939427266952,32.762493627524094,17.708953485638403,24.60153526193926,,38.1013295525222,,32.514998318459675,30.36156369084938,,28.322564097536542,26.398229406589508,,20.511348519035437,19.05594311454388,32.10493758699886,14.254363535203538,15.826547812125,14.161721671490568,,11.843511531139825,,,,
2024-06-13 03:03:00,37.93762662034976,46.875237778252995,42.426248889382805,28.771313992828254,19.478872268668738,17.81502500495469,20.769292903215955,31.900253316058752,37.120731256759655,37.52850675259765,50.26269412498414,37.715355845812155,29.18306955511025,29.895542693097013,24.969622385735875,19.174739860486397,21.284166639531918,32.941047772918296,17.973689909335462,24.875131802223677,,38.323612805863604,,32.75529150962893,30.537024133786872,,28.344502210254632,26.5862877046593,,20.562628923337797,19.082956013269268,32.20185517629125,14.408923207040061,15.961428400337127,14.283658836106497,,11.969713494440498,,,,
2024-06-13 03:04:00,38.20866030909417,47.265771554248204,43.145018724938836,29.09461972787949,19.65904062234563,18.177032510172467,26.642154864008262,38.043352485251035,37.55301446462977,38.17746612357655,52.05427395121387,39.51385136992394,29.82718104061928,30.229548260589354,25.269143313122413,19.48297362919311,21.732590672003198,33.351697203637315,18.15939997694386,25.06074147075924,,38.72792679302347,,33.09341611206537,30.85781885282995,,28.56901284125661,26.779011166319833,,20.766503676199136,19.272046054499697,32.37731373048882,16.026790839848218,16.246357236960876,14.436080218822553,,12.348319796554279,,,,
2024-06-13 03:05:00,38.28072620976036,47.28106910061115,43.83225697781336,29.33743190787095,19.916423705337593,18.25831707788393,29.468773541308565,39.99253931455337,38.06727238901544,38.40716589616545,52.41534474149125,41.194575038321545,29.890728689555544,30.506280860067136,25.296496364107043,19.787439011089532,21.78166663037598,33.603589735346816,18.374527383869236,25.08539773524035,,39.19827587197983,,33.25475814636684,30.876872387025287,,28.59095138817247,26.779011166319833,,20.98058990251502,19.326071700256307,32.6058453915316,15.872226711005169,16.41874699524442,14.625078778729176,,12.373560238675509,,,,
2024-06-13 03:06:00,38.48963190393238,47.44528539760449,44.13400089076504,29.431911369472118,20.05971576522711,18.361805913728972,29.981490936034106,39.308902669263716,38.51432475543447,38.57564943128409,51.95412310858251,41.239481508006065,30.006182182240536,30.71761210448608,25.427005384499125,19.7582947474981,21.799461062175396,33.60984937089711,18.433358219534284,25.27716170687063,,39.488830431849465,,33.33599593493227,30.956187200212298,,28.56046107158909,26.769684064037847,,20.9138720785254,19.34290190671436,32.63237149582301,16.081006531282128,16.27621941485836,14.747016445340705,,12.46172820281879,,,,
2024-06-13 03:07:00,38.839246257389505,47.26676255095208,44.284812874901945,29.79448344233674,20.199544716882883,18.65984713092905,32.75576126912779,39.59549935116911,38.9466552358449,39.077387888786006,51.781904689265275,40.57552901872532,30.28673270603963,30.781471588519707,25.709123398778274,19.982868344020517,22.01355602802448,33.5683468385277,18.541798242199548,25.029578485734874,,39.65800256015177,,33.495052535445666,31.093546417836933,,28.56046107158909,26.792608557283074,,21.016430965415566,19.315889449122096,32.65175498736971,16.40825715007759,16.508705463742217,14.899438455519885,,12.663649117483146,,,,
2024-06-13 03:08:00,39.55305666447509,46.813515558999825,44.28125936949709,30.03027670620031,20.50840354836373,18.822414949455037,33.264140151906076,40.87503600128025,39.200222548449574,39.62153963052856,52.79455581668503,40.418566685774294,30.78743679230638,30.994336176279603,25.81227559761055,20.066532066363493,22.14973594907508,33.89214564795256,18.747704667608105,24.79499581727123,,39.70124446517525,,33.53396412056645,31.196791467492403,,28.606047775790557,26.769684064037847,,21.016430965415566,19.39692679512882,32.62114930145026,16.40825715007759,16.7635198197072,15.173797869167629,,12.916050507968862,,,,
2024-06-13 03:09:00,40.17105740877366,46.97347767451856,43.94811238716693,30.74843326782684,20.92021458677391,19.066266520850036,30.501655289385553,40.7677554109066,39.42024300616049,40.18811660430515,54.24447956529343,41.118786906880814,30.942505437246155,31.52805467994699,26.192566863897582,20.370996986758882,22.419653035385863,34.43360080953465,18.97205890933219,24.861092234369153,,39.94098616559859,,33.71191479424397,31.346125880499585,,28.71916030692364,26.888971036280964,,21.118989731179227,19.53198885999609,32.73031051587577,16.687290158276483,16.988483361711133,15.362801187519608,,13.307088232877504,,,,
2024-06-13 03:10:00,41.086463971635794,47.13505579503408,43.58338152205761,30.891715115414172,20.8576115150629,19.31011790451771,29.185562607381144,41.124268985384106,39.30115361607318,40.40488320550435,55.254407432275684,41.696592098523524,31.11928368228496,31.47388188323157,26.30815566396791,20.704612322652906,22.74539566389342,34.42980135068407,19.089720876390857,24.42683878158323,,39.77254628375658,,33.58890788477811,31.22471274191048,,28.56901284125661,26.779011166319833,,21.016430965415566,19.450951647847887,32.56808510681503,17.385758098246242,17.085973763373886,15.58838956009663,,13.811885692821875,,,,
2024-06-13 03:11:00,41.63041109535959,46.795467402947,43.44647642315795,30.84545310100725,21.14804268500916,19.504677838945668,30.01542516748009,43.69984006519235,39.16710635995105,40.203434566367605,55.51655319334759,42.5584672082,31.209256285603487,31.54587729323407,26.544308293528957,20.90759002352354,22.89937504162117,34.55922378015197,19.293890971930296,23.88364180401004,,39.56766311692081,,33.46645559569015,31.04612343745839,,28.52513571946747,26.71489903512429,,21.007471227309452,19.334486979435496,32.32422964825946,17.385758098246242,17.101038080256785,15.905438148690564,,14.266204344800144,,,,
2024-06-13 03:12:00,41.5651531316588,45.82535190234148,42.650418911511224,30.16843911298338,20.86491723197696,19.374101086065593,30.61072309549263,42.70705164436731,38.04518717072165,39.28799702533638,54.28349412181797,42.32594472846495,30.763547908921737,30.643656667473806,25.99869779938149,20.817439111605267,22.580378271774634,33.60313998658768,19.00895500797128,22.96047858114207,,38.64805898226609,,32.56697076520231,30.28307626533251,,27.819689204557108,26.15071840569226,,20.58055485966679,18.929296472429996,31.67636835068879,17.315503470676504,17.02614154336129,15.704239804170129,,14.165638646294724,,,,
2024-06-13 03:13:00,41.82743979321049,45.304152988914666,42.26828079609868,30.03466645744038,21.243688968551396,19.4331882989419,32.384752635475024,40.25210097272611,37.84015405120567,39.00878487211435,52.93902802796174,42.268960392396366,30.960454137246188,30.5225148786742,25.976326671437164,20.893557311569452,22.70306939504917,33.190023463262605,19.18545210095226,23.12768559758024,,38.48115647996269,,32.548105640564245,30.279096567248416,,27.949614755668335,26.12313453809702,,20.640796596292603,19.126801996116228,31.640703627757375,17.66679957383394,17.14608934049261,15.734725334669292,,14.260390453021273,,,,
2024-06-13 03:14:00,42.25862176561759,47.085931263468865,43.94811238716693,31.42803465784641,22.324701897122395,20.29042449304552,36.9264662128337,41.705818496141546,39.968153681287276,40.84079751627428,54.11655192648209,44.59458605579903,32.23936713965713,32.23366432872581,27.139620801455976,21.79940231408773,23.695619969980726,34.98480864820763,19.893166575369378,25.260389731971827,,40.104110668585236,,34.34990667193051,32.261635814537385,,29.449980028844948,27.306279850552528,,21.640736817488687,19.87473786544706,32.94047856911038,18.427489181342935,17.963110532423116,16.509037082691975,,14.979130078423509,,,,
2024-06-13 03:15:00,42.85378361477399,48.56493794295875,44.57928341876823,32.37822116274083,23.008771391503615,20.49737319342728,37.72192866649698,43.76368481547365,40.6725433949573,41.97530240116839,55.49215457978312,46.75314966509586,33.2111590824436,33.311167793129016,27.76223443092522,22.32464115279072,24.19063026167987,36.19272140638975,20.383997490200954,26.490854601469437,,41.05326629917181,,35.39181264915442,33.20633426094082,,30.238038747369046,27.952836132998527,,22.145785276454717,20.278136685572463,34.08008706886267,18.632148929141295,18.442716549310035,16.905295300404532,,15.502107055641318,,,,
2024-06-13 03:16:00,43.20724725053924,48.85241471139034,44.90894397437842,32.6405933003075,22.75871628581649,20.50484949866359,38.75396132155129,47.16731038809576,40.18420791828339,41.442764086698844,56.51895095993132,46.76862703713823,33.274648125130625,33.38815198944849,27.816856214878044,22.204208012973936,24.257480618872023,36.0937124601561,20.405897170195203,26.532266681585497,,41.106334172107836,,35.294460928365424,33.12210831306447,,30.210931496957073,27.82419886621119,,22.03670698941687,20.41140376163412,34.106578927514875,18.788652427186207,18.19512290711191,16.917460561033522,,15.804536113451604,,,,
2024-06-13 03:17:00,42.88226844196947,48.51499123472286,45.61028068534688,32.272223696748824,22.39486145339265,20.57632027499301,38.46899332623366,49.88956712252593,39.8630998018989,40.774670464029214,56.43228921720606,46.2194018993946,32.97925928434256,32.64650629477546,27.750913066036446,22.1750480390715,24.065441923798744,35.84685257037063,20.33783565773956,26.368370290990697,,41.0773522632262,,34.87950356753163,32.552588957457374,,29.846153358832453,27.479909644283453,,21.84176883770806,20.16651343356807,33.89528998071455,18.788652427186207,18.022585117359085,16.807692933769204,,15.810736952837146,,,,
2024-06-13 03:18:00,42.24519129075645,47.26636771440781,44.621507717265104,31.280886853595348,21.920485689302495,20.522133758113455,34.28164881996963,47.057592650342485,39.039395495501594,40.04907527906198,54.924773049267515,44.1790071225314,32.294874861708195,31.667360578172293,27.093508027451662,21.895968042727304,23.753225060150157,34.80655040987722,19.994092748631374,25.38931029237756,,40.14501319090732,,33.63862222171292,31.206957096962014,,28.700313471688787,26.4802073645792,,21.09055596772032,19.58068523267775,32.855763307495636,18.734476228386484,17.45288459734479,16.58214209276366,,15.817372802732848,,,,
2024-06-13 03:19:00,41.21558106565669,47.37398246257544,43.22976572194011,30.825118803469877,21.560162667895156,20.283197423876913,31.399342238427607,43.50921492924704,38.502866370164384,39.92422192198774,53.527845745848936,41.81112345725296,31.642252122650234,31.104241142159026,26.919510280684563,21.696786232179306,23.54590685925473,34.06341293210764,19.896619062971922,25.120828657483344,,39.48427794949157,,33.0596514660283,30.79489557977604,,28.194067987593826,25.952970926128273,,20.714954534509616,19.210946347356185,32.10699685566351,18.616098789931584,17.288046322913942,16.393137658032856,,15.886887780711618,,,,
2024-06-13 03:20:00,40.881136993846894,48.265415792553995,43.45413142082998,31.292852455409047,21.98307023342909,20.431045660197697,30.30699029935454,42.63330892317845,38.63313113315189,40.46242545917812,54.5523188311638,41.06671547061069,31.87456889248392,31.60694309378823,27.09964276687333,21.76154121123352,23.757488286289572,34.392407217523015,19.966401905510793,26.245802980026838,,39.827884478121405,,33.68317776959293,31.472754132188584,,28.784625380842954,26.38385034825069,,20.95587221343385,19.43544288142448,32.53643892198943,18.788652427186207,17.407831129982014,16.508967090396936,,15.754060082345632,,,,
2024-06-13 03:21:00,41.284664900794496,49.26107559076672,44.9685332898689,31.958957797071434,22.45012111965343,20.68725704745566,31.033024505764843,44.544514396201976,39.28492144539814,40.77799669446472,57.48028761042201,43.2672224786038,32.53558989417343,32.294616208039315,27.67741815408681,22.15231463422026,24.147559603476225,35.565804680157214,20.31013855826268,26.90045955016012,,40.77447184034577,,34.50462598822742,32.19668463239395,,29.3093599239387,26.773540675773347,,21.375004469440682,19.686945818212735,33.203571734743036,18.820752016525148,17.56512772935298,16.64917320734685,,15.860777459051747,,,,
2024-06-13 03:22:00,42.015788763783576,49.54946024089577,46.56352318490008,32.39811766857315,22.630275788553263,20.894181375458288,32.14356645798557,45.51893070788083,40.69292711903245,41.25129798097555,59.81552954585277,46.028930668636804,32.871115486998406,33.21639528794617,28.201711199127203,22.406013081065794,24.551133885162585,36.184290281686856,20.556395447643126,27.37875885185167,,41.85377073042514,,35.22594245773371,32.92060375708343,,30.03149442746917,27.369531227587686,,21.89667166422214,20.073494056897744,33.87780780876483,18.993299477109304,18.08238330931181,16.874716827749808,,16.137944789139397,,,,
2024-06-13 03:23:00,42.961657380665315,49.504965354346496,46.549526120263636,32.39811766857315,23.11926621850148,21.2094665115809,35.4972393701953,46.64948460458618,41.4791499805342,41.86123503468616,60.969899762493924,49.124937221985874,33.3718087446789,33.38010979987371,28.277529109994475,22.655918970987386,24.75841837396922,36.48007618453232,20.655580126798668,27.45640296987949,,42.30283952378636,,35.504598938660365,33.2143841451757,,30.451716641751773,27.685771278228458,,22.085067475260075,20.37060244443819,34.11447442984627,18.993299477109304,18.104655556647003,17.112467160443202,,16.49745227022936,,,,
2024-06-13 03:24:00,43.66062107419714,49.74059310767643,45.84490811569958,32.76451538504921,23.39127571961103,21.45820203082326,38.23224307090322,47.92961257506067,41.513008274184585,42.49966298272352,60.476468735121216,51.78296605839887,33.6921388079445,33.56017055884354,28.47277192072761,22.8335064453712,25.101903199487424,36.56563127235182,20.79170323268727,27.372220235248733,,41.946494720787086,,35.342781984288195,32.959703988063666,,30.40957625126748,27.736290784921493,,22.161973931125885,20.443228139866278,34.08800853798448,19.147821535743333,18.4271035596164,17.33195035802146,,16.97694331315347,,,,
2024-06-13 03:25:00,44.69219643705753,49.93344375041488,45.4699186911439,32.798859583282365,23.57875651048039,21.820221442028355,40.976162433921445,49.782486073677546,40.65638006473205,42.536500114817045,59.54032934662018,53.64870029796566,33.675312575661565,33.53394069656565,28.409462498352468,23.27238311822714,25.34979183198459,36.39693354971996,21.016070369396857,27.041999784260952,,41.436096160350644,,35.01966524962745,32.74310797066255,,30.191950843860468,27.598756295515614,,22.151826600006643,20.45343004377719,33.79019112690503,19.94854421682794,18.73466253286597,17.624621410288228,,17.55738115882707,,,,
2024-06-13 03:26:00,45.45299651921755,49.70807659867296,45.70492928129579,32.813552628524576,23.67061689161369,22.16007241360478,43.239494407518805,51.25703054197652,40.08646890769205,41.88655675164887,58.039950848612534,53.81846565384967,33.76698917168551,33.46513259488415,28.34121880733801,23.541275844725305,25.615457659844196,36.14266873386862,21.290032192932813,26.706640803109167,,41.179725470077756,,34.91732978480786,32.58765544556718,,30.109387238980617,27.699794405752982,,22.07491801095739,20.490641910101658,33.57397249910264,20.31589120309036,18.99716479119479,17.911189609465737,,17.98689374176945,,,,
2024-06-13 03:27:00,45.64391989855562,48.83957517344879,46.136273004675786,32.45294723355073,23.58231710323389,22.229004574556825,40.81367507666164,51.20773384879817,39.9597541796727,41.3365199313248,56.41636785933133,52.06944988362375,33.453115145186985,33.21129551449371,28.456853909357505,23.367478461047085,25.660307123229018,35.80402562667956,21.30850839586219,26.005422191037724,,41.06214505008211,,34.61641315065981,32.30186490408232,,30.02164276144049,27.539334791038073,27.282288469054492,22.04928179946046,20.571673828379062,33.36076186749506,21.676770818125533,19.244585075599616,18.020976222014497,,18.245950817565358,,,,
2024-06-13 03:28:00,45.76078700673577,47.8296242754368,45.22809449913484,32.122761391574386,23.659529506709987,22.25609768770198,37.09021400002689,51.187907106257626,39.87417087407243,41.00081826616065,55.0546879324022,49.31435736669755,33.25779270890985,32.87726979291301,28.210790857729762,23.42581499227572,25.568932460683186,35.593719120553885,21.28833207433422,25.33768138071673,,40.85279623620795,,34.25541607750256,32.035125466103636,,29.954109713944035,27.46589397601292,27.39605461901374,22.169718704123625,20.625695062593877,32.98840120499972,21.48837055394688,19.28966006005021,18.252702111021335,,18.202160189133224,,,,
2024-06-13 03:29:00,45.693408244487046,48.545947704484206,45.15796589116826,32.417522610146534,24.27347688276768,22.753611266229427,36.42332570471217,51.02642793236805,41.312780739066284,42.049140786801445,55.2316189863443,47.11370125236226,33.87874819767262,33.745076916594826,28.69306385995128,24.046127388543937,26.178131259404154,36.31376785528943,21.836273071054848,25.956086997044167,,41.565205023972794,,34.97406392289167,32.82830026425063,,30.61737396114131,28.117079167194333,28.209061489987562,22.75815059044453,21.122093523196327,33.485237397799665,21.47234332710741,19.957086588814946,18.69171065037176,,18.52407600676429,,,,
2024-06-13 03:30:00,45.37222140762958,49.075112041712146,45.22809449913484,32.94118404714959,24.589662511369397,22.839811004856756,37.37320320443223,51.025852113393285,41.36913542272441,42.790249149795045,55.61684318130551,44.93625231717124,34.08898998009863,34.1937283886557,28.862173999922334,24.104474645447453,26.327918215983345,36.76365885627689,22.169077309447857,26.001721659246414,,41.60854401261054,,35.172087536966046,33.03485115146441,,30.975277683514378,28.259293003262428,28.346062379524938,22.970993572238967,21.473233160427753,33.73010628977772,21.44028887342847,20.159436274089103,18.94782039833899,,18.707442097657577,,,,
2024-06-13 03:31:00,44.8548076849778,48.62020787540587,45.19301790585678,33.078741987707645,24.527109233956253,22.73143664200836,39.45476117361045,52.24794577702005,40.947960738614256,43.0282480312369,55.053826458957246,43.80883510918511,34.20754705041327,34.28705500427918,28.875821984548566,24.155218630546187,26.34568007039593,37.01795193651566,22.20773525689765,25.777424353692368,,41.60854401261054,,35.27221500770065,33.16822695844348,,31.08669289527643,28.53904575277147,28.55038159551441,23.124812279797425,21.707931647886653,33.96270856202227,21.48837055394688,20.077029337970544,18.91733573560441,,18.33504016964855,,,,
2024-06-13 03:32:00,44.505285684626074,48.166540216078374,46.13282893529913,33.29490409687128,24.427904278333017,22.56395727814163,41.96574544069176,53.291833527628796,41.32037340721104,42.70784206078565,54.92570650450489,43.77410876069098,34.30276911976944,34.49175589355377,28.93913380985532,24.020755738911475,26.38120272570484,36.942151293886866,22.20942028695663,26.138975571488118,,41.85202913607918,,35.49470815491259,33.52623584554203,,31.41227771929789,28.713066377516952,28.720088959507848,23.390114666087356,21.951028336060062,34.152448710467525,21.349845051200646,20.0619302138914,18.905100941930186,,18.069783672054086,,,,
2024-06-13 03:33:00,44.72614756562484,48.650720033743255,46.027600733453255,33.739990864449965,24.791974678527822,22.96543817689701,46.19372370600627,54.06560849079028,42.26321211910317,43.16718968566806,55.821382826024546,45.12668669256709,35.0840742969724,35.08944706042598,29.417629614943962,24.161578097736083,26.68662781327498,37.4006077305753,22.41532133045598,26.87792887066371,,42.559885028852705,,36.05320332641895,34.067754074388176,,31.960685929586816,29.05221736250951,29.14292729243971,23.809227719199498,22.239751484000408,34.64932134386936,19.870570155040696,20.23429152408744,19.088006778949875,,17.91786019346489,,,,
2024-06-13 03:34:00,44.8131168527276,50.177601294570195,46.132798472347986,34.275484001210316,25.034679162683005,22.987610862617885,50.547677824615675,53.488509973736655,42.83711170110905,43.57347655703552,57.351502864729355,47.086310818971924,35.05579767636914,35.405469864308316,29.76790940239607,24.360743081156897,26.880338215707297,37.76852640228026,22.72038675484123,27.877498926185126,,42.9914850876778,,36.59659815725445,34.589190545849306,,32.324885845708195,29.4049057795919,29.542521108684923,24.10015478022524,22.553653346677493,35.19913035911304,19.743972070605196,20.159220732835138,19.17334068874129,,17.78499618565229,,,,
2024-06-13 03:35:00,44.818439908620576,51.490342240999325,47.296912076194076,34.61640324045106,25.22590323674308,23.2708668926648,53.54021686893407,54.8248023576632,42.97088442674567,44.03976720561286,59.433156943228596,50.17896323691048,35.47484353919663,35.72965461182412,29.95667129923686,24.454617589806162,27.031746492972275,38.31125591536045,23.082603157359472,28.76821262568319,,43.559494043141285,,37.15941822024661,35.07248391961639,,32.69254028776504,29.74403372212919,29.712187194666512,24.40893675961979,22.940185865138574,35.75300841277294,19.743972070605196,20.511485620994108,19.325761209945995,,17.98021515799701,,,,
2024-06-13 03:36:00,45.5990779927198,50.99030679989119,47.91405943594782,34.39141493760826,25.33618581028327,23.357067363113515,52.13658395071093,53.11003778550457,42.42268524994461,43.57212661806034,59.16022653573509,50.005626131990084,35.52155135554858,35.53807964052794,29.616237225368195,24.530729303321095,27.11891612929014,37.986113461601974,22.876704097853462,28.11995685089596,,43.45016904535555,,36.79899911335497,34.611213005749505,,32.49512973960964,29.528363941417865,29.61927989512833,24.34096184641885,22.85076639228282,35.57856846074719,21.223126090525966,20.556575232017167,19.459938633277034,,18.42210969978248,,,,
2024-06-13 03:37:00,46.22156562021064,49.76500217599914,48.0193814790282,33.87854542145101,25.446469723455493,23.448192360855955,48.140753822896386,48.0253012719902,42.40405635528032,42.93488253168789,57.59438107941719,49.611088156390906,35.140956813059574,35.09106962987039,29.378909127970473,24.512968626353654,26.80673028140609,37.514260653258134,22.836369681312817,27.30329738646924,,43.146794297268116,,36.29786935436687,34.07775431015216,,31.923086617126955,29.152254507814632,29.085060237030575,24.050046201734858,22.599282634101655,34.954229466783545,21.714875148831652,20.31669577835578,19.40508994798779,,18.630698998816797,,,,
2024-06-13 03:38:00,46.369791148689046,49.82982527950162,47.67930763636468,34.066203128025336,25.66342431195585,23.62059947242824,45.60364797201714,47.051245838088334,43.28759642790942,43.48839559203179,58.11363197015089,50.955283405955925,35.349591432355055,35.3759870424924,29.56167637310591,24.770484423778043,27.041115969193925,37.98006077180031,22.924613235312563,27.418717062842916,,43.60060665895958,,36.55654988709239,34.375592325585785,,32.23365839370081,29.409070285671078,29.384650728438373,24.314170547379035,22.82559616761546,35.19913035911304,21.676770818125533,20.759145350288918,19.56975507841912,,18.94642987394093,,,,
2024-06-13 03:39:00,46.3550645360657,50.61896397863711,47.4829142622566,34.461177338853076,25.825182946388622,23.869365592537633,41.93839568565204,48.51683437068118,43.7836418011575,44.24706742754984,58.830917548920524,53.317238119044305,35.5582340869646,35.832866239021314,29.86120841103616,25.08636357210446,27.36008768218892,38.26496394749529,23.11959727179351,27.825964187933096,,43.594681578025074,,36.83472300926678,34.58621308569536,,32.30120694858442,29.533054223774343,29.547240272690942,24.519253255601143,23.060303571645363,35.37471482966248,21.99619278635737,21.044124179548362,19.88684995245808,,19.19263259991976,,,,
2024-06-13 03:40:00,45.846786695901756,50.70241394168943,47.030629936008154,34.56140384229411,25.850919604709134,23.982666378275212,39.82881460321937,49.76166067835811,43.00143036284703,44.415951356721735,59.61961339350114,54.34449883697971,35.28778170177111,35.77720468454231,29.86120841103616,24.904954910819924,27.19511577053197,37.60232840738189,23.11959727179351,27.404879075723784,,43.10545157423394,,36.47263982592858,34.205142884480665,,32.01605130163853,29.372607397001957,29.34055716611192,24.391076619817795,22.962490476421863,35.08806076185829,22.48193888775222,20.894195497202645,19.923458182301374,,19.33788545804657,,,,
2024-06-13 03:41:00,45.29305643531018,50.20912677388196,47.18498345693661,34.46315047323151,25.593552872751616,23.874291709697104,37.38059102984198,48.767739416838594,42.14434074812584,43.75763285726839,59.7872910839078,54.51874648495186,34.97227735019669,35.14512142968465,29.637513387400986,24.96331356390442,27.041115969193925,37.3028292156817,22.80528047239386,26.75288549849438,,42.61155557343909,,36.01150313487551,33.633531669880085,,31.53347661496491,28.794893872404828,29.017741906500305,23.98091011180759,22.494904003978718,34.56878821531518,21.893996306345343,20.48194648383719,19.655210574731427,,19.12980049473117,,,,
2024-06-13 03:42:00,44.578667792560736,49.44185523012811,47.12891135281643,34.45431134903447,25.516342788711427,23.955572714629398,38.29081237721084,49.97824347171945,42.170321826818736,43.10845875304153,59.747992116962905,54.91993885588772,34.80705111965085,34.85364497684941,29.49456829011524,25.03562040941995,26.931994632279725,37.229472710310915,22.796033855421,26.40662097495624,,42.60923886566343,,35.851848573219286,33.41592386118009,,31.310650580153833,28.629762087359268,28.6693376176936,23.921870642447175,22.484680057395508,34.30860465681053,21.283936541441562,20.50438045924534,19.53326801033404,,18.966011444653077,,,,
2024-06-13 03:43:00,44.461129364641124,49.64811362346563,47.07630345965026,34.44547187408807,25.6707629270461,24.16739392378895,40.67723606954314,51.86443230614486,42.90093316648108,43.31578700926957,60.09639789947482,55.091951855176376,34.982307235512735,35.11728460138215,29.615143866220933,24.959505652735857,27.152824520559648,37.56693480491714,22.74645035077424,26.54670926656263,,42.8619831581982,,36.010401544747765,33.576370158227746,,31.4878685020758,28.62039376846451,28.720520911540916,24.007708417620506,22.521915588423326,34.35146677532839,21.283936541441562,20.534366255179975,19.655210574731427,,19.003607763526134,,,,
2024-06-13 03:44:00,44.461129364641124,50.283442597937665,46.78521618201057,34.3884890802924,25.722236280049174,24.433398747504725,43.122647516652705,53.79569980829706,42.987050150105915,43.86372053413061,60.529413976526484,55.41722199887772,35.22267486430428,35.40057279195753,29.771730442638955,25.00644056556507,27.237406312335906,37.77112532594248,22.913693346308037,26.69983635521794,,42.90074073953974,,36.08995532561039,33.832090855876686,,31.573870522046946,28.730311379798422,28.72524878766353,24.033343342238368,22.575938730512917,34.53411455620153,21.338072208600806,20.519261910061005,19.655210574731427,,19.009786479732952,,,,
2024-06-13 03:45:00,44.93575725917469,50.24672940940127,47.25877476091955,34.5977882897746,25.939185145383135,24.342260404614876,45.5636429083288,54.30141892533311,42.90517328461351,44.204349564503445,61.62490646215588,56.020867909671324,35.27775378106753,35.57252396044464,29.937048073763208,25.256344580242512,27.426912701336732,37.695312246261835,23.00193791441052,26.557410661322137,,43.020660083378516,,36.26854228844559,33.802001861311965,,31.57560904905904,28.661550039505983,28.83665401079452,24.13588296491207,22.575938730512917,34.58516734584873,21.524688440777936,20.654309399282056,19.746667463766926,,19.19263259991976,,,,
2024-06-13 03:46:00,45.8800557274086,49.404164600913646,47.21671149681333,34.32462887679662,25.90239291143257,24.509748258658078,47.12581561914999,55.66956459125754,42.353748212465916,43.67086810272667,61.62490646215588,56.15798825870752,35.224320244205956,35.46772953130653,30.052722395281307,25.390822406413236,27.556377722548746,37.310179806808605,23.04060076816222,25.819659064117786,,42.648962189453414,,35.886925188639,33.36775189737864,,31.244845384806922,28.308376046379635,28.699658558165083,24.007708417620506,22.575938730512917,34.201555933109375,22.277581837213802,20.684295175397665,19.92958115372221,,19.47025307607032,,,,
2024-06-13 03:47:00,46.232283403033875,49.18744552240378,46.62739145148089,33.99250011995309,25.861976244547805,24.482655164641756,47.87825537782419,57.07884910856819,42.11149393980941,43.01810975395324,60.67886958478539,55.215293109872164,34.920482890393714,35.055058219328885,29.901039643829336,25.492308630482967,27.402376616054767,37.02653495639373,23.04060076816222,25.516203474238864,,42.36670960145193,,35.50752142284,33.08897488401044,,31.064159125711285,28.25785243538712,28.17018322755348,24.016640482741423,22.575938730512917,33.863828819445644,22.277581837213802,20.691848218129508,19.783275187312256,,19.520729561713893,,,,
2024-06-13 03:48:00,46.097924516037665,49.59052716608721,46.28363963555557,33.99938489167107,25.997998607307636,24.694468330305426,46.86804149531167,56.55180670251298,42.353748212465916,43.289039369677084,60.440313472004846,55.6617030272846,35.24602287894527,35.012481456244814,29.901039643829336,25.517680182277672,27.549593084068874,37.18914917711845,23.178426921874006,25.6316245499288,,42.36440094583713,,35.5481318664456,33.237404926513136,,31.084357752966298,28.294324833052997,28.518576919409497,24.102475869270165,22.5675451009306,33.956665455331404,22.277581837213802,21.036803322334208,20.039408436748545,,19.704114097450997,,,,
2024-06-13 03:49:00,46.97283629515175,49.40601240599699,46.58175568979368,34.4838165453466,26.281099497713512,24.78067907042589,46.96893398362545,56.53498584676254,42.421179694681086,43.68621170162578,60.75979051889817,55.84489443824941,35.55315849808744,35.21881553723961,30.01671364499134,25.880510109591228,27.86438588971373,37.306540293571686,23.334750708724187,25.446297384972695,,42.48893367325104,,35.74673447057285,33.32163257268212,,31.064159125711285,28.36308400175767,28.585890935271436,24.264057322705412,22.658805128031872,34.003613464952195,22.24554219942229,20.92441254108917,20.283297276481107,,19.9312633173206,,,,
2024-06-13 03:50:00,47.241318639124756,48.64158563975434,46.616756127812096,34.32659554281713,26.332572343887705,25.002356990351927,47.23318987097309,55.63064240279505,42.00013395965402,43.68401268689581,60.336984029353516,56.48518276998266,35.46634537271461,35.41860384412553,29.93596314232559,26.036556572029326,27.86438588971373,37.272308573837165,23.39358063960958,24.950977039642567,,42.363023245939985,,35.54590391438251,33.0017070361514,,31.064159125711285,28.284955622542384,28.72524878766353,24.205013994018373,22.82087737294887,33.82914586670404,22.24554219942229,21.381765604240854,20.41136720248892,,20.22795910662694,,,,
2024-06-13 03:51:00,47.222119677584374,48.28779273655937,46.41317023315378,34.330526781545814,26.494334988103674,25.06147722323169,48.0950793173738,56.85826846210239,42.279912713195245,43.71118824224823,60.18526431095984,56.8688865198892,35.65329811758784,35.52669241291892,30.065279212626365,26.235716209406974,28.025180723177755,37.1903994091619,23.491076114192765,24.67348877117456,,42.39115624363353,,35.52364213989449,33.028765099178145,,31.064159125711285,28.422471705669523,28.678796204788796,24.357666770885317,22.858115990637543,33.66284801573056,22.105258247447637,21.231832769324,20.53943846989091,,20.221788926215822,,,,
2024-06-13 03:52:00,47.61535820969641,48.80471894174616,46.241226091610315,34.60764268352705,26.983329296866486,25.391533671611455,48.09551334263415,58.3056627379799,43.07422888036285,43.92689429637744,60.546245232527326,57.501250107515716,35.9788543029274,35.79690655131276,30.454317963856056,26.500889775770702,28.319623163233246,37.525451493742025,23.706233668895038,24.777247419616742,,42.607477354161574,,35.842979516437026,33.37976482397835,,31.32911146297147,28.748029321357535,28.79729047211231,24.537111598791853,23.065822779801692,34.04343902280198,22.43649664679151,21.55437156495259,20.911403576829343,,20.499420242016754,,,,
2024-06-13 03:53:00,47.708883986896126,48.93705122065012,45.97806855603358,34.56833539553463,26.75904648834353,25.662468965484436,45.53239357605139,56.442666999780386,42.83952538232984,44.25222371540417,60.205663936227666,57.119910850461565,36.25097981711815,35.882064180083034,30.557437208708734,26.57700684436304,28.42456110890862,37.48386448917239,23.882725146292387,24.783738973110303,,42.51568730449503,,35.72336650459965,33.37175655378496,,31.435307419832043,28.807409113442645,29.00868573033904,24.758898452912945,23.18226363108397,34.078123549554675,23.044869709185605,21.97419000686682,21.04560788469962,,20.625616403553977,,,,
2024-06-13 03:54:00,47.27006785751098,48.620114696569544,45.981557169761345,34.61648476112168,26.906119748577566,25.847184689552023,43.6934388651805,55.07243806453516,42.328680733412966,44.04132284895172,59.146472229340816,55.37844658754602,35.93379252011232,35.852577215246356,30.73256269176227,26.526262133660452,28.558199938998882,37.21973510466887,23.98022421516066,25.04957503419837,,42.36993717462269,,35.545346053057074,33.37479013802158,,31.583624757988673,28.903239612878224,28.992541076219368,24.853656927558404,23.325714573314144,34.11992482945152,23.044869709185605,21.839122995982507,21.167555396729995,,20.44894179645803,,,,
2024-06-13 03:55:00,46.943921671579346,48.64164829801666,46.14643283774376,34.7039396012633,26.95024546590139,25.9013713389038,44.52666962630474,56.623017557167486,42.2801334796095,43.79973232423163,58.997017756977584,54.839995632712544,36.0873728086558,35.88695634232431,30.696559015114644,26.573187945617974,28.768079033100094,37.19649610415382,24.0592164519403,25.037913950697657,,42.451116430864204,,35.8452051643917,33.48510845257442,,31.558208097727857,29.104809128680245,29.13425128041081,24.990755461986282,23.433762600493992,34.193374870816115,23.044869709185605,22.19166033253623,21.38096341697019,,20.44894179645803,,,,
2024-06-13 03:56:00,47.08781176890136,48.852433244705026,46.74635790887078,35.088166799235296,27.240694242710788,25.982651295392884,45.66199465395357,58.55780668668535,42.65681525369064,43.98827076156863,60.02558090222169,56.536274775970014,36.36952040230403,36.2701518469205,30.956264799865266,26.776165325482793,29.01760083614147,37.47405811762718,24.265122758097505,25.05222273813979,,42.85332041778838,,36.16509554899312,33.87821969095103,,31.823151185233655,29.384518517810193,29.24330226873144,25.16127252052638,23.62469424982828,34.46885715801545,23.044869709185605,22.394007671025065,21.53339761909092,,20.676094887223144,,,,
2024-06-13 03:57:00,47.325259536527824,48.66165934573473,47.0551121864919,35.48321826505094,27.479673210354576,26.3398061772383,47.23990873400908,59.67055319975566,43.23487739768029,44.50916550797933,60.497110563323304,57.43220171192161,36.93548313395945,36.74017420469863,31.183817716031626,27.15674762066135,29.29429810405452,38.14416018404842,24.50044396452813,25.301240388170754,,43.43543844084547,,36.60405681979364,34.343551806792675,,32.197764072810514,29.819956969622126,29.584615331079476,25.638277682950502,23.94045657968536,34.72495735186885,23.044869709185605,22.731428390317205,22.009103141894684,,20.94756161340399,,,,
2024-06-13 03:58:00,47.73544218231393,48.9293765717307,46.96738398935577,35.76919044410306,28.07161464741057,26.72405879792973,48.36429320866364,60.106291986623546,43.95108714606249,45.02657340271867,60.59053260671453,57.50572019685433,37.175898373317295,37.208530783215565,31.581605642531258,27.38127233510079,29.64460894802096,38.52933220184224,24.783696130117278,25.556759506445815,,43.61766736896084,,36.76428234335708,34.57220653339482,,32.5723799980633,30.23717570918052,30.125867094749083,26.013884692150896,24.283234201151572,35.12085465348537,23.044869709185605,23.323601158344218,22.265273208952067,,21.149477290010168,,,,
2024-06-13 03:59:00,47.059040515771244,49.07093165534843,46.87965562745558,35.74555771576297,28.042195436255497,26.719114377144933,51.363571312237355,63.19285459643038,43.84291550036255,45.25282607262602,60.80845752326513,58.162207669500276,37.17255173906938,37.285464644327476,31.60011636154354,27.3559003836001,29.847703073275397,38.22111535935909,25.009759990936118,25.79795958204977,,43.61302954833286,,36.78650266177783,34.64739182221865,,32.78470786819935,30.27360611855829,30.13292085223202,26.211167081832627,24.56174244802196,35.37584420254325,23.044869709185605,23.25605983859714,22.49689961636909,,20.998040516231185,,,,
2024-06-13 04:00:00,46.91512946355783,49.49552546821997,47.43065547786955,36.02070037255021,28.167187087368575,26.948117151549695,54.277413506042876,66.40531512799225,43.80141374764207,45.45535700599794,60.77434591922997,58.61716491514744,37.14749954645663,37.390214731116885,31.923056960647955,27.398994976659083,29.876373739010774,38.351958682764064,25.098005642495764,26.11692152868227,,43.734283548672465,,36.968385011486134,34.848939569229515,,32.68996854016268,30.442829825560693,30.22816936918116,26.305905020557475,24.57012482926075,35.456353329260764,23.044869709185605,23.300897129537134,22.624986557150123,,21.010370076611935,,,,
2024-06-13 04:01:00,47.032651488354986,49.627756730942565,47.65872761787705,36.08848767830091,28.398803157141856,26.985102360773,54.359960238304666,66.89196662808854,43.81242804012504,45.176051164789214,60.535228656820436,58.02532577195552,37.352836369545,37.211688540054865,31.91431043815237,27.496656011946925,29.97451898598547,38.48280441029391,25.215666444398494,26.037797084350586,,43.85189877286757,,37.009526659135645,34.840896965235515,,32.57680400323625,30.534496394712278,30.09117293159261,26.434077053725105,24.65116122656218,35.40937783581194,23.044869709185605,23.25577515337568,22.71644878622419,,21.06701272530711,,,,
2024-06-13 04:02:00,47.55308495031568,49.89551517942118,47.669238748008866,36.33514822682673,28.637777938737145,27.152608900916448,56.09967897594788,65.48485327378808,44.196505926141754,45.21025981242656,60.88540379861138,57.41435108643191,37.48473209995382,37.552290044113306,32.196365142973264,27.826484315193284,30.21988189904573,38.773793449051425,25.25434250020089,26.32964069895843,,44.10005493647941,,37.12914265028303,34.91308551877955,,32.73032524271321,30.740745502811023,30.458065633126353,26.510980182583808,24.823484334669047,35.56444479324773,23.044869709185605,23.51080115346008,22.929860539522906,,21.395119135820096,,,,
2024-06-13 04:03:00,48.095124822217485,50.160282152497984,47.60252371989236,36.45707013527726,28.773813988766733,27.423542673802558,60.143789669707985,67.32646692505159,44.49137299846575,45.46022370651667,62.285588810491845,57.83057862879377,37.74853362647741,37.89459639449478,32.31209076165396,27.902598498317616,30.503391485906832,38.89616237181417,25.45098781900333,26.0781475845979,,44.19053775239877,,37.18596188174433,34.92917357011038,,32.73032524271321,30.745452941476742,30.341942691769873,26.553334094819547,24.823484334669047,35.600249125422124,23.044869709185605,23.803092738931355,23.15555396140394,,21.723226005949414,,,,
2024-06-13 04:04:00,48.807525295076516,50.06343805344295,47.85512501932817,36.64678587135404,28.884116131706378,27.69942690865662,63.98536886896568,69.64988217026712,44.443384686044965,45.6843522121826,63.205914385757296,58.81399237718051,37.947236033825675,37.85542453799076,32.42782049819425,28.033284450513065,30.773293830348166,38.97692554527316,25.47877407023475,25.747479438996834,,44.079891073215094,,37.183235129390596,34.82691288316755,,32.55837667555943,30.699619528338644,30.63916762535291,26.552222641769276,24.71730052059729,35.616664565100564,23.86802723150913,23.930608617269854,23.38125210056637,,22.09565413746691,,,,
2024-06-13 04:05:00,49.1819444087256,48.927768575197206,47.02324639680273,36.15058901372345,29.067975835354446,27.763516026712182,64.93205169771727,68.62463482600401,43.589801251062,45.14722993524833,62.562780994926925,58.88534141028458,37.6818102901118,37.40350641116379,32.21673983021219,27.939454839192422,30.671030204325234,38.140564848918416,25.28212510199387,24.707265626131175,,43.23990259235461,,36.42048461804325,34.03466619565097,,32.03550019230215,30.32824635547877,30.177019666685737,26.15877715163606,24.438785538143293,34.82597858712188,25.01637989434721,23.683442773904517,23.3691899451876,,22.35481963113591,,,,
2024-06-13 04:06:00,48.91361308111436,48.03669974093418,45.907083308815345,35.779127376084716,28.795893540345105,27.529570140195005,61.25282936182225,63.66197915967177,42.844103212052914,44.23858126200389,60.61287386285335,57.47081497919953,37.28943914961383,36.584611235637794,32.07376623964319,28.03711346476382,30.394317463723382,37.5670398910147,25.2913859692585,24.123624535498493,,42.39064128848099,,35.62210655043282,33.53425392563986,,31.809190947758452,30.153718059538278,29.92625047839647,26.048439179691286,24.15002585708862,34.23925401124097,24.962301530076275,23.458397474823187,23.4119627701034,,21.982989608906564,,,,
2024-06-13 04:07:00,48.36682762963653,47.79821667568149,45.49650271003793,35.62188306005373,28.65985487942112,27.578808771107788,60.401828279363826,62.30972910264586,42.77690654784624,44.23026398596653,59.19158522397447,56.850158087715045,37.286093190877864,36.704134818174225,32.30234765507362,28.109399116133773,30.485660077376906,37.60372440145164,25.388895501579782,24.41934421151791,,42.480148530412634,,35.76398048080364,33.788969667254605,,32.090807507152476,30.28180425653227,30.207294555421413,26.27135381246717,24.40152874363821,34.61874834789705,24.480954984586333,23.675872675915343,23.47908305360943,,21.781067618179236,,,,
2024-06-13 04:08:00,47.84620900948403,47.72902189462593,45.90724443859153,35.589425474428936,28.84365981816609,27.578808771107788,59.2804712361517,62.2186320111191,42.672427477009705,44.124150416270595,58.456883215569405,55.332619625407915,37.30444823471498,36.689384430768314,32.35195987479483,28.080198199563142,30.56338948670873,37.76144202925684,25.4292044487172,24.45565930466455,,42.443709930106934,,35.844649276388736,33.87620786850857,,32.061876159868916,30.322929436157665,30.098222514694044,26.263552760804487,24.436925809967306,34.6258400439101,23.001241574314463,23.54835682856242,23.66201742380713,,21.654866462321706,,,,
2024-06-13 04:09:00,47.527076329136435,48.10143277823863,45.78092822345934,35.70338329316314,28.92451747149471,27.623096522051924,57.33238884699108,61.317608594166586,42.67980037927782,44.14651966860765,58.35821775184354,54.97310011890113,37.35619246204419,36.836726293057836,32.51341891967263,28.177853645120877,30.752872004435517,37.77242059906655,25.556130271446136,24.66706321521542,,42.61900070230399,,36.08664435070477,34.126876220204394,,32.21363930021653,30.54737660687806,30.265484422528516,26.503175441448548,24.580372217095828,34.904286384860825,22.840574179110263,23.5407874267014,23.68021907056891,,21.44002784221118,,,,
2024-06-13 04:10:00,47.2942940688082,47.96136135038705,46.100276163218496,35.83411914899261,28.93187854043731,27.5097722360249,55.29022886184998,59.42414628939946,42.590484160506776,44.10529398298695,58.81869304436441,54.06856275264954,37.31278594569176,36.68603254559821,32.571776679403456,28.300878685001294,30.844208162499285,37.60489695574637,25.68305740802066,24.552931281190922,,42.60838927737973,,36.126698996594314,34.20308346745287,,32.40925969386899,30.61141308253218,30.335154550992684,26.495370004421147,24.580372217095828,34.90018457502174,22.840574179110263,23.78824826371715,23.771685156405738,,21.408626173299922,,,,
2024-06-13 04:11:00,47.373444454703645,47.88899564181156,46.23703808137998,35.97170274056589,29.10466019387991,27.785658666716586,54.606740264874816,60.91905452647757,42.46387058647292,44.000467438067744,59.45794913227428,54.23563803904972,37.324475900101106,36.856333158147436,32.464796530790636,28.37699172496673,31.06503071662246,37.44591158031051,25.800722036865636,24.534773601725647,,42.59777750096555,,36.08664435070477,34.298342349125505,,32.58294574887623,30.79473373802375,30.664968751009383,26.623538216716042,24.580372217095828,34.74102326055345,22.840574179110263,23.81066370708095,23.875440706673544,,21.44002784221118,,,,
2024-06-13 04:12:00,47.320677876521245,48.02442338385026,45.73871311385483,35.86260696742579,29.387741286495384,27.839846029518867,54.83303131352386,63.17778026584483,42.433965933773834,44.00749732267923,59.03495007905758,54.2087880103345,37.17255173906938,36.967618056534775,32.71085820244252,28.503846757617794,31.205435037446705,37.56693480491714,25.918386589283728,24.71635003377287,,42.59547527572499,,36.008746539639105,34.259190712340114,,32.64346458510454,30.92279869214417,30.873974350743083,26.67480544852151,24.66979168154512,35.07759173701879,22.840574179110263,24.01329708554408,23.991251352472773,,21.50342516501496,,,,
2024-06-13 04:13:00,47.0904023365448,48.387696043384494,46.08286958554754,36.308668254065424,29.80312797538022,27.960457077106298,52.65978398246261,60.03422206482173,43.019029919612194,44.374995961949935,57.79581349063824,54.01619321144108,37.30775286702419,37.553710844264515,32.98900613973774,28.644572617645508,31.419443478926155,38.022968488260005,26.142830838444297,25.50745611134471,,43.093181036849955,,36.65177880401052,34.757456140483555,,33.0329092738275,31.2799987783942,31.343104891004714,27.05149484842741,24.894269935703505,35.60383413856016,22.840574179110263,24.350415302155852,24.210819826839952,,21.47202366214674,,,,
2024-06-13 04:14:00,47.05201154909935,49.02476618159608,46.85145936742083,36.800004404978836,30.247976431411416,28.317622461466385,51.01237030796074,56.787436010247575,43.720042211268265,45.110342002968764,57.6746079214945,54.03113292678063,38.05732177154323,38.081048719731825,33.27979609664385,28.77142494081204,31.910151575828536,38.5964156673021,26.368895103508294,25.871922793708563,,43.74357389898341,,37.43223791090759,35.55059894507758,,33.539033832421865,31.62842742702378,31.78666067723634,27.452717398009554,25.226791454031172,36.11184831614446,22.840574179110263,24.597879979533445,24.64381450830865,,21.768146141474062,,,,
2024-06-13 04:15:00,47.17675115223403,49.01704000440259,46.52143352266148,36.690907582459204,30.703817621627195,28.529412591905384,52.00553255519321,57.77642412117552,43.627085946236775,45.15289941129072,58.57934124037911,54.08824101038317,38.15413563600259,38.257861130929086,33.38678615550543,29.025129459707045,31.910151575828536,38.98401668860333,26.447876129230963,25.673523838904657,,43.769419555478635,,37.35267441891847,35.5084655112023,,33.58112509534794,31.779384896676675,31.807548633773422,27.51289018854004,25.326461408243176,35.7506537479353,22.980819376614818,24.97287053006312,24.674303627886957,,21.92574384622435,,,,
2024-06-13 04:16:00,47.07353790029322,48.835465391990056,46.1775720313899,36.68890091976459,30.755285478579935,28.71906420025789,53.097511789721466,60.36307935996297,43.36585404786297,44.85471400902861,58.92682811543932,54.0529729130958,38.1090394761336,38.036759753262686,33.405248131311964,29.27499607413722,32.02601191317615,39.0157636907324,26.604224795929213,25.58657787428183,,43.576583437971294,,36.83418108950764,35.0501631762254,,33.51004058635999,31.792856019977535,31.672885614613733,27.419264873899465,25.12712244820068,35.878085785283474,23.001241574314463,24.83777030171609,24.765770966950186,,21.97006532322996,,,,
2024-06-13 04:17:00,47.38300851615077,48.45389132543187,46.40220721245487,36.697723685480696,30.689071115532215,28.637784953615892,53.34976953248815,62.181174203954924,43.168159902961634,44.72973704376341,59.12649649990453,54.99816590798173,38.06563608101942,37.95813975153237,33.517089295706455,29.329574657998137,32.135053061412464,38.437392426832105,26.574808601102177,25.573586124336543,,43.35194563785899,,36.83472300926678,34.961873755310535,,33.37847237334927,31.792856019977535,31.809882602799917,27.350184533339416,25.073099217918298,36.07188510280139,24.149673425476067,25.010434889975386,24.91821646648009,,22.171984678929903,,,,
2024-06-13 04:18:00,47.49097806747841,48.136925194088235,46.33898520113189,36.65841824497738,30.72217812465874,28.751114772479355,52.77765058357727,61.96525926705067,42.888540925763664,44.79814740743177,58.113763821898374,54.38740348190595,38.01053630023375,38.043282424318704,33.4811118808841,29.45642675167869,32.19094042642632,38.23566446214517,26.457143774006227,25.373866095143512,,43.069656950119224,,36.91482198316089,35.03806885770064,,33.37670644367063,31.604829201841312,31.953878710286062,27.256559747610936,25.064720787976967,35.772955747343076,24.812237949480277,25.100395201799074,24.930517806182706,,22.292028642840364,,,,
2024-06-13 04:19:00,46.86960384721601,47.51380593948579,46.21976492815156,36.752663246526254,30.589752156924533,28.71410687987509,52.395531123948786,61.29712093756871,42.66462973728426,44.48461892305181,56.52530335963547,52.59988092756839,38.08225840638488,37.84175775326821,33.401340292316945,29.25346338138013,32.05463172405621,38.52908692472192,26.330211920804004,25.52294524834042,,43.11207787439048,,36.717284043088966,34.96479405180344,,33.30385769129771,31.55428249805118,31.837771049009916,27.248742366638453,25.073099217918298,35.61260685352909,23.972990502171342,24.89048775186052,24.92436713633151,,22.165828086205238,,,,
2024-06-13 04:20:00,47.41190576598569,47.7230547789095,46.06183998411325,36.98570582965567,30.939031792675223,29.06631443840149,52.94820927577143,61.02736252121326,43.06758895277744,44.71921875365592,56.12670646929132,51.278021002433434,38.469663354224394,37.849996829421116,33.62893037427921,29.481797165311832,32.41175523799086,38.77488499337721,26.720280456820092,25.342720798102164,,43.071968822614735,,36.63393138751326,34.794463790439295,,33.353012455155294,31.462630324398106,31.881881408530262,27.21420177631444,25.074975033276587,35.69132220426991,24.812237949480277,25.205513076956777,25.21107487205495,,22.59491025586931,,,,
2024-06-13 04:21:00,47.366406901138134,47.56439933525144,45.057774037783474,36.51603103874618,30.917063615244388,29.270846918109328,52.18108173426094,59.58297134242889,42.44153655218088,44.44601106404252,56.16449619634977,50.86837497363922,38.08240431633749,37.73875751604328,33.373175381341525,29.514846185486476,32.45674859507494,38.22962015683612,26.60261362080928,24.721534972795325,,42.4778480626228,,36.413109903731765,34.54279843680888,,33.11533493929119,31.293478914222305,31.73554743602699,27.008041715440413,24.993938523862653,35.4904846974714,24.688077972236897,25.123130034219002,25.16239947443364,,22.683565011499127,,,,
2024-06-13 04:22:00,46.99216739818712,47.142673768919394,44.97349551867137,36.10529875308703,30.928048053735893,29.320072518774623,52.10441437534155,58.69900300662289,42.29608336173487,44.36004321876885,56.81151521606057,51.50902823723072,37.9471214631028,37.88775877050239,33.333290785214786,29.511006881364892,32.41449673449529,37.97531959043931,26.679984423304177,24.641115865689244,,42.44140964073654,,36.45370606220149,34.65306350356968,,33.177590436130686,31.12364995672806,31.626442009630864,26.974595386016517,24.912901933979356,35.327221454026585,24.58600185311434,25.265816070126448,25.16239947443364,,22.633083996961773,,,,
2024-06-13 04:23:00,46.845902340830435,46.65497482935734,44.14174549006975,36.05032185359187,30.85084685523998,29.18460648262976,50.922144675629625,56.40807972652192,41.49442778812454,43.473721924515985,55.28799533795245,49.73543975520079,37.57987161133224,37.31956687792376,33.14072947882437,29.489475424746388,32.235929108429104,37.475236608968146,26.542166899291715,24.265014473945484,,41.78269947370973,,35.834577069359966,34.16476804529066,,33.0188033413574,30.976737200944626,31.603220194155256,26.675908834328766,24.67817334111578,34.86505124111136,24.58600185311434,25.138286589165546,25.144212963161635,,22.43793702473056,,,,
2024-06-13 04:24:00,46.399506268663345,46.47957285609982,43.552248168306505,36.021835316933675,30.98689067047576,29.044180975571976,49.219965724397525,54.92520557284365,40.976119320003136,43.08950902679226,52.93304838064091,47.9751416106792,37.67668977980475,36.962544993740266,33.22630208979422,29.257300941458652,32.229111211351096,37.180548702124554,26.532899080734296,24.257228638111428,,41.51934407757858,,35.63653338363429,33.9581865244827,,33.06089279197067,30.90799776333779,31.51500369645919,26.61683355400828,24.659542714655345,34.86799269343237,24.451927794632866,25.138286589165546,25.08323237370587,,22.216924131558926,,,,
2024-06-13 04:25:00,45.7730319774563,47.19517928576806,44.47909462150619,36.05915308960289,31.09343199136788,29.174685915044847,48.64183014335504,53.409805757675485,41.714292349380685,43.386476510904004,52.413847178156175,47.64432805848537,38.100726224510936,37.550294648561476,33.42370800704202,29.376477068473037,32.48536012249656,37.6940195927005,26.601001398220433,24.844696911465235,,42.02168129958136,,36.27730119085527,34.56368035912783,,33.4301150340475,31.251693916637578,31.977100216569397,26.847527909851124,24.85700593915226,35.294319984344384,24.381844465063296,25.28822471342528,25.223379347400396,,22.052553110743816,,,,
2024-06-13 04:26:00,45.506610992338665,47.78296686280055,45.426658722380125,36.33032087211677,31.302899251714962,29.408597894793388,50.28365190995305,55.882890523112565,42.262304735388625,43.73646901970551,52.97399214353891,47.972940503044356,38.22585639497743,38.174068895116534,33.82240742409908,29.673238838272937,32.69253185871969,38.34927491293496,26.915320722885554,25.336225837376787,,42.643916231098046,,36.87909244261391,35.28747365541585,,33.82301992564226,31.540119433769178,32.35097193379306,27.044773256732242,25.073099217918298,35.650154631416626,24.58600185311434,25.273066418169037,25.3758289724135,,22.09010778483082,,,,
2024-06-13 04:27:00,46.11386249214422,47.650518609760184,46.06502644964576,37.011391653727514,31.472053316038227,29.566189922080298,52.11766942367649,57.00374411533994,42.736138346981534,44.2587247979925,54.98262565781215,49.03312547261248,38.674983198334075,38.46726466131531,34.000426186048344,29.876197791471213,33.00465754068546,38.80663480454996,27.189345335986673,25.109325469565647,,43.07659047471316,,36.99600078744561,35.212418329936554,,34.06953047309025,31.572474659028558,32.395085849186216,27.17184414157873,25.12712244820068,35.829889494785675,24.58600185311434,25.74562024751208,25.686882827089903,,22.367749009424642,,,,
2024-06-13 04:28:00,47.2300358425714,46.459033599995564,44.9624261690974,36.87983089532213,31.82872649359615,29.68448632005027,52.39078169201002,56.53176180715013,42.37857158166389,43.925318117009056,55.71502888116356,49.0202817754639,38.63837438488372,38.27090360574766,33.842922515731516,30.090686581963382,33.21052237181539,38.389757192783634,27.159928184510818,24.25073066022469,,42.47413330396762,,36.5143260029613,34.71716844090042,,33.853805959152396,31.43971725223855,32.464749848551946,26.992414684155392,25.073099217918298,35.4464272408959,24.58600185311434,25.81317780421,25.729682933456843,,22.664477611556777,,,,
2024-06-13 04:29:00,47.071799838061565,46.213040246886976,44.52734912801452,36.47189873042089,32.027212975628345,29.89626241856365,51.25275849714035,53.732245232569085,42.117378074732414,43.78148351227446,53.693330787956256,47.71152276972771,38.54477154870642,38.46726466131531,34.01795261268967,30.082999951131228,33.1723377738914,38.19161040040888,27.189345335986673,24.695585496771855,,42.40727167059845,,36.637188354119644,34.925578430711994,,34.08613434242807,31.751054293980815,32.46787229165966,27.138394714807873,25.224911226591303,35.542122237599415,24.58600185311434,25.81317780421,25.76017333513164,,22.405919565987006,,,,
2024-06-13 04:30:00,46.017990024733194,46.41829468268588,44.51397258722818,36.40010920410782,31.894752874226697,29.837112867339215,46.884136397057546,48.76730955940343,41.82245156475892,43.57153273458539,51.17623777001154,46.18559112500952,38.224160638921376,38.449031138955434,34.13070863512644,29.83314120613602,32.93787753742765,37.986113461601974,27.347302775568778,25.079390333439278,,42.39576413950272,,36.58198319490339,34.95042956377165,,34.185104542661975,31.78270832702492,32.470994505561066,27.0625886781595,25.196018214974174,35.8814561143854,24.55400597492735,25.872810959306435,25.7112178587347,,22.24154841203506,,,,
2024-06-13 04:31:00,45.16806181980735,47.27236579355986,45.35299365862238,36.77834311159427,32.060116236200884,30.157253357835316,43.28797680584671,45.54174785147029,42.19511884013741,43.909698408821896,50.20699481086126,45.36208463265666,38.43776769504848,38.39821239558751,34.131619596433666,30.05762992715654,33.29224404083766,38.43222704407947,27.55322006827464,25.714807615494465,,42.863926732741675,,37.08307441243733,35.460619187291286,,34.53412293593101,31.920180106551015,32.47411649025571,27.31108625391016,25.49313532087899,36.086350055774346,24.58600185311434,25.78284937960848,25.894157083919026,,22.279100317913503,,,,
2024-06-13 04:32:00,45.08644670061017,47.715409190427636,45.479300609415986,36.872586941311965,32.471833515985054,29.989735146388057,40.21933069109309,42.3561770104277,42.344251975677025,43.96626891209462,50.83250625850269,44.888424972008124,38.62306981762072,38.702693410652046,34.35528495563267,30.23137569737287,33.43944895434777,38.68646623369324,27.670886987476024,25.914508150457095,,43.19325179459338,,37.344423258461575,35.70011716086901,,34.77529403850804,32.14929881910848,32.47723824574405,27.413612083819316,25.617923426820198,36.4462403157072,24.58600185311434,26.157863872499547,25.918490698975347,,22.234777033670753,,,,
2024-06-13 04:33:00,45.2257562743971,48.438553367499026,45.784708985410816,37.252778577361596,32.85781769247956,30.120228157945917,40.05186259858715,43.28563974979488,42.91454876747571,44.39165046132598,52.34735610144298,45.79056987181593,38.80496046578105,39.196956289408035,34.68201322567597,30.422797079639963,33.72702959787841,39.13992335745337,28.014610604560175,26.33206066217508,,43.56497756999761,,37.705865729321886,36.0007856618322,,35.18828623229274,32.32786427860265,32.48035977202608,27.585206381288117,25.869385609985784,36.63586651201467,23.768776697785597,26.19508523581044,26.064781960285472,,22.348046499884617,,,,
2024-06-13 04:34:00,46.31301715940049,48.889371690402186,47.35325567261498,38.17166691024704,33.19972719122575,30.639940550001825,43.4711735564058,48.15577759118423,44.036945903262904,45.27088066163424,55.184035508567376,48.37813236232705,39.8265613605231,39.97317228456586,35.213983310300364,31.107767603010416,34.2177076949921,40.23410169075578,28.406303498649777,26.58382119477028,,44.512876789086704,,38.50357491764271,36.71476543476001,,35.56636260782625,32.68572919465396,32.4834810691018,28.010963793560677,26.05008548535079,37.12568442161455,24.501475192244015,26.75761306618915,26.56493323186851,,22.7955718976732,,,,
2024-06-13 04:35:00,47.78637798297427,48.34467118050679,47.504039371070576,38.50983599710548,33.36890449497059,30.834554628970977,47.914592594192754,52.18037460334335,44.23125965347049,45.484494432091424,56.24941566395023,50.37584930999719,40.22061449701732,40.24513027828925,35.1955685063906,31.318425315756485,34.52578286833079,40.262352444718374,28.474415978469324,26.12477351974576,,44.601046178453544,,38.301781744536584,36.509314731652466,,35.569940012462666,32.534803363019364,32.48660213697076,28.01879364225033,26.095736110027246,36.93605170190904,24.812237949480277,26.960303671557995,26.723542908317086,,23.325586737543404,,,,
2024-06-13 04:36:00,48.64559443611893,48.13078039057564,47.107394833167746,38.46375881404879,33.4753908176142,31.15965871672597,50.81579654727648,54.366826531371316,44.51852687471887,45.703784491051465,55.340230594982586,50.94474903561422,40.439349644996355,40.29597824571147,35.338544806117625,31.542898132765572,34.63075473475749,40.19396070744085,28.630779899944173,26.094961652586335,,44.522210745485836,,38.34077618591027,36.51741542674972,,35.57172819210609,32.53007463448694,32.48972297563341,28.01879364225033,26.195407815153885,37.07995277044074,25.1054416412685,27.170219000342286,26.91264434736354,,23.62845289769291,,,,
2024-06-13 04:37:00,49.046666503642314,47.52143755145835,45.819336888906946,38.01375287650012,33.16660449467577,30.85667538342841,54.37356710154586,55.38194011292694,43.49705807503324,45.13453092223881,52.9923442565821,49.812507498711966,40.01532313478879,39.74909840098485,35.05259416921672,31.176173383831497,34.44534637270135,39.18047382344872,28.542529134269216,25.464648047503033,,43.72468971854096,,37.600991071491535,35.872708066450286,,35.21557042009363,32.17693770802998,32.49284358509067,27.59195314881481,25.94204518536344,36.563765569153475,25.63400345984246,27.02786856705302,26.796845038814126,,23.634599735085203,,,,
2024-06-13 04:38:00,47.72462036687318,47.29377252550148,45.064914858970496,37.21272496677807,32.655530825951246,30.450297447226376,54.43577661099789,54.75092116855694,42.258797257671404,44.45081927568981,50.452789939950435,47.031289964384996,39.13216681345057,38.737001791117564,34.566242737347466,30.81331149786945,33.920513150080865,38.40047720452253,28.082720602065137,25.04308047624545,,42.81089164308264,,36.923969060508625,35.2499555905888,,34.65497229089033,31.64925217380869,32.49596396534116,27.132752074485325,25.670049127468246,36.02696891409187,25.563945679607514,26.210254320960985,26.296683334519912,,23.193242820635646,,,,
2024-06-13 04:39:00,46.39494429516276,46.6508234546518,44.80208706562871,36.953208684396486,32.3760573246534,30.22362781848267,50.741566781376605,51.01190829754819,41.441898982868906,43.93686408248095,48.94639320674878,44.42716467794162,38.50946003855461,38.14412895271926,34.47767075230195,30.751029744754305,33.67518089064288,38.46889891012603,28.014610604560175,24.954804489753315,,42.40176525090419,,36.767008054916005,35.168562076176386,,34.6478328823564,31.543433220669158,32.4990841163858,26.93769815418227,25.53310665184881,35.982828843890275,25.563945679607514,25.887976215790104,26.04660634798074,,22.92791751364439,,,,
2024-06-13 04:40:00,45.04800228839042,45.76025230156711,44.686393051340474,36.7851562276403,32.13709210223146,30.159510897563337,45.597815688873425,43.774685705119055,41.31125561669501,43.20017917705354,48.02606309592511,41.755959127984625,38.35416142595864,37.74456485832843,34.32594707547105,30.5696063263141,33.384834734203764,38.30990984252969,27.887668623782474,25.01307756734741,,42.31367327213411,,36.66957673078514,35.0952534847147,,34.57849356251472,31.327787621667085,32.502204038225045,26.810634496473085,25.379423756929555,35.749073387175486,24.676626047482387,25.610169625859044,25.72939733958492,,22.492706812485267,,,,
2024-06-13 04:41:00,44.27734478400362,46.403304540306635,45.07936411871697,37.172153392503105,32.269324549333305,30.203758792468534,43.921937086714706,42.53764382160716,42.42988260793345,43.87901638501967,50.13555311269715,43.24772813309528,38.61283537186523,38.41078934096663,34.56318847252851,30.71411761397667,33.683273119073306,39.15085370772846,28.054889515213517,25.66793028266966,,43.15217640822584,,37.32864277397948,35.73176358626142,,34.99680873465513,31.744903564697324,32.50532373085707,27.023494067893353,25.558219070220275,36.245806470700245,24.58600185311434,25.60258838986124,25.84519953350855,,22.536409061550216,,,,
2024-06-13 04:42:00,44.72884524127039,47.56167595944498,44.879404287472425,37.602456592173894,32.80966598433815,30.523879510457164,42.126786530635854,42.91119972035381,42.86253096892074,44.53197141531564,52.774270990549894,45.454167894079546,39.046795973441476,39.22772654783603,34.94338250931082,30.989310458128784,34.019892012695664,39.48088097635002,28.270080566955585,25.996049973338813,,43.56497756999761,,37.809124073441126,36.17380275972846,,35.30372315214527,32.04746906312312,32.50844319428461,27.254165034914877,25.69326206424057,36.57929596867825,24.58600185311434,26.19508523581044,26.119603475826125,,22.782011963209357,,,,
2024-06-13 04:43:00,45.9890598329805,48.18318995136906,45.46902049945038,38.04087786842638,33.243527254605624,31.141990490284343,41.495186228858074,43.35150045698242,43.04158083975835,44.96699718872014,53.67712793730561,47.31615986422503,39.62265301382081,39.761525822355225,35.38585450016399,31.268351120197963,34.590962141722684,40.020020667054496,28.828988875607138,26.15429168475748,,43.98011144103111,,38.28803923995747,36.700133576187454,,35.81152578192541,32.36821624670483,32.511562428505385,27.62971467664329,26.171048686801896,36.99028461414173,24.90131643046425,26.69727563999254,26.766039428983504,,23.191966021951202,,,,
2024-06-13 04:44:00,47.73649114573436,48.404725856887126,47.160315647729476,38.84865066975908,33.8868006772359,31.82920573489787,43.288222066446224,45.46230284535295,44.31317667407643,45.568273988184046,54.16317578753524,49.18599782753745,40.572596175848275,40.950386027379864,36.1366432973814,31.986348998731955,35.33659393808318,40.808439622705635,29.47458321747581,26.65370364806131,,45.032728889873624,,39.206912502097566,37.58145979755636,,36.49831803164807,33.09264366485604,32.514681433520764,28.141253320961823,26.522159677360378,37.7125995720603,25.563945679607514,27.694814237836,27.540604791059195,,23.873381994539386,,,,
2024-06-13 04:45:00,48.3368199017566,48.48011206964111,47.8972186887986,39.39011075472354,34.38308592571411,32.03377746647902,45.55244945411255,48.23043703859662,45.1820315894347,46.13751994357881,53.88731258696157,49.902759447989865,40.951457862691086,41.6166211884954,36.4050253735295,32.316127973065704,35.729119434376685,41.429349638342615,29.759462064927902,26.957200164990354,,45.6937352732989,,39.687408053976924,38.00042454843651,,36.80523858316428,33.37230816967531,32.5178002093312,28.474449422308226,26.819252411641628,38.173443748411046,25.736039895887643,28.249780464100013,27.91881589290938,,24.32085014233769,,,,
2024-06-13 04:46:00,47.950395689928314,48.47241812303719,47.68315532134011,39.50802391141224,34.45641178113715,32.04593135331072,47.2065682702696,51.04771300283596,45.63677024704066,46.400147756080514,54.39467217696597,50.4813317229241,41.01480977242841,41.57223900913732,36.615902753544106,32.474399984526826,35.71943478546473,41.81688032937552,29.83842372904951,27.082897226110617,,46.033649733636594,,39.70895699767607,38.13649518691045,,36.953288831995906,33.47738322486293,32.52091875593442,28.517870228396987,26.80896798411777,38.31599234994792,25.768019579177235,27.987093932070366,27.875991112265865,,24.21309429261146,,,,
2024-06-13 04:47:00,47.42219269167572,48.253949334640765,46.94277258541433,39.4754590996838,34.21004303961399,31.74793358910847,47.70253631862238,52.04618564227712,45.18537456562535,46.41412080630562,54.26658935449336,50.08010501277113,40.67413232228864,41.13649905465036,36.60792086686706,32.16228296222039,35.56940452490812,41.38770016600034,29.663482947137936,27.09826500769077,,45.53260631700482,,39.39119030451138,37.88356224093468,,36.65928815727875,33.30279531860242,32.52403707333315,28.374041260538434,26.66364436290769,38.151332310235375,25.4367299076589,27.77718303893971,27.686886820197515,,23.884364591236135,,,,
2024-06-13 04:48:00,47.30684691430724,48.01395807235531,46.85512299979109,39.34463853846205,34.37922087663969,31.742956396533486,49.00341133214988,52.426106168443084,44.80490322805895,46.51189393993627,54.21736082308553,48.71107772442838,40.40030535355527,40.87932442729243,36.42023007564535,32.1760744090476,35.401692149710584,41.346052086300915,29.545820129132835,27.041005660340943,,45.32914196940487,,39.212550187638044,37.818295604944524,,36.567996887345544,33.22932711469048,32.52715516152648,28.22916039460415,26.626352930447865,38.10013575742232,24.82823537171862,27.634455181465228,27.564928821866488,,23.75818503622611,,,,
2024-06-13 04:49:00,46.706677036984615,47.78167971357516,46.43420734224537,39.05251043155363,33.772632925878725,31.40294439081333,48.60315052559031,50.891533965556846,43.81270878397277,45.790490927554174,53.37174669773685,46.91762453523552,40.146450783726095,40.09486956229716,36.049656864146755,31.81709625758208,35.020052488345755,40.856933405831,29.212963004481935,26.807337728752827,,44.697613171635794,,38.63509115933266,37.123372378284785,,36.05660983151711,32.71110564292712,32.53027302051396,27.837949964656218,26.35436057730294,37.691951924160094,24.914309780216627,26.929580441035796,27.003792147432705,,23.49288741275177,,,,
2024-06-13 04:50:00,46.147438656482336,47.944727628149394,45.96768958789153,38.76656052940052,33.654924131475354,31.257545653996885,48.05362212021896,49.700198837361995,43.473255227684604,45.321245432344085,52.98272175795887,46.81120419427998,39.65396038762583,39.673999916845105,35.68788225459548,31.690267663085933,34.63842261408877,40.51948439580377,29.045752298009347,26.885049337779037,,44.38716391174057,,38.45647396981349,37.04314313880741,,35.76624525726584,32.37617131415982,32.5333906502965,27.51367790439963,26.11966182769629,37.50516553003081,25.01637989434721,26.756883712552508,26.717067166653123,,23.246682610127095,,,,
2024-06-13 04:51:00,47.138567708033634,49.003090240769325,47.10786327297683,39.377764664498045,34.007742857397716,31.75013747227024,50.56229286854432,51.79916117254015,44.35692359783593,46.05796337436732,54.8902543717918,49.03947813719287,40.63548924021825,40.67770159218594,36.43860428467087,31.965433595711147,35.325265704497156,41.32025035666578,29.50555977969998,27.397522953588577,,45.20448624136861,,39.35369942007446,37.833266320130406,,36.367102743578016,32.92202686651035,32.53650805087318,27.97392875403966,26.445663806880475,38.03371799615479,25.64082259643328,27.177062773796706,27.217216585306232,,23.990798704614463,,,,
2024-06-13 04:52:00,48.201690825959076,48.126269043126285,46.72174416085318,38.80320648844918,33.75429772526354,31.575436940563463,52.48849640411481,52.72119313840335,43.37296436996212,45.39587100848894,55.0626835145174,49.346893249188724,40.119974576554114,39.955988808990014,36.04403330732157,31.67646641722149,35.107322819486285,40.81435382676631,29.211398828203983,26.309786343102587,,44.43296616518319,,38.53294052968204,36.94922221159368,,35.736783049832866,32.44565974643274,32.53962522224492,27.520438597194698,26.075926194676867,37.417964690792815,25.822084945947154,26.952347121005232,27.016117178585546,,24.14901200493648,,,,
2024-06-13 04:53:00,48.18499125301719,46.92325453396916,46.31819021013871,38.24213006254786,33.566792539330436,31.435009714526245,51.388842891462446,51.02115599495619,42.93663999235628,44.70518946626703,53.729724243581586,48.31450677893008,39.944663596321334,39.48427291998769,35.81642180810945,32.01230738454558,35.01321352207651,40.14935779911485,29.161850039257843,25.88952813295191,,44.111922196529804,,38.13360443443162,36.63643469913404,,35.57435360226509,32.26635983176084,32.542742164412175,27.385535793537656,26.048918984003194,37.110809059741314,25.768019579177235,26.839620857609134,26.918486474888596,,24.022834056365696,,,,
2024-06-13 04:54:00,47.41228531307388,46.032697883736546,45.71479096390112,37.61805148643566,33.38284181625818,31.18125021081869,49.48775737487745,48.362789175591615,42.53370725873697,44.1487340775609,51.29734691783392,46.22778331732161,39.657417791631815,39.020865871187425,35.83481028548999,31.780163447892846,34.77192867170129,39.76782866372815,29.03490202752164,25.54052657096645,,43.69214911294375,,37.677350737356846,36.37139023453028,,35.411927508398094,32.18343209460363,32.545858877373576,27.079069635313317,25.947343303176694,36.907460523802456,25.768019579177235,26.77964778207661,26.753717185051073,,23.801860408762877,,,,
2024-06-13 04:55:00,46.38511660457948,45.451463712001896,44.86946195729661,37.27113670430958,33.09981837558598,30.98167592084542,48.05051979244104,46.671264853318235,42.071214250963294,43.746682528751535,48.65587088777943,43.15114497723289,39.11983545834528,38.32166862976919,35.3971745480294,31.21057320224577,34.39031198307782,39.313012872937804,28.828988875607138,25.529860852700494,,43.2018515328964,,37.220614964756805,35.981210600195936,,35.03031247855324,31.825605056449604,32.54897536113003,26.89292540067936,25.756386726593973,36.58375668429926,25.768019579177235,26.307092969649602,26.43650757101591,,23.372859267229614,,,,
2024-06-13 04:56:00,44.99765309368922,45.080931586762745,44.09789865032917,36.80230724384637,33.00784982149389,30.592481728698544,44.071528556975636,42.71513211401225,41.30687958459998,43.49327099362972,46.86121294427085,39.684044022365924,38.78753568797515,37.83529856916448,35.02664727697697,30.906196589649767,34.23630129962612,38.72746481461712,28.67262723090289,25.574995125222358,,42.65163906426346,,36.76496190805028,35.66720864960598,,34.93365668069828,31.834314629204073,32.55209161568155,26.740239419262252,25.565435070640433,36.356910244825485,25.1054416412685,26.096838947466267,26.21076989547032,,22.99432949948084,,,,
2024-06-13 04:57:00,43.63874651656033,46.07449628604809,44.729521572902286,36.94938444144668,33.268693389283044,30.555452738514873,39.7279948674834,39.31041238607486,41.3773525029012,43.691030782472126,46.55095940863271,38.66894693658378,38.955916441718955,38.15092176886151,35.35413284265178,30.97073989113153,34.313915258379325,39.06199336056784,28.918806835524492,26.667470357670027,,43.02688503043305,,37.550155390816144,36.45732496976234,,35.64974662554005,32.369883601442325,32.55520764102812,27.211480692095847,25.90622697485105,37.02506970445938,24.58600185311434,26.52385866993609,26.479005886245886,,22.716741391326423,,,,
2024-06-13 04:58:00,43.02660471201057,47.39991587882969,45.68736846322054,37.43445329736187,33.59222373046032,30.902636104869202,37.46102759239716,36.596090578119174,42.28263603051437,44.17149629918367,47.19954973442623,38.40132060174665,39.62665348108544,38.9280359970835,35.976238305553125,31.288916665648344,34.63680741070857,39.94027740235293,29.18354740912673,27.62265434862593,,44.16152955952839,,38.59231831144098,37.45805815590302,,36.28172828852939,32.96546122458767,32.55832343716975,27.595867397442817,26.36531290322864,37.825955068376516,24.58600185311434,26.673415457629744,26.814376154391084,,22.729049350716423,,,,
2024-06-13 04:59:00,42.75316912994401,48.52074316349763,47.54637035452197,38.539291816060086,34.33095930728632,31.385256963613074,35.651332058254866,35.221197109038485,43.98961131309534,44.996024922041215,49.40661268024314,40.27271590767623,40.524251270283685,40.04258315817992,36.28927498407029,31.669371287089575,35.26769892422237,41.069095395063925,29.663482947137936,28.593884552190502,,45.538313663952295,,39.63292611551924,38.44520265305982,,37.054255925861526,33.621087643312876,32.56143900410734,28.099489982319938,26.805747615230302,38.64763195818068,24.58600185311434,27.490577571681115,27.454627380631564,,23.10757344448882,,,,
2024-06-13 05:00:00,42.90472619749562,48.917549963496185,49.1599095312431,39.32921424456072,35.238862237061994,32.062468192246456,34.15365910222931,35.91868874833631,45.44707578250723,46.14582306900479,52.729505791546444,43.90854400654143,41.28521550536084,41.25704437946342,36.90177544410153,32.17664351787687,35.849523940157496,42.05788101980761,30.14342282022949,29.001147330380718,,46.695288876798486,,40.47097104969407,39.13191332856104,,37.65328736913807,34.0200034866798,32.56455434183954,28.602079197027706,27.185754898143387,39.44311960353161,24.58600185311434,28.12024430070892,28.131534340982398,,23.668890754248764,,,,
2024-06-13 05:01:00,43.36821739715538,48.10114157275939,48.71803280457425,39.29871203062453,34.97417233142164,32.035379771378985,32.54808280980933,37.11273330033191,45.57022056303572,46.474666842174884,55.523141834888065,48.167764635222284,41.5255907866258,41.54840975010825,37.11180401627007,32.281957242534304,36.07712056157345,42.02621874360375,30.2905017207363,28.58882894081762,,46.60599190741618,,40.31038504953676,38.952403077749295,,37.56379965048427,34.04291054151099,32.56766945036725,28.58534106197567,27.302128550448742,39.32692407311379,24.58600185311434,28.2177934457236,28.46690457287218,,23.94647421820389,,,,
2024-06-13 05:02:00,43.61059685012049,47.90571071754357,48.01994572505146,39.31628733670527,35.1394620905578,32.035379771378985,30.922527721172855,38.16077480106446,45.72294136067558,46.704337003943465,55.6239935449064,49.5291776740919,41.72081884786758,41.63350773564139,37.41127583259913,32.683915064896496,36.43133890621459,42.48191993462018,30.614074880285443,28.99159280458207,,46.56952809285326,,40.33186258115893,39.119630738672186,,37.73549804726417,34.2853828389475,32.57078432968956,28.84160206637307,27.526518711410063,39.492864924721744,24.58600185311434,28.6827557677791,28.71080994603176,,24.204966982486894,,,,
2024-06-13 05:03:00,44.01135117048136,47.936310288567256,47.03427054140457,39.344718953062284,35.23145695774974,32.284156501856614,29.071036188811604,37.61112893220752,44.981221878739234,46.61009096206817,52.449259074919155,46.25226664228376,41.57893719980211,41.30607075420562,37.40248323706987,32.586322263589864,36.536299291580804,41.97957751053741,30.505703432863356,28.87315108244593,,45.92986263549392,,39.8335319513767,38.699422388620405,,37.58026065176364,34.252970693515636,32.573898979808746,28.756870903014715,27.58052788124678,39.16214291623328,24.58600185311434,28.62278668299291,28.875597329339598,,24.50778391591416,,,,
2024-06-13 05:04:00,44.124109543259806,48.30218382187559,47.034199552826976,39.4103656017669,35.128543147227674,32.35047756522374,29.856676968651982,38.304767153479816,44.51866519842815,46.47321202421335,49.62102303593201,43.297852012576186,41.38018047221749,41.11092384450103,37.51503351374572,32.709278624287435,36.5853545856595,42.02457257505614,30.55524343984962,29.112532863490742,,45.72168729068994,,39.756430424339214,38.831225983212335,,37.572980718322924,34.29402943796913,32.57701340072299,28.749017265364273,27.58052788124678,39.12189766743404,24.812237949480277,28.705140621074406,28.930400639198297,,24.52006748691531,,,,
2024-06-13 05:05:00,44.35686186349335,48.81570479750735,47.935465387095974,39.615588317612264,35.62829553793517,32.59426987581071,29.669550676703693,39.095696074607986,44.3911638314903,46.25746799795593,49.84290488060583,42.22094205781241,41.672125667637374,41.159946972949456,37.57331623696905,32.875232853515854,36.676613635376384,41.862986627393184,30.584659162463367,29.523263582415893,,45.855644551227215,,40.097089491331644,38.95626823246903,,37.658823216974724,34.307426714314715,32.58012759243229,28.96290416153579,27.58052788124678,39.365268140305034,25.768019579177235,28.847879168398777,29.058528212662395,,24.8228806297177,,,,
2024-06-13 05:06:00,44.32567104873499,48.86025238162756,48.32475878433934,39.8513128515624,35.49965527377299,32.57216479575004,30.012166425926353,40.67643022704965,44.64067088997285,46.279794852834584,52.15863509257997,42.32565732459625,41.879076387422174,41.43002136856035,37.70746921544787,33.128863001410195,36.862011214914105,41.72971866062426,30.593951136411306,29.58425392248182,,46.16130944091378,,40.27717851628131,39.070469104278345,,37.81405654730361,34.29402943796913,32.58324155493801,29.022012107873252,27.607532452740998,39.616991856033565,25.595926052045343,28.847879168398777,29.186657127056606,,25.024756274995298,,,,
2024-06-13 05:07:00,44.407354854728624,49.27064435988541,49.17364735351339,40.35995656878026,35.988487833912814,32.92929641494993,32.6764730205648,43.478301694322454,45.441797349330045,46.701396056272415,54.26473546605098,43.759675297100785,42.24782402151436,41.968317746730236,38.0963669802652,33.35326312826828,37.174017197260696,42.35777913852786,30.917525680473773,30.1300966258259,,46.853734595995775,,40.75837304686229,39.59257618474112,,38.1665356155836,34.66052420254255,32.58635528823834,29.38964943664132,27.941893128646825,39.8728986097326,25.563945679607514,29.1853147522595,29.339100244456176,,25.339842489889975,,,,
2024-06-13 05:08:00,44.70736078673542,49.5812270904903,49.86816270332292,40.92083794749442,36.297223567079755,33.118914766641296,35.64000778131776,45.09060838383243,46.39968988183659,47.50338163966603,54.65335546293272,45.018214850082586,42.82352836418431,42.508477931105745,38.66889526370301,33.63225400515444,37.566457997128396,43.14828842307992,31.16214753312738,30.32466362243349,,47.46745325956431,,41.37723537498323,40.07252090131669,,38.58476559972223,34.985963748483755,32.58946879233508,29.593635504888425,28.122578355505993,40.462174821594544,25.563945679607514,29.702664370825687,29.704963390341618,,25.794057638959202,,,,
2024-06-13 05:09:00,45.31459615140443,49.2830265137809,49.82971734449529,41.258986026177126,36.33777705035254,33.411897879656294,39.437151547762596,45.376411051251125,46.858682843922224,48.11147806013423,54.37979175698001,45.92005612045796,43.27088712621958,42.99317976771317,38.85181808759921,34.09265600111564,37.99714698485411,43.55898965815811,31.23027510026327,30.380650687900015,,47.7568125125224,,41.595445738399576,40.264361857180575,,38.74366394191884,35.18348952155338,32.592582067227795,29.806507401179715,28.276260266248755,40.61447680603487,26.381196160237323,29.732649471671493,30.0160287443407,,26.298742166270245,,,,
2024-06-13 05:10:00,45.53781114984463,49.618386409346385,49.710498668013315,41.56029958252111,36.50304712218235,33.64571109540657,41.69189890065991,47.74426579500778,47.60447068638268,48.72652261638632,55.354717192432645,48.58861466446433,43.71646268814379,43.43992415394132,39.26308976317,34.519950869642685,38.30914546143754,44.111294476977264,31.426891129505748,30.74353105736236,,48.148395819768666,,42.015660336133806,40.668192906323384,,39.097987568988174,35.50417651589032,32.595695112916474,30.062766556297902,28.573315340690897,40.79294394628778,26.57155082044528,30.062485317497703,30.25993837479723,,26.64516966887004,,,,
2024-06-13 05:11:00,46.029842168761434,50.35009097869033,49.506980987150655,42.005453295556435,36.855821410778844,33.862413080003535,42.51177997510672,49.18854359271177,47.84307306551068,49.12231709044431,55.87326719574867,49.22468239538648,43.98489711882098,43.844119342304566,39.723823039656736,34.61365064613949,38.56521919702516,44.31036660849179,31.5445548254836,31.13112517870377,,48.40704901225513,,42.17574128054366,40.83539013849759,,39.337237349780935,35.70556769057612,32.59880792940112,30.251024013808546,28.556623246553954,41.11794180157767,26.76189702223064,30.144832601920143,30.412381786732567,,27.022942207907704,,,,
2024-06-13 05:12:00,46.90580588182581,50.67929993760799,49.42283487667919,42.153842356719224,36.855821410778844,33.7761590642732,43.992440432461535,49.98801948344885,47.38862408269347,49.13584062949758,55.31910411826357,47.9011452869845,44.14035173083289,43.788659473776534,39.656745921995935,34.681985577688465,38.56521919702516,44.06960895829275,31.476425799811977,31.04697732941986,,48.1378420713213,,42.01518934561227,40.706261703162454,,39.205739013847506,35.756143285879716,32.60192051668173,30.174147045605878,28.564969469566222,41.02531434295133,26.87987482946164,29.93493842159296,30.25375721979958,,27.13612303916136,,,,
2024-06-13 05:13:00,47.100169909033184,50.87773470981938,50.22951603606998,42.123316053313374,36.727182817845005,33.7661774858243,45.52411738640808,52.72865890751109,47.25770423331937,49.2300832398746,55.42420948635822,47.6095349451607,44.008395238836556,43.971759510897755,39.56323935155979,34.674233371376545,38.64959688586191,43.899644637911706,31.28133892300343,31.137698042791726,,48.240043035798635,,42.13619065865669,40.759253445301056,,39.22765542654906,35.77904928681255,32.60503287475785,30.251024013808546,28.583628560451416,41.10277087970644,26.96588708728359,29.79978690591315,30.101314596473685,,27.211083953113416,,,,
2024-06-13 05:14:00,47.04494578007893,50.55020813789861,50.190899020687084,42.07102573996872,36.41452308411226,33.5444902334051,48.80345126152247,54.31831761493004,47.18268461832463,48.86348114429211,55.52279925709945,47.40161985252644,43.73454877914173,43.678485695660584,39.59033610114443,34.633367976396585,38.5377595547983,43.93881122929787,31.007305265443392,30.96782934399789,,48.120067547380586,,41.9765816761128,40.46141144944977,,39.066914536826516,35.55384284822276,32.60814500363085,30.00465185470466,28.564969469566222,40.81909981142144,26.981868831371685,29.364795584192052,29.875536656219083,,27.05283465924481,,,,
2024-06-13 05:15:00,46.944138681500135,49.827519660766484,50.06814524099582,41.763380419784426,36.45856323036378,33.36700274039356,50.96360783365253,53.50960376772923,46.93272961897719,48.60998095836999,55.95933237350005,47.374533976983,43.655926613335396,43.272407516338035,39.46092659376609,34.55340961347906,38.4013987623955,43.85544993048495,31.018131055051754,30.723820511590475,,47.95306886374419,,41.75836035350949,40.334880460833574,,39.08333174154723,35.549078976902365,32.61125690330027,30.082529881460687,28.508992196910185,40.632255246067416,26.320832263415014,29.169684941544347,29.662119122546073,,26.958034293851483,,,,
2024-06-13 05:16:00,46.70171973861761,50.0411751098145,49.7454105730294,42.075542032578824,36.34824237102066,33.4653708636406,51.26274308553957,52.206089205026274,47.29034775402238,48.69228383386553,56.57608037658065,47.91463999635653,43.71919300621403,43.20859061458805,39.54628532641641,34.75629607024234,38.43672238336103,43.52559578559129,30.959301148592658,31.055394941230134,,48.10469861465185,,41.75883121460811,40.38786966421503,,39.0595831574974,35.48897592834828,32.614368573765205,30.125904230247215,28.563001426107803,40.70132435004507,26.198229386044204,29.064529187123526,29.5582997706299,,26.92594991777628,,,,
2024-06-13 05:17:00,45.71796039505625,50.24411212979612,49.07536168632032,41.94680599158778,36.20478386821128,33.275767402341444,49.70966682988865,51.4871057350872,46.869092829684405,48.74379757609313,56.40537743315576,48.593275673730204,43.45530978835154,43.09198161426184,39.483951086426714,34.33890101584757,38.29350255634563,43.38978897310716,30.675980646638436,30.79324398191011,,47.78126408761091,,41.46105801576596,40.07771739191821,,38.8988456866241,35.383063492365636,32.61748001502701,30.101279323901508,28.436324183956003,40.64582830946392,26.198229386044204,28.77947575534904,29.369196081304835,,26.755461546794777,,,,
2024-06-13 05:18:00,45.49483226241205,49.66577987647315,48.70698838249882,41.53220416391105,36.06874030825338,32.999919031399486,48.09162485603815,49.79100079837713,45.88121478218818,48.14762515291591,54.82352946295009,46.765244655396145,43.116428510784544,42.47322560677162,39.278669978791186,34.11065820596707,38.07277437844107,42.979126330873726,30.53819929272231,30.536099336181906,,47.10518052549105,,41.00229305750281,39.70378321085036,,38.6924510564686,35.29529002235677,32.62059122708479,30.016533540299406,28.44466973004819,40.28054509460662,26.042138904248077,28.4720439143357,29.161956895000003,,26.70500029166692,,,,
2024-06-13 05:19:00,45.54515386915807,48.849099774313345,49.07858920997069,41.37084373591324,35.965835332616734,33.13036237916492,45.97661188003303,48.71413128971653,45.47092080027437,47.931850932115594,53.305609952149325,44.86961520149907,43.00618763363559,42.41587554842067,39.082204020911604,34.05219337885433,37.88737527857529,42.4768677811598,30.431371811946747,30.376242743573584,,47.07687372736177,,41.004661995677,39.6492867740908,,38.68878272896791,35.28575752603547,32.62370220993944,30.008657789021527,28.4343558333685,40.13244152517882,26.02614957946571,28.427274155898203,29.125294074628073,,26.79979583459442,,,,
2024-06-13 05:20:00,46.36339560645342,49.18108962975066,49.39773588379239,41.64370319578575,36.48035967682722,33.31497530818717,45.61956098931091,49.32466197541089,46.06659068233421,47.88569389433019,53.266157040553935,44.525863776670576,43.53845854542101,42.775588728784214,39.28814786453336,34.27655941884939,38.14342523236951,42.812494121279656,30.519615344825752,30.938594325892154,,47.66222702465416,,41.38479256494384,40.029906431663676,,39.01931706092864,35.71614522843265,32.62681296359051,30.46986847001699,28.561031289231323,40.534827988171855,26.806659744791887,28.374496281170195,29.369196081304835,,27.064354540707654,,,,
2024-06-13 05:21:00,46.720956438670214,49.502358351991006,48.654244975743495,41.37960770717223,36.04301406934951,33.15246112958039,44.59831446131102,47.90323819397827,46.14110376966664,47.54148081862195,53.35619976307248,44.41114133875908,43.136318901623326,42.639616567191524,39.33285940208066,34.50092218062855,38.049264871013065,43.019058598976414,30.333837304670396,30.979853722677035,,47.44823147546094,,41.086104726449776,39.70227029557691,,38.94990391271858,35.62453410618082,32.629923488038,30.29938029349205,28.577719178628286,40.40607884888959,26.981868831371685,28.434462281304377,29.308220599390324,,27.140046018356202,,,,
2024-06-13 05:22:00,46.5889591388011,49.62860277436948,47.714374476430294,41.026067037436405,35.74911750732804,33.12537542488349,44.221713806608705,46.28086093643924,45.48183631852976,47.27765411107566,53.453026417690126,43.96142260454144,42.85436761732694,42.23548581194768,39.06458996978222,34.29804536677341,37.74417046510791,42.7258878621368,30.039693477763194,30.458781427110353,,46.89455296979986,,40.60594970077955,39.24142165717694,,38.53172271394351,35.408871678981086,32.63303378328192,30.103271410143407,28.334685403567164,40.003702531600084,26.96588708728359,28.17980895241749,28.9485412699687,,27.064354540707654,,,,
2024-06-13 05:23:00,45.873895032348855,49.02438396202433,47.87217493037679,40.65078300721643,35.46612438963484,32.827432517447846,44.2331555352107,46.18925476026175,44.65082703538383,47.21765485568994,53.40728785396527,43.79816063240105,42.420594933844086,41.795279295894716,38.75160833758764,34.06206428729456,37.579357317720564,42.35692370562805,29.756388365047997,29.883302384393573,,46.233892121965255,,40.18676840832131,38.738413080154714,,38.20119623690698,35.28482246723206,32.63614384932362,29.881542176641688,28.064647025371414,39.48776192951391,26.96588708728359,27.714869227118925,28.63131733264254,,26.893867642973305,,,,
2024-06-13 05:24:00,44.76544984218265,47.886532163385255,48.37357043856446,40.31269516598013,35.068926091085814,32.5786773674015,44.04289980076487,45.69946578760096,44.121158668100634,46.74155898098502,52.53603298067287,43.188634103381446,42.16671460609814,41.629718309560076,38.52874538334345,33.9060373851305,37.20172984597173,42.13788075329671,29.541203119386637,29.680617055329094,,46.19026588775364,,40.08865131064613,38.63095459127226,,38.15004258794079,35.25238286008107,32.63925368616128,29.813548749008987,27.983635337379383,39.432289306328585,26.303352032790826,27.362277854907916,28.381245384632393,,26.610206185633956,,,,
2024-06-13 05:25:00,43.19378677139309,46.385994247108556,47.272326480022,39.37665755350076,34.157250475722094,31.827450835862237,41.571593780338844,43.32344830081547,42.98785122689219,45.359533048231924,50.17329421448858,40.61716708024687,41.13388335431932,40.28606086562354,37.49638016175663,33.41647815192732,36.37188828933506,41.10190331289914,28.70832876164718,28.688319113965463,,45.133450457116396,,38.711667805328034,37.36123741158053,,37.196853439188544,34.50046021015078,32.64236329379628,29.01240416046994,27.333589439115713,38.61762680712718,25.870053954019113,26.425227942989068,27.54574983285056,,25.847160609504044,,,,
2024-06-13 05:26:00,41.75636909799698,46.21956411261954,45.86259247639282,39.04325261895997,33.92185920653242,31.50960892095793,36.90609963306656,40.263136007642515,42.744668791820004,44.43543681374217,48.20497065766972,38.4155828953385,40.60456791087813,39.52787179223856,37.220071688964254,32.84312797248742,35.889381389499476,40.27344208279999,28.4745901968588,28.873327404147858,,44.57618477109236,,38.218400897098945,36.988628929609604,,36.9886903877391,34.24762535577838,32.6454726722277,28.792715879926618,27.105312779198357,37.900900595787334,25.768019579177235,25.674964131580282,26.996651172501288,,25.3234572716367,,,,
2024-06-13 05:27:00,42.985133900837354,49.08791060187241,48.119859279870525,40.610098293734836,35.52417496246653,32.42050732653149,37.03271567188244,41.90873678838875,45.724311112948044,46.72049161195514,51.1568046467753,41.55824144363942,42.30420777669292,41.854279094190815,38.74485324998136,33.98037039331848,37.385247151325075,42.177002370207845,29.327577780169122,31.408712672617185,,47.13815015463706,,40.836818664377006,39.72337577049393,,38.90039935077493,35.709451965998596,32.64858182145599,30.268837404337773,28.02536874893076,40.062064245422334,26.602650201030883,27.136834123718018,28.246591623198128,,26.79835283265436,,,,
2024-06-13 05:28:00,44.2811626359852,50.17930410325562,49.49071909863642,41.526418770728924,35.94317585585418,33.05340869813608,38.963389350106354,43.69419816538516,46.79048361947275,48.40725042681106,54.84824350962913,44.3360647107902,43.180631199277286,43.042577485866104,39.27593159461253,34.694267258034756,38.012028325466076,43.1787247871041,29.50405746721367,31.723640774031992,,48.06450237902982,,41.51413264187704,40.17905517403369,,39.24748214528472,35.88027701995861,32.651690741481616,30.50632946813721,28.152038597257615,40.66543932910736,27.367178375258845,27.81161852747846,28.73437176291077,,27.971147215851033,,,,
2024-06-13 05:29:00,46.037287352302315,49.99588593980934,49.58217262478274,41.519783545923474,35.69334011183241,33.474638707597705,40.67488118233109,47.24644491707977,46.15365255695656,48.32315652655052,56.329453464573135,44.98309319194959,43.34779378840153,43.06766230081621,39.42294315717845,35.053158469305686,38.16209383862997,43.141325971356025,29.54275731845223,31.13175365812549,,47.72730420673565,,41.09266665157156,39.677605226512696,,39.03204083373703,35.78866913371894,,30.46297115246034,28.072993870200207,40.252154668105504,28.14763278170608,27.97671980283849,29.027271327549897,,28.741025474431353,,,,
2024-06-13 05:30:00,47.83850717856615,49.77164453319892,49.7716821049039,41.7488116330253,35.906548540460335,33.7404937209476,42.893725505982275,51.25885781407351,46.01915661310068,47.920586393829126,55.3119508269715,44.88284914035148,43.45984190808986,43.125014514625036,39.70882589525377,35.40817254305,38.375938289478086,43.07055280049093,29.621710496152218,31.17956986577974,,47.607358895243124,,41.013117868878,39.63132186325038,,39.074026232912274,35.852601902425704,,30.514214865449503,28.081340363141862,40.14696723634188,29.33269495485206,28.366487828786603,29.301651722716315,,29.239507960161063,,,,
2024-06-13 05:31:00,49.21998397737627,49.85718459510326,50.11156815055074,42.241912816748936,35.97631172874367,34.15175364264769,45.640845066368456,51.835428557618116,46.7899414162373,48.06283032781653,53.8743117873737,44.120739446124844,43.74178699815434,43.29516474604907,40.0265235334964,35.55643859823954,38.72612795416842,43.274586330728766,29.64028471246843,31.229025477574396,,47.983445483370815,,41.17221639868376,39.75372434056135,,39.09593838964747,35.78866913371894,,30.598966134580678,27.964978989984957,40.36830690595343,30.09711624666238,28.389282701453567,29.429775279422074,,29.88857319470287,,,,
2024-06-13 05:32:00,49.48394730996836,49.07513236923705,50.04884533295717,42.26155183335618,35.65670890054707,34.29716570075129,47.70772060509148,51.83593325288871,46.94363212819485,48.21010947182958,53.76339266399532,44.41341634613582,43.767093101312184,43.24808274662928,39.762348840532695,35.35745626742698,38.57506342805959,43.30545533728332,29.375562161610787,30.55462860391117,,47.86263295587992,,40.870278044232236,39.366422617348235,,38.796513152098214,35.500481781796225,,30.436363292403712,27.775952605038583,40.03662751008051,30.065199622152477,28.164615155094907,29.283516883337597,,30.071283856072114,,,,
2024-06-13 05:33:00,48.330402173485254,47.842792565556465,48.835969966651646,41.338513996091024,35.32228276624983,33.91298461988663,48.75064689947067,51.1533131334329,45.57267645297111,47.31955490474297,54.18301214907456,44.95190069351656,43.11463036814939,42.18083587726778,39.1546844045713,34.99856325197777,38.08852405653238,42.23031455443373,29.0040312396452,29.581991849721362,,46.76596574425548,,39.75286896004127,38.32499868486411,,38.148209755887365,34.99092645579867,,30.09638454086371,27.306585842748518,39.29099946228189,29.89336156039508,27.714474467850323,28.80189684456309,,29.762426270216793,,,,
2024-06-13 05:34:00,46.771226927826206,47.39994650325889,47.450790313473135,40.92609015624748,34.895872474677844,33.58297719642246,48.77384639990919,50.70252045415191,44.7304978098648,46.757792380275305,53.6453535215453,44.214247670337954,42.71249560647243,41.49189931664637,38.84239524298141,34.71574829181111,37.72461742858104,41.474185248786966,28.67120257273632,29.13697366122733,,45.92790087971457,,39.09369432303038,37.88995679501568,,37.83228373127122,34.53196662629489,,29.925904855910176,27.06160680771154,38.73221379169627,29.89336156039508,27.204773233790092,28.332246301967643,,29.440553790923104,,,,
2024-06-13 05:35:00,46.33459710641705,46.8433444684656,46.1989798916411,40.52909770666861,34.52444061765527,33.307142554710026,48.74942753012715,49.34027011191665,43.612662361685125,46.06761812783702,51.98625140543413,42.168861519811344,42.17845101335047,40.73084915864274,38.36890525979379,34.55972533006593,37.343060143188495,40.524949609578584,28.367790253463227,28.533770821406506,,45.074542088786984,,38.35695874954672,37.237435010423724,,37.321007114839176,34.178922990479805,,29.5603282664174,26.754275892521946,38.11800920950964,29.89336156039508,26.867376349910046,27.740658740107847,,28.992541531809593,,,,
2024-06-13 05:36:00,46.19545657955291,46.237737978477526,46.07618506601466,40.37655254936294,34.278124134172,33.20593784030177,46.55768998467943,47.28471034429913,43.16532193470812,45.56239366234877,50.1893666538715,39.748831784917,41.87942781301376,40.55053094816685,38.32894695884147,34.37447218506486,37.31853766186089,40.480861571246066,28.084515658722694,28.500896802163425,,44.73833909087989,,38.178395748186176,37.221052679417426,,37.49079841090179,34.159863890851284,,29.715045788645057,26.743979463489268,38.0902847967468,29.700715519570394,26.469650607429003,27.417295251177848,,28.594993870065423,,,,
2024-06-13 05:37:00,45.28143730824104,46.28967987855276,46.74557649666531,40.3418375807978,34.14563128898658,33.218057615195676,42.88227788712038,43.36167449015966,43.46611352190416,45.54900859998315,49.34819414306912,38.58599194634144,41.99066849730934,40.61062013999913,38.602611375990136,34.30438572036064,37.291107968554,40.818971455206224,27.99627724732136,29.048227652330297,,45.2223791148283,,38.54182419059862,37.524016590601605,,37.65690773728238,34.168465468523664,,29.84413500010487,26.6713250410603,38.320983493356835,29.092157159926046,26.28976149476307,27.130591503050937,,28.392402219874953,,,,
2024-06-13 05:38:00,44.055621445871,46.92403469597366,47.56572700894867,40.67144305282818,34.05366428862726,33.09476268239814,42.35128033121873,43.38099952598509,44.25543726374349,45.88313897909029,51.21994831907364,40.41816742106539,42.077409472131194,41.05720712210132,38.683213806900085,34.3219931166376,37.30877215594455,41.43929135324561,28.07681477618962,29.70918105513283,,45.8439988244138,,39.081854314341854,38.117937026538584,,38.075018727435236,34.5443950482736,,30.33090544226161,26.91239718123279,38.6803546415872,28.91547437762233,26.11673501452151,27.075450680667245,,28.158477603748906,,,,
2024-06-13 05:39:00,44.147011780030425,47.87382842531542,47.485186943246845,41.08168229298735,34.490948824915904,33.25227071783331,41.479934852527094,45.667164038006376,44.66507463298399,46.20339218477102,53.71066821720183,42.48420552977359,42.43431776950706,41.46772188146747,39.01375530548967,34.622389731041494,37.508889026368934,41.69075104663659,28.185184010493003,29.969618036523116,,46.2305848281344,,39.342816218828375,38.361169779716874,,38.31417870946234,34.79629120532627,,30.54472461559044,27.039056108052137,38.95132503846162,28.91547437762233,26.251829210232017,27.160741970148592,,28.341187099359786,,,,
2024-06-13 05:40:00,44.86683977090718,48.00903235456508,47.63582726825143,41.269282926047936,34.40637958541129,33.463941293422636,42.042401210372645,49.602235697103424,45.015224276250365,46.45866875539241,54.66759644478566,43.807624403752015,42.5111132725965,41.59531600987498,39.09435505409829,34.622389731041494,37.39708782510809,41.92887797539794,28.17590489618169,29.908632234642937,,46.525564328449946,,39.481399481526296,38.407439559252,,38.51135836047615,34.83731899096756,,30.715195958940512,27.101409403139314,39.07165030385795,28.91547437762233,26.18428177227861,27.124092881892693,,28.580464243459573,,,,
2024-06-13 05:41:00,45.69677516040588,47.38032772680344,47.69883601663241,40.97474447830609,34.18967737111552,33.35561185011363,42.69462355894825,50.30680720309465,44.42301647572822,46.25145285330768,53.107687414307065,42.623895044936035,42.37105649979708,41.397462226260814,38.969051028432204,34.69458032983664,37.25682085192045,41.356053168616086,27.96074477094521,29.61689001608147,,46.066070190731125,,39.14233390820027,38.07167200136064,,38.26852055039535,34.62645395902018,,30.724058719603363,27.136760068046897,38.86551642980976,28.91547437762233,26.32659721604159,26.965505466883997,,28.549121437148187,,,,
2024-06-13 05:42:00,45.682361125145576,46.96685390122548,47.621645901399916,40.82641750374364,33.998346281626254,33.215211818360785,44.299657667249676,48.29237337099812,44.37805181542012,46.242996313785625,51.47726189652849,41.783404127182166,42.23915271988767,41.353052601719355,39.03610743884383,34.73753680794937,37.162687388702125,41.110462090056444,27.922055454750762,29.499880464371927,,46.027214999845,,38.9832820235024,38.08248384951412,,38.35247221518557,34.731407329442845,,30.91225360249473,27.155412814587635,38.8806760454504,28.91547437762233,26.16910955458593,26.95934225450287,,28.51777828512229,,,,
2024-06-13 05:43:00,44.545404737961576,46.67337528856751,46.93111257047576,40.39021344516141,33.78164309548197,33.20523546937818,44.33350231489635,47.594370412143235,44.22137393700609,45.74477961753041,50.98217341379109,41.531850514196776,41.82535079901618,40.804750399909835,38.7726211219383,34.491734361750105,36.9174832200606,40.68420888384094,27.63880015433756,29.491652914738097,,45.78164700548291,,38.58566919067471,37.70457687229191,,38.151615443051924,34.54344521043913,,30.80977794869068,27.072453388124814,38.608098549388615,28.91547437762233,25.92926825564814,26.77643519334447,,28.41686901992591,,,,
2024-06-13 05:44:00,43.48485371173888,47.009661790280916,46.74507714759466,40.40773917993101,33.91730839974298,33.28149232453916,45.41064874513768,49.62542162242153,44.243157834495605,46.04117392709372,51.80182515370029,42.00411986069139,42.15877612278382,41.02386193660436,38.73265698577052,34.4878586073977,37.03322931079515,40.890662670048926,27.629523994288775,29.750416718926772,,45.810901658815965,,38.80614304025221,38.04702652625792,,38.28306365388062,34.63026867660801,,30.95559338497469,27.188805800436967,38.7974383558967,28.58419523626685,26.08639197137677,26.666496684708136,,28.397758584590974,,,,
2024-06-13 05:45:00,43.13194643884515,46.920073915609464,46.85336410110858,40.246445304193685,33.80349727170051,33.1631896132634,44.48882317670973,48.70642520990418,43.65057354608007,45.73134525691171,51.06072403822736,40.18009226232152,41.8750933710146,40.74555344735745,38.55858667946063,34.37868616627338,36.91458231471802,40.477762678539705,27.552150474873088,29.717444240223813,,45.605148544791064,,38.46806605529673,37.8321297110997,,38.18990582101651,34.47856312682097,,30.91321658288598,27.170152368017625,38.703237663058644,28.813556145806842,25.779011428712693,26.410304019305613,,28.27162294832874,,,,
2024-06-13 05:46:00,44.482590738688145,47.53904300939166,47.683962156775124,40.942394148554285,34.25168457178529,33.434002833433055,45.94121018070382,48.79691859409968,44.35801284172726,46.11151571397795,51.70932792145072,40.556599295035994,42.13350633535197,41.20690178641007,38.86269512465833,34.62836164506405,37.215676311960124,41.15047205670521,27.669792854380376,30.42613464446049,,46.192649438112994,,39.00756079352277,38.37302356149894,,38.60799243938118,34.83158181292538,,31.280730382673028,27.44850534811394,39.15254989759751,28.883541557377157,25.943718216270327,26.64801175099774,,28.45432938379099,,,,
2024-06-13 05:47:00,45.13289557306473,47.379715168915936,47.30580616107636,40.63912720205872,33.80349727170051,33.35774811255783,46.57974826574218,47.64611205021242,43.99340255579796,45.78092953108444,52.66208399795778,41.83114680516792,42.08019388528692,40.88793839283926,38.54504028915676,34.47623134434025,36.93910204538645,40.93566099714798,27.39582244930898,29.65976856879388,,45.855502366235896,,38.46662973517823,37.749332559787035,,38.151615443051924,34.53390296341604,,30.997970523591903,27.348848902447116,38.70743492116844,28.76087727041204,25.74144808218034,26.367500178979753,,28.662260323791088,,,,
2024-06-13 05:48:00,45.33943964427351,46.88517631394734,46.74507714759466,40.32498180370453,33.590327893341055,33.29360738110654,46.77818068047577,47.62935634190171,43.53160241222872,45.36306999724911,53.22533178992148,42.04185944649225,41.88682960494043,40.54957217143715,38.37503290276004,34.42164582481803,36.91458231471802,40.39114825580947,27.248770116694914,29.04831123003123,,45.22098492459668,,37.96664116300599,37.151365744300165,,37.731684597177264,34.19901512080014,,30.870840117327134,27.22219315609709,38.1613576961372,28.91547437762233,25.538823635509516,26.202765026188672,,28.662260323791088,,,,
2024-06-13 05:49:00,44.7712335271583,46.68521350596893,46.4855991845634,40.078502267032945,33.608652972130585,33.374850813587045,47.72840394712648,49.82368760653753,43.74365807023719,45.3769311239364,53.070338174229846,42.14182784179411,41.6934579442659,40.55603971493906,38.52268895609882,34.62060804353814,36.8655428445594,40.360419580749124,27.268906344316974,29.198297902265494,,45.195092193941264,,37.96760796518356,37.493803384481,,37.90878694654111,34.382199322682936,,31.09254496465337,27.46519507466064,38.311987149164906,28.91547437762233,25.4413048479571,26.159963953386523,,28.65003005947733,,,,
2024-06-13 05:50:00,44.40672315338372,46.26391345518687,46.40824810259437,39.9606982664709,33.362371414676545,33.21236392737762,49.42542289712378,52.01373741526277,43.0544042902543,45.35311685638544,51.04077737946909,40.83147073770806,41.518200213478394,40.05862772172327,38.366229528150825,34.42164582481803,36.67334330610697,39.890143163584014,27.044488063791732,28.893419542871925,,44.81431068918937,,37.688587848358566,37.08198603555638,,37.644052990344335,34.21237212971528,,30.836361448119987,27.265884610740613,38.028471400877606,28.91547437762233,25.55363651073708,25.94042742021975,,28.47343999872828,,,,
2024-06-13 05:51:00,43.617405675150735,45.735086767290795,46.11021117414748,39.60308944047256,33.12348912312564,32.86030871573314,50.02901303937779,51.79890028183149,42.648073538632616,44.899578213215136,49.13949269203499,39.46303130106389,41.276116043968386,39.52333282175732,38.18336345840453,34.10964046420213,36.40759472018567,39.652053667997336,26.87889374876363,28.92638877099398,,44.572155888099815,,37.431031519788576,36.8712379591434,,37.52900155112275,34.065445421109416,,30.888559628840085,27.317918118042144,37.61628202338807,28.58419523626685,25.118776352130908,25.78185787946404,,28.27774069357781,,,,
2024-06-13 05:52:00,43.80181914684306,46.172645270695284,46.73738931731623,40.091814878938976,33.53502219094389,33.148225612736496,52.33415937277323,51.654098958560326,43.452155966080454,45.28664647748769,49.57493836564731,39.809802509244946,41.81641220138522,40.2314950491309,38.568067832561155,34.56214574385149,36.79989423611005,40.432129905186684,27.163716230420277,29.639944828278203,,45.12317755661343,,38.151441557033195,37.670199745793525,,38.120498766865694,34.61497999253561,,31.28958743964904,27.776905493789855,38.25487393927142,28.813556145806842,25.418558007414504,26.08052257149825,,28.63703351257493,,,,
2024-06-13 05:53:00,44.84750450502963,47.757943866002734,47.64156125296449,41.16499429979058,34.203761608207515,33.75398655080994,56.58345706134514,52.82053167855611,45.17661819907539,46.69224780161335,52.552735677468945,42.17340132437175,42.76232495960767,41.68762660511993,39.35441479151973,35.22523927051054,37.57369282448076,41.687462563238626,27.790590978422188,30.635394087233635,,46.56382031910243,,39.46894144213866,38.95452739590337,,38.985962746913174,35.38969926783511,,31.99709387795565,28.399871831367363,39.329262209807894,29.23079109601281,26.33307558789079,26.915866114211894,,29.683551311339556,,,,
2024-06-13 05:54:00,45.56236688333456,48.51184363366656,48.279951788709695,41.513904448507674,34.4282172406206,34.16519734814631,57.29920417641779,54.533418370314166,45.90428433341526,47.38886550018469,55.49969205624143,44.80935464451113,43.4002004676322,42.31644313478296,39.82315293900842,35.634794515903195,37.91988885992282,42.181141905685195,27.92678548672484,30.587714060110102,,46.9907757113981,,39.72376693623983,39.166930939357826,,39.10843214018951,35.61967639478189,,32.20901668882334,28.64286703882044,39.556419020053,29.89336156039508,26.88065967348075,27.233020273502916,,30.396813696052163,,,,
2024-06-13 05:55:00,45.16663017414294,47.42821589480445,46.710206498908974,41.00765910159794,33.82182110546796,33.776075647750304,58.15491657729899,57.534163595332075,44.40030198552245,46.74312893894535,55.92028400391587,46.32970354083773,42.55627989646041,41.26152796871679,39.080811695203465,35.30518421399688,37.42949604110004,41.110462090056444,27.369582197291493,29.391095506180136,,45.56197040134657,,38.42470940052863,37.613555875406746,,38.250291819528684,34.90884980065357,,31.638435542714888,28.37088531718291,38.612293003476225,29.23560240462234,26.610469862650916,26.824418879512677,,30.006194958246056,,,,
2024-06-13 05:56:00,43.26205503086737,45.780590456123264,45.08027054322656,39.63568756430891,32.98010006614413,33.295743297280865,58.57986787060736,56.995776987854015,41.97830444868032,45.116699086791186,52.720535517535154,43.71472814062872,41.24448048220779,39.61670436262989,38.456315530889924,34.74946910659537,36.62140969785901,39.102615860081926,26.959440926286334,28.631400688233498,,43.74388014580086,,36.87254844074914,36.41730831419409,,37.38653039167366,34.32491711149578,,31.273777770163633,28.105262243711422,37.495983033662924,27.89442023289189,25.553282385197008,26.08052257149825,,28.98409624757153,,,,
2024-06-13 05:57:00,41.82255484022551,45.099267570808934,44.46317206988397,38.9902758855726,32.667612295337676,32.96080593359852,59.18734096124922,55.394149369353045,40.8008113228143,44.149681599572205,48.98748375931723,39.91201674525155,40.73689146637753,38.75883798082464,38.157645131815116,34.18781461282242,36.19089278239994,38.104865661239444,26.823260770210027,28.41884856758088,,43.23380986261918,,36.41751255664758,36.04883672465439,,37.15275871325866,34.209454956848276,,31.05398418766299,28.08461191792003,37.15962484896636,26.55790009056136,25.200782881994883,25.702423386869214,,28.088163487334327,,,,
2024-06-13 05:58:00,39.66345811982683,45.35327353808498,44.91133295114287,38.92760487395594,32.77758217509199,32.93088420791025,59.03507139959265,53.631005134629504,41.22781381652703,43.72253149612743,47.17041790749795,37.25759183941091,40.617832250152105,38.50285484106416,38.23485779269254,33.81350756181348,35.96446969007741,38.34506075842097,26.670133398046346,29.198122283049543,,43.61185423172765,,36.68522084311144,36.49408308711054,,37.450213085343876,34.40972746473699,,31.218422007487334,28.26959948760532,37.49204387350119,25.69796351556988,24.75044586551371,25.452118201401845,,27.293163855219518,,,,
2024-06-13 05:59:00,38.08460112451439,46.32873052635159,45.81093168697225,39.0916905982624,33.023521423499915,32.94300172850137,56.176100085029475,48.75984657608774,42.03043337568806,44.19917086311625,46.82490888816824,35.24824869770873,40.638783731216336,38.91603775624321,38.44612603337191,33.89555683577885,36.02143649343316,39.35311857119626,26.84816662769208,30.461532413828536,,44.477298746595125,,37.46921657599114,37.245003601211465,,38.02866851524641,34.92192614422038,,31.66365115876397,28.64553594496647,38.116178081112594,24.812237949480277,24.885165922361693,25.488456939266143,,26.914055940569483,,,,
2024-06-13 06:00:00,37.757009630954485,47.42729121576804,47.11345886454819,39.724329823998914,33.46425301431691,33.33420796680116,52.11374934010155,44.75979227188009,43.19862523455731,45.17505890084294,48.79703246307827,36.95421446596583,41.41558454193273,39.97706636414546,38.97426475234511,34.348013119389634,36.547075841489004,40.567393111917795,27.08342137506156,31.519166827186837,,45.634087501536214,,38.45017686701203,38.172689705190805,,38.70578592755419,35.54003256120086,,32.10701003527038,29.077460243292535,38.939583758615754,24.812237949480277,25.29724152452036,25.762777816843254,,27.128111452605367,,,,
2024-06-13 06:01:00,38.69442229983849,48.21211646776055,47.933313097873,40.51154926675463,34.00079850191764,33.49667486770511,51.998117944568094,47.76841389045444,44.44642093438097,46.384971381295145,52.33095231493439,40.334538266642994,42.146270843943284,40.75257598748203,39.398198799070315,34.96808909456445,37.18739316341566,41.56351299226395,27.436302922433242,31.921371030185128,,46.52591910402748,,39.16663367150704,38.68940366133256,,39.069229777261626,36.04474314163508,,32.404618032288,29.474063389088315,39.37957229026051,24.98283336369741,25.702089968408245,26.152859060990977,,27.67694147353916,,,,
2024-06-13 06:02:00,40.348402537363086,48.82553699145319,48.2103060626614,41.31181349983058,34.445402865177584,33.88075720213544,52.97496309153212,50.73969080541087,45.36663008534606,47.10202449132498,55.16882457762267,42.84240418801528,42.78847864426302,41.840570761361505,39.822161403660175,35.34836969122,37.48158525851011,42.14107914734706,27.660705274345673,32.414214551497025,,47.21449890056988,,39.74457098751782,39.20452966404764,,39.49654829019073,36.5121989428867,,32.81354177300091,29.75436583084229,39.806936494880574,25.97208661223158,26.459448198185555,26.652861177371506,,28.389368559945638,,,,
2024-06-13 06:03:00,40.95796887897211,48.47269965089299,47.64630941673386,41.25506631589974,34.03779879037097,33.674117188942546,52.6811118894243,51.78100478728652,44.68167096130651,46.727125565696724,55.029218724462226,45.646846309558896,42.6421689985566,41.27493267266868,39.499867428800826,35.27231360282417,37.19425145735261,41.345442372719276,27.375910037600534,31.80291290592959,,46.52509639733762,,39.00393679833496,38.21967928375625,,38.859472269387425,35.990437493699574,,32.38508370227191,29.50308142194035,39.277873800109774,25.92411812102182,26.137294009195102,26.415180726178733,,28.65461506804229,,,,
2024-06-13 06:04:00,41.9786981247039,48.1642713747533,47.450418819547394,40.934389366535925,33.87256601336662,33.65702219085608,52.70907404036211,53.27148047220885,43.98224406732629,46.567801453029915,54.28498232848074,47.50556628025652,42.41905528406846,41.008801024242985,39.44572912979129,35.334663761901425,37.1304746222761,41.02831007601321,27.46413192392106,31.297227432409727,,45.96608288732,,38.622211230596804,37.85165128831932,,38.582121532037036,35.90365184891198,,32.39393040705181,29.540423608914352,38.63268322416934,26.291985683080384,26.50498051394652,26.525106209128808,,28.90764243901333,,,,
2024-06-13 06:05:00,43.33989492711703,47.71004142693437,47.23728412192213,41.193838323603586,34.02687993111749,33.99694731252862,54.85964072273441,57.34320275989444,43.818873613413416,46.547139798552735,53.270584105651096,46.56927085451116,42.76142675202027,41.3508643789728,39.66858636599318,35.578371068244564,37.518811150262536,41.17977859820229,27.541499853672576,31.056740592602637,,45.8874738595091,,38.6403365798642,37.94420239361261,,38.54570872922113,35.88554724338337,,32.47777766238005,29.64840797489296,38.71428292490555,26.76189702223064,26.842707375536747,26.811760027105038,,29.538301137040207,,,,
2024-06-13 06:06:00,44.545765129747224,47.048623138656694,46.51938048685406,41.04318857786711,34.00504011396583,34.16441705303964,57.621056307318895,57.840214111808564,43.44349775115961,46.16176697975834,51.875746301839854,43.641501328561844,42.810213019795356,41.127232213204024,39.69912223044685,35.788966879990426,37.476635884791335,41.13978696377086,27.512092225016886,30.120910564317,,45.39889034653015,,38.17810377486376,37.38591919005967,,38.10943693879335,35.702392335363584,,32.332924775118045,29.586090978792072,38.2599848530449,27.231818962749912,26.6776366138738,26.787441695640382,,29.809684204961854,,,,
2024-06-13 06:07:00,43.43276776904486,45.95344323281324,45.01273215020137,40.06616881607124,33.056949697155005,33.6228300958129,56.87124677301267,54.3238480235766,41.70442570431737,44.675986048372124,48.716079382267935,39.71766754250666,41.68731362820108,39.60560557708391,38.76581401864337,35.29560370686295,36.68521239944562,39.47188446739165,27.091110847100254,29.504516997259543,,43.9302191250822,,36.90370500137806,36.222630559707795,,37.32799901889484,35.1013216201045,,31.73676338164296,29.303766532493228,37.28505948574548,26.707846197591607,26.46779066713384,26.23877648041139,,29.122455383319107,,,,
2024-06-13 06:08:00,41.96230067328463,45.5811649724601,44.178554021323635,39.43799716464355,33.0164442276282,33.41830416165658,57.292570065114205,50.737126210307,41.14166227021565,43.965845837768256,47.19511612035876,36.16029388881725,41.21492135445874,38.99367290079226,38.50710111238163,35.04207283640915,36.25867194237196,39.01512902570437,26.925526754771454,29.408792184422055,,43.55771802335971,,36.5857369649907,36.01191581244984,,37.12349244683264,35.10028239985877,,31.686467933096083,29.247756338382715,36.93517283895471,26.55790009056136,25.807912789958436,25.98876659741427,,28.586579898235186,,,,
2024-06-13 06:09:00,40.599544940178816,45.07655813915153,43.37614777046474,38.9388568638617,32.634206876180315,33.191695770651336,54.52677846546112,44.85177480968173,40.11374798442466,43.35339398201063,45.37457226317565,33.6759109433342,41.004501989880055,38.30137931602735,38.1949028191234,34.856843686494926,35.84585602704044,38.441185022747845,26.759946018558367,29.265300038846817,,42.93501243593278,,35.9912849760517,35.60952869003722,,36.825855643562136,34.80642508778692,,31.44104040449065,29.119087507609038,36.75779294374752,26.369879070108254,25.52294978386476,25.695964621556186,,28.069806070644518,,,,
2024-06-13 06:10:00,38.615267342527886,44.82427085685367,43.47401093388862,38.33495161945825,32.483445186773906,32.992171011063306,51.078079030552544,40.5624530196103,39.82296638677872,42.87280392968387,44.25397787582665,32.027018277213756,40.618887424968534,37.951107020264544,37.84683259423991,34.54485720381638,35.691910133508145,38.39717446166759,26.62377518930157,29.20577526098714,,42.76106373112748,,35.933729484208015,35.555076392593946,,36.641426700966804,34.90173257495144,,31.39959687103601,29.044408620508875,36.51305962849392,25.864872349621237,25.42508160142529,25.53124884173417,,27.495706655362824,,,,
2024-06-13 06:11:00,36.82065957345162,44.41655916551872,43.20731216082004,38.06936143147209,32.19671331930272,32.76058706168567,46.57910005354756,35.277679754116434,39.28233710361246,42.40616021945107,43.02551130547863,31.074044120386134,40.08974321962614,37.61846456620492,37.70058659199299,34.482523506387224,35.54194186509778,38.10885835644234,26.390117957323582,29.4590716258499,,42.426124311106605,,35.69963753102684,35.36188841842477,,36.43141735951622,34.740440463206596,,31.213323466950897,28.988399455183753,36.29954715711938,25.359864913528327,24.89274576611365,25.153175505776062,,26.908644710579097,,,,
2024-06-13 06:12:00,36.56269838966762,45.22336394832155,44.34184842669629,38.71494081424089,32.52364747165211,32.99431095538159,43.00232094320404,34.336451465302844,40.21987577056166,43.09774431111123,44.88432667855682,35.14250263165741,40.75634341308569,38.34117547826622,38.2016544365747,34.44554328517188,35.73121776075686,39.024118401700775,26.626956340748848,30.165584406398466,,43.43608727859237,,36.49917173908625,36.13071300013098,,36.91324261780255,35.21634558887945,,31.708810525166882,29.328957658785384,36.89243867987443,25.253214157051843,25.27484826753289,25.40287521491109,,26.87044751562189,,,,
2024-06-13 06:13:00,37.403749757961236,46.957682561786896,46.071602027067456,39.95589167842945,33.14825069843732,33.36840324203058,43.21895760372331,40.78239259857878,42.433786540170786,44.429272836228165,48.85275132977813,40.62566551435748,41.96833511662112,39.72281084526753,39.0507448845774,35.016984444072136,36.47063065986799,40.394520544932845,26.99837010027977,31.498253338035738,,45.10367889723966,,37.916932851807815,37.46336191839737,,37.71093294951379,35.94512791585066,,32.28021227998579,29.717209747990182,37.77550148903765,24.90131643046425,25.85160149465287,25.908708245766775,,27.44918459259702,,,,
2024-06-13 06:14:00,39.10575188784071,47.777904015603326,47.090992669541265,40.919654151458644,33.56712218377356,33.87787472820753,46.345263121490234,48.928111577114805,43.72216562520248,45.60138949090265,52.189830517974315,42.77948081335762,42.67730496949548,41.086988824007676,39.54642201123261,35.69757131524659,37.016811035485375,41.481994597621565,27.095862033979756,31.884114079241044,,46.05288137336265,,38.694189449308396,37.99077924265475,,38.07062176204681,36.284792247947735,,32.55129106241748,29.951828007771837,38.29699753764589,25.768019579177235,26.144137229897296,26.243977243408608,,28.25562247255425,,,,
2024-06-13 06:15:00,42.33665082760808,49.09155276621868,48.47499678845634,42.33914959874028,34.68036714719574,34.65810545425552,52.282016899717064,54.86686314071471,45.44287745914471,47.14144430515921,53.393297518284044,43.366425829380205,43.96349148591412,42.64452724900889,40.64956620703879,36.4405179239227,38.01113031538853,42.85163833105872,27.840288126218866,32.90598238043822,,47.55784969976344,,40.08893198557644,39.24505155560519,,39.11489391246869,37.356993657399926,,33.43009768610909,30.736675524319708,39.31309932906288,26.480027498068466,27.283599551498355,27.20115540136453,,29.686495677153516,,,,
2024-06-13 06:16:00,45.93267601335424,49.80819738713899,49.21487714183877,43.18521362332285,34.98938562958483,35.27380057460914,59.601544060841206,56.18763107677546,46.32651739676476,48.28981670817916,53.98761107728251,43.82657307352383,44.77475661816038,43.515529639279066,41.31469540991134,37.19127319150573,38.577933621595776,43.43098224340753,28.044563990187726,32.96757135183361,,48.138785650173304,,40.6628585707781,39.622105718885905,,39.37069564069134,37.7749899321193,,33.674719898177955,30.99204162078331,40.08798783466409,26.96588708728359,28.0262290287028,27.65253663559247,,31.004226304073768,,,,
2024-06-13 06:17:00,46.90810014733256,48.346433438156055,47.21917115449969,41.824138247611245,34.36862848787655,34.80140616918686,59.65916867195165,51.5219648264208,44.09804406379135,46.75771574242617,51.87417787798768,41.91448869364331,43.756925477565574,42.03120693873734,40.2584794855743,36.60228920199188,37.78557246715491,41.39289291914764,27.495116446722932,30.872041261869526,,46.10704911833773,,38.842139633651186,37.6671230866873,,38.016278973783756,36.905081981761214,,32.94070688967122,30.54145737497447,38.38282630774302,27.141130824948505,27.456663427289413,27.201503556385205,,30.690156937187794,,,,
2024-06-13 06:18:00,44.2216831363279,47.00334842072789,45.34159386680494,40.34762957490648,33.71085418074267,34.11446906828746,53.57136397095928,48.61795840895434,42.027672860413986,44.93463093659693,49.817349477189055,39.94609208995098,42.27543042794446,40.21841710903573,39.22224682046044,35.93923829164078,36.791186305233055,40.11122994560645,27.132960418076436,30.05797723509795,,44.426961894385386,,37.44638599056998,36.6097227270634,,37.16730116691406,36.36306369435897,,32.39669179914654,30.27778940016333,37.38855659084629,26.483202326032824,26.692052937813287,26.537102148735812,,29.662849786101333,,,,
2024-06-13 06:19:00,41.05376280300993,46.064729281506516,44.444632158478726,39.549464171677755,33.181688042930546,33.47458767170019,49.35812444340877,45.55662089170437,40.60926304130817,43.611542559849795,47.432753803535206,39.02207337651316,41.42276317915935,39.07316666425072,38.71362711991355,35.479012883381415,36.18908479828406,39.47039700042035,26.62377518930157,29.178123090534427,,43.51890281034571,,36.40917899985652,35.687099374969875,,36.51369201120542,35.75241014827179,,31.97101735439901,29.978820956031996,36.72492569587121,25.461906154881035,26.160054424093005,25.988455333515276,,28.773861791758577,,,,
2024-06-13 06:20:00,38.407979135728624,44.83013930331481,43.0539739134706,38.29778093225241,32.43939871852399,32.91806608551576,47.82892204134055,41.09936661906363,39.175978935853664,42.273175607528174,45.975752379893265,39.05433971429966,40.48526035223449,37.806952674937975,37.94976498481424,34.76527261828278,35.47126417076686,38.55349925587325,26.261626707620508,28.23738663664608,,42.27487821946875,,35.413972886854026,34.88538478225064,,35.77621233508944,35.366985445024056,,31.503910557582003,29.804465184068704,35.8898182429125,24.402397781717355,25.432664403697572,25.500768382696606,,27.569917290685794,,,,
2024-06-13 06:21:00,36.74701237891304,44.74398672548068,43.07501375258835,38.1562120335102,32.46866560988906,32.848950719546565,45.35961531483258,41.42750322839788,39.39165687808486,42.20482101007019,46.69687327088718,38.37982953968503,40.65332628979536,37.98165537193631,38.142755015609964,34.52547407201007,35.41936421310561,38.43378941572786,26.331305826678317,28.62770522061919,,42.4709960337334,,35.97467492633223,35.39062942369583,,36.12295901478683,35.695932614383764,,31.77772452146837,29.8667655893355,36.07488648355047,24.02304544507888,25.507426917254634,25.488456939266143,,26.970633901151473,,,,
2024-06-13 06:22:00,35.625033912205026,44.39318500989839,43.22884262032494,37.93866177705854,32.531037782261365,32.915219777535185,42.98858298260029,44.11951525747577,39.215896713467146,41.96416667646258,45.114431251487304,33.920266365299085,40.55769389361103,37.88281430496136,38.24227221297065,34.586020141977656,35.336105216869555,38.39927658296784,26.391712218293605,29.170957342006204,,42.66576353430378,,36.08322606268939,35.67537816984304,,36.412977468768986,35.79965434201495,,31.874077424015468,30.205241893915172,36.40300239959697,23.151592156822517,25.574603460182743,25.39671984159986,,26.459297044218033,,,,
2024-06-13 06:23:00,34.951272397911794,45.26334672045368,43.78135476466741,38.1921115613934,32.824544156459524,32.89028326297091,39.70771518469223,39.54398649055656,40.08561150236733,42.15157115942975,41.136919904770366,27.58453137217748,40.51176215855776,38.29402983278601,38.427053604132425,34.638806665310995,35.613708638194,39.26158975292151,26.619273182181587,30.796032856028887,,43.6330786127935,,37.04677183210879,36.72615216982922,,37.14087334684473,36.34299118117451,,32.41369868419406,30.570678381063317,37.23128669284597,21.564949987545333,25.693777259695025,25.548813176885687,,26.130685162093414,,,,
2024-06-13 06:24:00,35.20081321917678,47.38729884513532,46.11951188034482,39.22161869233901,33.452639711250185,33.55718897482859,38.707647987961764,32.18521835600268,42.201807942367395,43.4577532038536,40.408500523308476,27.116443716566664,41.54476497298356,39.750215130876995,39.24078624395861,35.16338950724435,36.370728342762845,40.77162884937269,27.080474367405714,32.770431900412405,,45.60661579610064,,38.64868209652059,38.21564108354232,,38.173773156110656,37.22710867367914,,33.15548554384395,31.24542320207547,38.47570060951875,21.303758217684845,26.397975976773523,26.0179888536843,,26.716259109668727,,,,
2024-06-13 06:25:00,34.29776666886096,49.75208164108881,48.654055028135645,40.69558419670534,34.03668733722566,33.88919044915235,37.458338456978254,29.62360777063782,44.4561833680234,45.32631550802512,46.67138619600837,33.967857555122464,42.60477173801246,41.37175139836495,39.9827402118226,35.528094800875465,36.86492526051143,42.184058491469784,27.36524290726379,34.25471745328332,,47.55570333951346,,40.285551577378556,39.51839771030791,,38.927620502707214,37.86913271008507,,33.65885079185364,31.614976364095583,39.71945335248438,21.43799698849125,26.855171801493725,26.529948506387882,,27.282699505257483,,,,
2024-06-13 06:26:00,34.057288222916895,51.67542058628442,50.573936939487794,42.297917639055186,34.635535405214796,34.521898166460915,33.87698217115849,31.062863028358834,46.87213455404117,47.541928555262075,56.08120753215826,44.97058715436788,44.2770339654287,43.247753332919956,40.97869282810757,36.21250896767333,37.68068959080779,44.06571784519252,27.707247372735537,35.32155489442857,,49.39177472796814,,41.79920603104483,40.75531067644033,,39.60139436081454,38.406390592985645,,34.270888152647785,32.14026504737694,40.76089328284024,23.389450946182933,27.44745736064442,27.023753872327916,,28.33516448418004,,,,
2024-06-13 06:27:00,36.67663923622217,52.048023276250206,50.901015596782145,43.23103000520382,35.24571924267207,34.96509530588253,32.02091903524274,37.461495834012794,47.84957332389422,48.770582627024396,61.36225754015027,52.49210603113352,45.20024286920534,44.1418963099602,41.59851667684438,36.83255459930979,38.247425921008926,44.94231700978679,28.117349577079267,35.077335843462606,,49.94383796463967,,42.252524533547785,40.847344807393256,,39.79714512941564,38.60034533676344,,34.42282113497731,32.403966022388886,40.850420323216895,23.8388761756255,28.099710605999007,27.49325374208115,,29.387591144595717,,,,
2024-06-13 06:28:00,42.5356647164233,52.5199645917578,51.45628525492657,44.51541203382476,36.06168322214239,35.79236391274583,36.87590575393165,52.353836737921256,48.681947784774366,49.88833945407487,59.87056820189878,51.837310440544115,46.5175184066984,45.584441632191556,42.31665149433206,37.866017586804105,39.13974019522209,46.02878593005249,28.57543663313413,35.098107794634416,,50.42302472744518,,42.785843506942,41.40406218894168,,40.195609091630104,39.14729315441946,,34.803542036559975,32.78603865950163,41.19744674887443,25.1054416412685,28.78239319488489,28.182282546363922,,31.140065789647792,,,,
2024-06-13 06:29:00,48.360838668914994,52.69900824892375,51.471260913307106,44.90803427137212,36.146714823458524,36.27769186746298,45.066062742596614,59.74937169139639,48.73926103434951,50.07677600541774,54.510969592926585,47.47921576286399,47.1376318998573,45.96671117480173,42.76723488483867,38.46468095414434,39.56244810188514,46.268787147751596,28.82770018657493,34.87286013509083,,50.38847194328491,,42.62206920119479,41.32314610950198,,40.0790875424027,39.153312354501395,,35.02350779097287,32.96048585774588,41.14966470905074,26.54859635632465,29.652593554828172,28.761766304724006,,32.729002437901386,,,,
2024-06-13 06:30:00,50.96317783086647,52.87132281668255,51.37441741702287,45.07607976989175,36.205566197901135,36.53139983638414,52.69841431076998,57.997118812410235,48.93756302156453,49.87661608008466,53.537250976866744,48.14805616277545,47.12348635398257,45.992000790275824,42.91850063742936,38.78841756602401,39.74392030417607,46.17924625845336,28.89579845777439,34.87170045874791,,50.31493356542114,,42.58036235288546,41.14124088023436,,40.044576868622244,39.11234587516492,,35.108313217925115,33.159833288736536,41.09340510807078,27.735095281198255,29.734917195511343,29.017951935770498,,33.80743988651329,,,,
2024-06-13 06:31:00,48.57563276741678,52.87518505575645,51.0380441709699,44.82310904804467,36.02553648421258,36.336853816269695,53.728710048079165,55.044399493164974,48.606143302306464,49.873202326345336,57.15450530288763,51.664172731404506,46.91471824176324,45.57323029004806,42.923168372559076,38.755254619011,39.418339302147956,45.68488253113526,28.660543264017633,34.54545590502585,,49.84258391001049,,42.26048417130596,40.75255448964981,,39.537025922707926,38.809937302711205,,34.732907668226744,32.952187080090425,40.934389670145265,28.91547437762233,29.33761227457194,28.774115375553265,,34.06573517454251,,,,
2024-06-13 06:32:00,45.72746682782531,52.43985525238895,50.80409168097731,44.57012787348299,35.786657575881236,36.25061552279158,52.518202809732884,56.125808139412584,48.03348152397734,49.74997695508205,61.509087910801554,54.257419997949,46.48114863793239,44.999226180249934,42.60146540054984,38.52709468040348,39.10650607975572,45.23725615223992,28.641976346416186,34.13702596765597,,49.35415098596627,,41.999707597370616,40.31509609695422,,39.18467812321887,38.59428445009371,,34.69138286999214,33.00407483439221,40.54741314645207,28.72760295199737,29.555055893664758,28.6460231778442,,33.95876947999375,,,,
2024-06-13 06:33:00,46.20268798804523,51.56961973888974,50.051315538873496,44.46545427860451,35.74263231807481,36.120241635949924,54.22804635157581,57.90964409734352,47.1665593040982,49.26895356783052,60.04185617796975,50.677954503802994,46.37275595654296,44.42521801244584,42.5297497281756,38.26968103558852,39.06434566094333,44.855261462895726,28.474819251587178,33.266984345836136,,48.81623701777153,,41.34038165365337,39.96859916325957,,38.83048254493224,38.24609950688273,,34.54652380925745,32.90440313602403,40.098169068921834,29.68960000720972,29.18772847707055,28.554584896572123,,34.01529229295943,,,,
2024-06-13 06:34:00,49.61537884831364,51.290555948529345,49.921926798424465,44.68357661326104,35.812375972395785,36.39100683764889,56.56187097489169,57.582736668101006,47.05552055185308,49.15425761780284,56.10370673536045,45.73167531110994,46.37275595654296,44.46130933478639,42.775574623672355,38.4802962856927,39.1378940978218,44.93608406563982,28.474819251587178,33.08085763732015,,48.975097673250275,,41.41858142309957,40.071970972694544,,38.83233330570192,38.31477394106878,,34.58979867482094,33.03106730239324,40.18821684497243,29.68960000720972,29.27765876754279,28.6460231778442,,34.380546998714294,,,,
2024-06-13 06:35:00,51.73092377439082,50.859410842656416,49.54048170554552,44.4523935648333,35.84550660701666,36.41808334478287,56.03645023462059,55.01767426029164,46.84059196697717,48.584108220433336,53.20930454486893,44.47734790205686,46.44956663705716,44.45488104367928,42.90499249365871,38.60705271372069,39.27422060722097,45.06931818497702,28.504226022487728,32.71519816635964,,48.86252845370586,,41.297729347817494,40.05708595864962,,38.9656194005147,38.172614039051496,,34.633071407196894,33.19091782951227,40.01407173952066,29.68960000720972,29.734917195511343,28.755591769309376,,34.537949919747234,,,,
2024-06-13 06:36:00,50.63412083244623,50.84876008920537,49.58267091914831,44.06631737682642,35.91524952509076,36.39100683764889,54.731933491745394,53.24023737927587,47.14202644234547,48.5909717633906,53.344241042720114,44.6572735960367,46.1268194139202,44.410386496829005,42.824938980149454,38.60314800883441,39.03982950942236,44.8104309844328,28.710073284812097,32.97385627017775,,48.716645337256296,,41.37903802357914,40.13977871315774,,38.9600638982447,38.08950667671479,,34.77879678005729,33.28848279393105,39.94337745769599,29.68960000720972,29.554606210387647,28.657980559909447,,34.39877846294746,,,,
2024-06-13 06:37:00,48.537581206883374,51.368086768724424,49.98202970121156,44.260434643960934,36.00723122609679,36.3418630828437,52.75489900305547,50.642455369233176,47.81214813715587,49.06179863230068,55.57987018240942,46.07318590535806,46.420398113509464,44.43164595834742,42.87430121927878,38.60314800883441,39.026086803370276,44.847053759898074,28.60328648819859,33.04812035178384,,48.941082346439316,,41.45945461278825,40.23487818653484,,38.8724422939772,38.02564497759204,,34.667513918545865,33.32376825714209,40.13686688984035,29.791481642167128,29.92192900172222,28.590849096384773,,34.64399077331973,,,,
2024-06-13 06:38:00,46.49538973424603,51.26487101183102,50.22012698664503,44.090302349698504,35.661550365085986,36.07814200949838,48.22777182589448,47.17810020993147,47.61032834941875,48.4643278076926,55.37496889437443,45.77176987069879,45.85118930702788,44.264049364218636,42.543768224626774,38.261876160213205,38.79170486935777,44.69362878101339,28.546030750269665,33.19624728893041,,48.81378023735738,,41.32215861947998,40.138108149288655,,38.84498091475962,37.85578763730973,,34.60123989889371,33.410921789704844,39.976120260481366,29.72151801008863,29.2244244398903,28.383286188430702,,34.089149088228055,,,,
2024-06-13 06:39:00,48.073957473812015,51.44445535287559,50.174736234038846,44.461070687041456,35.62493627771778,36.006928314110496,46.623881052849356,46.90385595819089,48.03484789821255,49.01730160411216,55.85612366837654,47.18637305199718,46.43457303599075,44.44894787507383,42.90598053070153,38.46468095414434,38.876025813070555,45.06740561942354,28.56459697275386,33.288646116438485,,49.08765693862233,,41.64071512520559,40.26050147996648,,38.86503294188742,37.75941479320909,,34.71165084049517,33.40262958004405,40.10486428995091,29.82339930045373,29.142102185864132,28.480893470197998,,34.26478291601234,,,,
2024-06-13 06:40:00,50.712577288907596,52.34107352754563,51.339015149406805,45.77414944551265,36.49935465012527,36.73297748291225,48.80443017976563,48.9928192192524,49.615619219284326,50.42976601536475,58.57819724719843,50.26374480477443,47.730919361561746,45.90054695764684,43.839412989414086,39.207665185432575,39.78607533428135,46.39028821228021,28.838537549541797,33.53797492229705,,50.23272819970066,,42.675130197832914,41.26121151592497,,39.5388813625882,38.32439691090076,,35.29989224542396,33.961144393255836,41.060702480484,30.5510581437743,29.966663475811856,29.114758478823887,,35.34828289555901,,,,
2024-06-13 06:41:00,51.78992721753423,51.57563717897574,50.21805547591157,45.21148172639391,36.190736841541366,36.65174908563108,49.47988097612165,50.33211082397156,48.59241578827755,49.67131535636736,57.982304647626506,48.658688960375,47.433111313723884,45.30727056880937,43.383143702678126,39.03411657595177,39.57918416195889,45.80431442542243,28.82925287428702,33.08473832116397,,49.50923623985818,,41.994874305429676,40.67155476039534,,39.17018119139948,38.18704578820507,,35.18861465672262,33.869760025545474,40.26734772962891,30.914230920843693,29.981420930156446,29.017148268783103,,35.336140780816436,,,,
2024-06-13 06:42:00,52.20094222085231,51.9392874444643,50.84166955225237,45.2812921652519,36.48452111650886,36.68383675308189,46.55375200557501,50.07880764399147,48.92682879323684,49.88191579304089,55.670779797752175,46.179229364057846,47.79974151500528,45.66027249540866,43.66482348295699,39.22910701065484,39.7615596194488,46.060678059389204,28.917471421988694,33.79665372920954,,49.79679784845189,,42.33609899472549,41.18098368760002,,39.58640396123883,38.2689909964638,,35.4199899251621,33.94244260867072,40.63078242690017,31.28352962847498,30.20647107285913,29.10240487880037,,35.61260948012534,,,,
2024-06-13 06:43:00,52.13887488117052,52.568844952602376,51.125182300709184,45.55613158627307,36.55820801973573,36.82924307151154,46.66072760162865,50.93191093637938,49.57480951480511,50.20209646242188,55.61399025699916,47.62474857095276,48.14658172433701,46.16610719342498,43.94184587721497,39.30124955929523,39.82434489590105,46.264645698535446,28.97628376319244,33.73915398542431,,50.070717599893214,,42.65426489457559,41.28852033465091,,39.56820638242516,38.26053182825626,,35.47833175657297,34.13137632123244,40.856293859224934,31.609868925763294,30.311152437698183,29.21813785247582,,36.10389272054124,,,,
2024-06-13 06:44:00,52.72366284824318,52.45986060159157,51.61343798952339,46.15821195390345,36.855947155397644,36.95961298955581,49.05593416164152,54.53468519511625,49.90063037598998,50.8271442148432,58.43232180742416,50.7195334552448,48.593830149169435,46.637881262467545,44.147177408661946,39.761471640417085,40.23036087823948,46.27226324192185,29.035096085250643,33.503800924312145,,50.388543538018894,,42.930713876497066,41.340680301933844,,39.623140023702945,38.22917586294443,,35.52073670751497,34.19577312814863,40.80842085312133,32.27235874576445,30.588545137801702,29.431479829671616,,36.746470925580866,,,,
2024-06-13 06:45:00,53.95374195404486,51.229837309038885,50.31708297456771,45.780913780152105,36.22386986284641,36.39100683764889,50.64372394450538,58.13670668092982,48.48922064915905,49.938435616639254,58.796782820638555,49.499091485599365,48.10892366447797,45.645013215984136,43.58380341756265,39.42800221386938,39.70864062006376,45.30929621812214,28.71162807701603,32.423982792495735,,49.30757525794547,,41.67183815996441,40.320063414074866,,38.83076090952591,37.48219604858468,,34.94043976621106,33.888461467223806,40.056207044243365,33.036623041992016,30.296398855866528,28.97431825243075,,36.702097166900444,,,,
2024-06-13 06:46:00,53.5945284299321,51.055431694294384,49.93804396092992,45.085047432912006,36.003296104777064,36.095202275634165,49.73360962110996,55.41446226003427,47.762470809687784,49.23295196935646,56.31976387116265,46.53042984004787,47.3680773641272,45.21335819423666,43.42736050576741,39.166679429284954,39.432087580047664,45.2751999257589,28.507341925156652,32.37939522157876,,48.75166788189358,,41.292358801681075,39.984286034655725,,38.629899943784494,37.30753851702366,,34.839715695182804,33.821943976770854,39.770146009334894,32.27235874576445,29.69596871947283,28.55341559862245,,36.04037130000245,,,,
2024-06-13 06:47:00,52.27281658528193,50.31273862615308,49.08269128985012,44.690197551038864,35.42659967441682,35.86654014534645,49.257769673477014,51.14770732506008,46.86822139641413,48.43332093151321,54.230420122360556,43.962419322100686,46.96421167317749,44.061298682452616,43.08795139295103,39.14132923332113,38.99079719753979,44.65002993275948,28.046130009536455,31.68212838827276,,47.8878628667519,,40.53523186124403,39.293747899476784,,37.94155802285877,36.61117647552646,,34.34423903869629,33.44408710959169,39.14081197279211,32.88089596846203,29.568916639763984,28.27295191216649,,35.85171122651229,,,,
2024-06-13 06:48:00,50.67998358381806,49.29886317190858,47.86297590000686,43.79581673244479,35.1655019749644,35.287934038890285,48.94185946893049,51.329365940039224,45.62032437045764,47.31007771420286,52.661999222638315,43.475847038349,46.31013907843476,43.243053025358904,42.43568311875811,38.33012204912416,38.42692476378022,43.512833376010576,27.71495642771356,31.199063121018753,,46.84424428192506,,39.75954489775404,38.599139726974954,,37.496062340972,36.26669987559535,,34.030684321732224,33.32360205950499,38.60827806130101,32.25524146606972,28.976136394127707,27.669218847789807,,35.133459216348456,,,,
2024-06-13 06:49:00,49.73990665974202,49.58788714265347,48.233677505335436,43.43158323896796,35.117561046430865,35.2508531952476,46.18862523956227,45.91245644325977,45.972906638783115,47.050082968028164,51.14589149074209,42.64832236024404,46.10756198263334,43.1605603731839,42.3961775893647,38.31451020557404,38.32591015999287,43.719997244159515,27.773767056748284,31.96850658240419,,47.17401980382033,,40.12125305152995,39.08792084068182,,37.945027118218604,36.35715456850539,,34.17639999829498,33.34018125449211,38.927113147637556,32.046679734646204,28.78108670905999,27.595929555513294,,34.71689781552698,,,,
2024-06-13 06:50:00,48.13941175590685,50.382715962856764,49.31238288259692,43.80894298430803,35.5068052745346,35.48452506101785,43.87565702069469,44.82187160396779,47.1972371585116,47.62719903911557,52.11669184093421,44.63660080272757,46.26543914617082,43.73259094527293,42.72254158048213,38.39055886150766,38.67599633270231,44.10520069664551,27.835711486197397,32.7430789343598,,48.192399458247564,,40.88277329660286,39.85282198921459,,38.273602519841916,36.6414427779132,,34.6382675531263,33.51656161079882,39.35277062172008,32.046679734646204,29.290188382216,27.77841013384068,,34.502090093601964,,,,
2024-06-13 06:51:00,47.69747064362696,50.838834649010096,49.859018232341896,44.4806997977505,35.6685168657616,35.46245373305726,43.84448914906534,48.75403574349957,47.945368695295656,48.25893303360044,54.538410691188346,44.29282365876497,46.856773464404796,44.18544388494456,43.05822524631844,38.683036599014486,38.886799621515024,44.44046975025719,27.88524016304882,33.03310726329482,,48.84779297904129,,41.22219735924591,39.96693666658484,,38.53831150401811,36.54507870779889,,34.569397257189394,33.454299106118924,39.71616410202478,32.20244776220488,28.997618930376348,27.79037490796668,,34.80986052098626,,,,
2024-06-13 06:52:00,48.383145637068765,51.098480303456654,49.883309826607274,44.469788821212205,35.70512674917313,35.60989116204985,46.347973556438546,52.030543970647614,48.253934863636914,48.4540986992954,55.37239147099581,44.8057948114606,47.040054088711486,44.35995256768388,43.11223816332358,38.396390117593,38.96721510261523,44.64691277936032,27.964172004490365,33.25549045230355,,49.01225265567541,,41.363025221427506,40.19516516795602,,38.6203777986716,36.65472705330876,,34.67355890758563,33.63279795723656,39.735511741521805,32.27235874576445,29.349681198350027,27.838982729193276,,34.64549589240687,,,,
2024-06-13 06:53:00,50.71403181653466,51.43634413303698,50.37379502133035,44.903824873718804,36.05032853248508,35.71318485371569,50.69248102112465,52.30568996676493,48.56676873688593,48.940267149881265,55.77181891458736,47.21525611498646,47.42028819636107,44.604180927317884,43.34871941187566,38.74345920721589,39.23000613816441,44.98658304252956,28.052383612313406,33.42039885480517,,49.226163705064664,,41.58161744434756,40.355598011404254,,38.888790680976854,36.56316649600194,,34.817543577269134,33.72204511014115,39.93742445859243,32.42694050986438,29.55187879033815,28.04612846936834,,35.20633071958105,,,,
2024-06-13 06:54:00,51.70265980769352,51.76291220520898,50.760025717313965,45.33136863877712,36.417770215234896,36.1784620518813,53.975937356940676,54.33449555239372,49.11944127267293,49.51206663679386,58.06055114907281,50.736963627220575,47.896735518329706,45.28401611317122,43.76352423403728,39.13931841673127,39.625229588988645,45.60853207455597,28.160717475213232,33.26916290832651,,49.509908177498346,,41.87755308453552,40.37382505766254,,38.94556443517149,36.651047236859995,,34.92795417631896,33.875684793670644,40.018286833405,33.89059453824143,29.874426825884484,28.381339149865425,,35.84981972606613,,,,
2024-06-13 06:55:00,51.44900187628798,50.9894161405382,49.923056455078495,45.2790898265082,36.17543793978598,36.03103590312594,54.40773813001874,57.12461212344169,48.494392435059126,49.39736803377855,58.88598985008457,52.331890414834106,47.585284598292674,44.931009721320834,43.41481254925907,39.016481367672895,39.48501190034199,45.179187480680696,28.052383612313406,32.50775532775515,,48.98737381457204,,41.17642395832445,39.77341418416927,,38.5731592605639,36.211320458593036,,34.73985238022033,33.651499913275984,39.558102854652134,34.221851039118974,30.354461689125174,28.33891120845965,,36.2341365644055,,,,
2024-06-13 06:56:00,50.895049347127724,49.58257937855342,48.70374884166449,44.30190088884024,35.749147468260844,35.67405133031434,55.89370509504306,58.915431894045696,47.15046688649568,48.0875614690201,56.406886449444755,49.22468239538648,46.796929529514955,43.85959936345171,42.7220407264424,38.48805286353536,38.89663726034189,44.14550376521038,27.710382958775426,31.550113935997615,,47.79953058107594,,40.09670547686119,38.7297550172766,,37.908594773799905,35.693332014153384,,34.31415107779003,33.36908244772303,38.655384174915525,34.221851039118974,29.61182277218586,27.924233577792165,,35.91333480276364,,,,
2024-06-13 06:57:00,51.379391117688215,48.99832593197334,48.11131777236233,44.024873993707615,35.51028993230648,35.45244600737999,59.42275062112026,60.69383737692078,46.61000714436227,47.72120219341082,53.977309360721165,46.36567429906199,46.41477342655571,43.41957226229533,42.71787225647654,38.27745229067705,38.77796529747468,43.5993637030993,27.58349040649432,31.21378480807698,,47.31175653489049,,39.5791385062721,38.432075300949236,,37.72597568199171,35.399466125801155,,34.00769195233897,33.16147476732749,38.348330144985994,34.221851039118974,30.009068563791516,27.796168453191513,,35.72373607458974,,,,
2024-06-13 06:58:00,51.852017996484165,48.848944515787025,47.84495203487995,43.791468856495385,35.550827787522394,35.37122094372023,63.278143625761004,59.313279500991484,46.31937460275503,47.382197427664096,53.30819084018731,44.05647302133593,46.33796906626753,43.18571108385072,42.659669365635864,38.230656658712064,38.74954333509913,43.06833661581334,27.447321617648868,30.86766455583529,,46.88639004063157,,39.3592011755577,38.1848041938365,,37.61829227748376,35.28980996624114,,33.96529819421721,33.04311643968276,38.1548367377909,34.151985334406845,29.581390626420216,27.668104669586,,35.76810090873721,,,,
2024-06-13 06:59:00,51.75343398726113,47.99175250952658,47.11240647134355,43.65842738130891,35.374299291692296,35.38828893888751,65.35043786676806,56.09821532996148,45.88705083338709,47.11002801328118,52.9714080148774,42.2727233476694,46.196137882568564,42.81397403331948,42.58379015338528,37.99471195398007,38.658349400561974,42.72042195142586,27.340558286023224,30.381458686176302,,46.47157201338791,,38.92118498759328,37.79870916948221,,37.348062452278555,34.93207955879643,,33.73568004337767,32.89777398145952,37.73170962322138,34.25370529081374,29.13897536359491,27.54004222698336,,35.774169527152935,,,,
2024-06-13 07:00:00,50.875551644889015,47.18627559269362,46.14486044883415,42.80996297568004,35.14634593641904,35.08046419065329,61.67379857932406,52.16027595173773,44.76551151268927,46.177148002723925,51.21440700820358,39.959765603892265,45.57371156628915,41.98746150574425,42.0303181175409,37.52673868897591,38.29452831599406,42.185199482556584,27.106911475448214,30.181892715224876,,45.83807061660468,,38.34510895517087,37.31342873183894,,37.09237964488193,34.656334218431766,,33.53255205471123,32.73161366431805,37.39950768015251,34.221851039118974,28.875948820492113,27.210641420204638,,35.35155710159961,,,,
2024-06-13 07:01:00,49.66699059119355,46.85310218039058,46.035550366097596,42.42177832007519,35.032159952887014,34.794720999711444,58.86397126233214,47.11931452751355,44.03445720326454,45.48071105842678,48.18889534682353,36.63149528686745,45.14267620666237,41.61387330155344,41.83441344454354,37.240114722281874,37.95523616560786,41.68668074226383,26.874849192695592,30.374388383297173,,45.4323301274776,,37.83046604881747,37.06718600685417,,36.83854809344075,34.35291837758086,,33.320605098956094,32.602852765601256,37.222086485613545,33.99739521833499,28.455494572863927,26.8689236152793,,34.69592876627996,,,,
2024-06-13 07:02:00,47.34224670536355,47.42645158103869,46.65160247944459,42.29322433590005,35.18252595728359,34.769721731681216,55.24056512956827,42.654582712575575,44.46864091178281,45.54786167179668,48.56581297657385,36.600747185184446,45.35194876939522,41.693128899788235,41.92431253103291,37.072447300403496,37.94542997751432,42.10357505768485,26.799074961207452,31.034775181675286,,45.984021047145234,,38.2744214912409,37.509640866973314,,37.292953144299645,34.617986861038844,,33.561633856159915,32.662980711393175,37.78561944776402,33.08943723845664,28.267645956103934,26.752849769617796,,34.29764503529236,,,,
2024-06-13 07:03:00,44.113382033856055,46.87352411428856,46.22300666582714,41.97283385961691,34.60200821620924,34.09998684263019,43.02038745335835,34.04377619975821,43.65496901692063,44.77657537311643,47.69629605044361,35.64745128994127,44.564926910387385,40.59956804673584,41.51487927318385,36.39785421816771,37.33358549977572,41.34722736054721,26.42930701648106,31.218605638257486,,45.466514754785294,,37.50228110779835,36.78228203417393,,36.590019854150796,33.911118484381404,,33.00885965710631,32.30794512271132,37.2994481159044,31.609868925763294,27.592742228730913,26.088316012707537,,33.143820898601575,,,,
2024-06-13 07:04:00,43.43276776904486,47.6190027213097,46.888035992521054,41.95978581317331,34.81470244443972,34.34572305656411,37.05654524291026,34.7307056507143,44.40997427033858,45.344740082528006,49.371608617335596,38.835124564398484,44.5432578289367,41.32860968308319,41.82349182889857,36.4797864308847,37.53754223993451,41.857231841379814,26.46956007997187,31.974702332528068,,46.14762845851283,,38.22178860230679,37.56182540915643,,37.28524200513539,34.46888194537905,,33.360237331110056,32.4594278160871,37.77627945973836,31.29457633127504,27.682214254490873,26.155080185388442,,32.626483242793256,,,,
2024-06-13 07:05:00,43.59400307557553,48.39189101323245,47.46862226704752,42.470090633980135,35.159859237001,34.38987041737528,39.47115256021152,40.79378560582495,45.156475107608,46.251828551059134,51.762739194218284,44.17408652078393,45.126450351697486,41.72852607633695,42.1497618163462,36.59484019559886,37.817955366596266,42.27399243161443,26.500538354540595,32.713858353492924,,46.72011740557673,,38.8054250252153,38.09252188313303,,37.701316197549204,34.885621916250784,,33.658671739799956,32.61918765247401,38.26474225954007,30.460289380132053,27.869608295471835,26.32557203828219,,32.75170273182425,,,,
2024-06-13 07:06:00,43.55841349047364,47.58480185830331,46.697558815394586,42.23461018212288,35.01648112783255,34.17330161179666,40.591341129308375,46.45241497124948,44.06975517578849,45.79503164225844,51.64575273242667,44.71826390090928,44.78778653406334,40.97442408496477,41.721135156892615,36.392077700521554,37.436561159565485,41.43543809839207,26.41234229153156,32.03809112278577,,45.968615176676394,,37.94608984395745,37.22045691427229,,36.94194164560622,34.40391639596555,,33.26750130119126,32.28499238097493,37.72147301788482,30.167074734782318,27.76451255137181,26.045188158944484,,32.36739835653532,,,,
2024-06-13 07:07:00,43.40439289021106,47.344774601013796,46.55393739687179,42.17140950170369,35.00166395517522,34.131241921475976,44.47748339458144,53.201677907308294,43.74934208188438,45.391285195531054,49.75947531896509,40.856693984090725,44.807586929562376,40.85980186435836,41.59177024466385,36.10550211851921,37.49244512447615,41.09605581607855,26.266930984677856,32.01149941587073,,45.72646726258699,,37.58956281983137,36.92952075662788,,36.960130650859355,34.34374825594614,,33.18272851339907,32.22061586163454,37.5196459074632,30.09711624666238,28.004237074119374,26.00239722593824,,32.32306283279934,,,,
2024-06-13 07:08:00,41.7780490211062,48.12744033128229,47.49563629744762,42.47013033205076,35.19601655092765,34.21453980957767,51.97866689745092,57.3957165919046,44.61937302387105,45.90120292087613,49.52492251105082,38.26613120744378,45.06947216195954,41.24874784989038,41.67229447813611,36.27513758581529,37.667945645869054,41.72075973858222,26.33815942580236,32.37378162648565,,46.298145685495,,38.108681956342934,37.33700936175774,,37.24850488424818,34.66893069932394,,33.29481810772677,32.29942660535926,37.732375015116304,30.252990163018012,27.741284003452847,26.130093363395417,,32.12744460922772,,,,
2024-06-13 07:09:00,41.57037589830372,47.77797722257674,47.28113245146824,42.4243663925854,35.09317412764722,34.155403846140416,54.70159406756875,51.00095551538743,44.33553405792259,45.80201073802414,48.851597476164216,37.51397201969348,44.93385182141901,41.05362558948718,41.81566857503435,36.33950077326449,37.6336297991495,41.56187648420206,26.211298006124707,32.37489104370252,,45.962062134278995,,37.83208023825091,37.151859608412906,,37.102268765127974,34.548578320757315,,33.142057762306194,32.073167698205,37.72217114199384,29.95366889543311,27.77124836056373,26.087302095117366,,32.10749057771966,,,,
2024-06-13 07:10:00,41.7417172645753,48.09101650143657,47.30804710188386,42.16278367332234,34.89838328210453,33.89679298146166,49.87843232716318,45.878686168113745,44.16330283422349,45.6891877891494,49.70087729720535,41.41214000360014,44.62490919152151,40.63766053268,41.74032096064002,35.97690763276307,37.444412689871115,41.77728453316581,26.095291609613014,32.96885044843748,,45.973323594551175,,37.79526963473427,37.09976661106111,,37.0072534061419,34.37878931274781,,32.98844380988112,31.88217696652464,37.928874316628935,29.117598515970485,27.71848652036124,25.922642345074564,,31.930999526240726,,,,
2024-06-13 07:11:00,41.16331730391187,48.77659897695139,47.531962130335614,42.21946937038001,35.041307931482834,33.9038814291373,48.480220860401914,44.473372581871445,44.646828025252034,45.98170989211235,52.62231396984066,43.20049613315132,44.67197892017066,41.03687529095919,41.5792875831537,35.81707146855888,37.41990264180231,41.73487996823053,26.21445723248621,33.03651199552678,,46.25753445384862,,37.97285672190401,37.08242845090854,,37.07851492538157,34.44743852314423,,33.10934541291317,31.853067429099156,37.7288418906619,28.28153044177543,27.4407868526564,25.93462680052562,,31.3641146180305,,,,
2024-06-13 07:12:00,42.65470798302465,48.69801131923987,47.55712697254876,42.683795520899366,35.25484824347518,34.00506911167224,49.07779301108485,47.668851519279315,45.07947931375202,46.38710660963352,54.36288219805397,43.27344200470725,45.211251556376965,41.61253611286111,41.940365635463195,36.42920437646114,37.812063057788464,42.01356524249559,26.222150479910397,32.61701160024995,,46.549107750257235,,38.169983712683006,37.26344465429338,,37.10969760162925,34.39799826331455,,32.978762711919444,31.703727528147738,37.89798344945393,30.300864066005033,27.980998748733782,26.203010256985635,,32.36571388745722,,,,
2024-06-13 07:13:00,42.662668201874794,48.281819738496324,47.65947053539503,42.753555805994665,35.2217271484119,33.85473954757606,51.98885653568027,51.00570214984691,44.86412511709432,46.320383489352025,53.53038677086374,43.85692988203027,45.03174557774514,41.351114180713694,41.63177592142097,36.093836661564524,37.57676521701376,41.59764978565141,25.891099868966194,32.249950663760046,,46.31918303541761,,37.70900928365154,36.754296067744235,,36.67731998242107,34.17875845466324,,32.63796659185482,31.469191365410097,37.42295053128055,30.80390530382033,27.94343404029746,25.989738061249,,32.26570116955895,,,,
2024-06-13 07:14:00,43.63727674850861,48.25868450913322,47.55085933514374,42.74483658641179,35.1406660350915,33.62321112654763,56.016983426976594,54.46872066934361,44.80832773641259,46.36656432574978,53.76850045587503,46.633552988433166,45.01810723783365,41.36592843584276,41.739312314151675,35.99836344444486,37.60911994874232,41.39634198326979,25.80291139677638,31.99636529246027,,46.19369424261777,,37.548682851468584,36.560063137209,,36.54223324816576,34.07282466773722,,32.56202600617462,31.26992500978713,37.461628706296324,30.526685665655123,27.620996352423163,25.95310964381997,,32.26486243128102,,,,
2024-06-13 07:15:00,45.07989598774623,47.44668897337533,46.60209023973084,42.267400484181735,34.9389103927067,33.49785609853507,55.17926494534072,54.951481056694774,43.91196385091621,45.938841329137176,53.594693074343695,46.532703810060866,44.71229523380134,40.72393212686211,41.41253131197777,35.83261843512571,37.451274466243376,40.93048237378821,25.470285131507808,31.30141019053235,,45.36125696810382,,36.788360485800695,35.818649303066195,,36.08239269395517,33.64282645729827,,32.17711484394886,30.964856018398677,36.98657262536199,31.02841514108127,27.8311770628286,25.617969177112172,,32.33440783736671,,,,
2024-06-13 07:16:00,45.422143206777946,47.10222858955103,46.04949218274487,41.977420252365164,34.92060799677097,33.39956625752325,58.44883942303841,59.433416458085276,43.819557997511765,45.755738855473965,54.227599768210666,44.587723645399365,44.519120497769336,40.6492173970737,41.17976297831342,35.84039191840907,37.369888760454614,40.77572238526869,25.578600405326824,30.83226122586484,,45.05029119436631,,36.62615118333542,35.68715257673375,,35.86895588807329,33.48743108925237,,32.09235696336373,30.80297477590011,36.33743013539015,31.23696482479386,27.815977696598566,25.654595714426023,,32.329155840607655,,,,
2024-06-13 07:17:00,45.095763133337186,45.73503945268476,44.894151957194936,41.5784144848576,34.64868673595129,33.07474131355821,58.35120494007356,56.99116971034209,42.95309857630127,44.87280493878757,52.34578159241073,40.32302068904437,44.142659488194795,39.94792825663808,40.89815507188678,35.52848870185619,36.98850263924726,39.84479168119975,25.372829335288316,29.791338302825352,,44.14975257238575,,35.886208659069325,35.146596556506665,,35.3178239365966,33.084019378314224,,31.793953648041224,30.58502797778783,35.80683940390281,31.205060261077733,28.040927395191602,25.5327256716771,,32.04570801769023,,,,
2024-06-13 07:18:00,45.87963108824147,45.297972900551486,44.24315904130208,41.31889361201729,34.62689033740344,33.04268298386762,56.981600995117105,54.103119776209496,42.41055684747289,44.359313368725225,49.3940198077737,37.19080279032232,43.996501185235275,39.64585061521598,40.86643635636301,35.52256691837317,36.94240078418284,39.56433666001237,25.25524576163525,29.254541352918295,,43.648422602585924,,35.54501304243877,34.75556899782123,,35.21201476238775,33.02494929688419,,31.63945135743188,30.379583390802964,35.518380257116405,31.866263586942296,27.62902500006976,25.459797064180293,,32.32390558862119,,,,
2024-06-13 07:19:00,46.0810685923301,44.80845340993528,44.0120250089135,40.728060508388126,34.25212581343908,32.78908960008903,57.62417217615939,52.83223372128077,41.971342609460635,43.91448092555015,48.48701062897544,36.41145136376872,43.454690778947224,39.333524892795594,40.71473351305576,35.337385169619665,36.788473916322914,38.895538552103005,25.139258746350606,28.99918724593408,,43.220888471358876,,35.127218941489446,34.519210056336306,,34.92550025966193,32.882852233556605,,31.393143386961583,30.25087687917312,35.19214546569674,32.074810243570255,27.82357737971347,25.380388044417714,,32.129119976474044,,,,
2024-06-13 07:20:00,44.7957204714362,44.6449779868135,43.92068992414397,40.52755688684829,34.23731838778326,32.72996542353428,56.513418811950714,46.46989786269137,41.84788207514839,43.728163290431894,48.11193015072695,36.319232038724294,43.24237968678449,39.19579003557601,40.55890286623048,35.12298200565601,36.65614764157658,38.90395937271393,25.06193578344073,29.298729424238445,,43.21609615733928,,35.208601541974076,34.65075850865014,,35.02579402283072,32.85889758539315,,31.445236585927432,30.07031404800773,35.272063921529934,31.487186445772068,27.59103267548312,25.154802391425847,,31.687439529535027,,,,
2024-06-13 07:21:00,46.00879215748398,44.78622707870363,43.88948117061091,40.68007321622713,34.55716235588102,33.17802589205792,51.60343983962207,42.194152198354686,42.31392495524847,44.06160616617376,47.61339790598504,36.21505017679283,43.65965876441055,39.667102674925445,40.65240022157718,35.333501916001296,36.872805145624284,39.38970759853265,25.100597093500937,29.00093980595284,,43.53099371877602,,35.46506662612455,34.85473848260881,,35.0769478668135,32.900946197195935,,31.418745851137373,30.08070528186181,35.25855653132976,32.32018612816182,27.756049690446616,25.569351870431547,,32.18564427092576,,,,
2024-06-13 07:22:00,44.35164445929411,45.572475292876334,44.87011182783408,41.43232552520999,34.74454879425912,33.0597720835633,49.02198198801443,44.705464428595405,43.36704593763102,44.60586369191083,49.34745652395668,37.673495020855626,43.86646694299088,40.13464658419298,40.92049640118444,35.401767906568466,36.87966256895095,40.06193842325797,25.08206458446034,29.546134315640302,,44.38460351593426,,36.08512187871929,35.35316743045223,,35.41093897422434,33.04783378570801,,31.64916768661169,30.16993825201598,35.69664772934493,32.27235874576445,27.988160892104133,25.611810145563595,,32.18564427092576,,,,
2024-06-13 07:23:00,43.45055397509577,45.62491649734466,45.12915228842439,41.497770238982866,34.443002668493364,33.012745569771255,49.75947647483599,49.14333638091421,43.71271397670921,44.82667066517047,51.276141010213905,38.54981842136203,44.036151366350396,40.3961163333272,40.8716745373963,35.44080385296763,36.747333555293494,40.18508828168109,25.015605379750014,29.539508403518084,,44.64293893560193,,36.00565071753681,35.26477957911402,,35.25397101123781,33.1069034741904,,31.51321296165679,29.906341900219104,35.64957079137912,32.19749562116249,27.83030549977707,25.410533173469958,,31.983089359380642,,,,
2024-06-13 07:24:00,45.7481285405222,44.979033516858635,44.51312897807611,41.74186699517486,34.612078038242316,33.09893827605015,55.615337995214304,54.54055464319936,43.57639258534323,44.91364894095864,52.100605946011456,38.53837019913135,44.35502026210429,40.44244047652796,41.05454430440341,35.49537559738326,37.0591105581733,40.06844879908817,24.99547709530202,28.757430678428136,,44.177139998950906,,35.86146009167487,34.97034416210363,,35.12442197717837,32.96480742681479,,31.42757644779067,29.943711521028035,35.34174219101487,32.507830327330794,27.98012018469626,25.62995889142553,,32.379583675317235,,,,
2024-06-13 07:25:00,50.0647546811,43.83908468863319,43.28442459846474,41.76138115093681,34.60509114066758,32.902351319234754,60.34528513981218,54.03456262735676,42.37895024666864,44.43083493520953,48.77536041307076,34.634425607801404,44.1945628342869,40.129340457945545,40.870016644177895,35.66298049582099,36.94240078418284,39.220529239091036,24.896430010471022,27.706699422918973,,43.090938520321515,,34.920080988838436,34.18818696627113,,34.40727304122129,32.444305381819504,,31.06734674044219,29.530724032215403,34.75469803901251,33.341919364554315,28.115617488186217,25.611810145563595,,32.96036461623146,,,,
2024-06-13 07:26:00,52.04791415435011,42.68661436450384,42.275913405399024,40.618661944174846,34.24122199279827,32.767009164623346,58.05154510640432,44.27925592114616,41.15459461721798,43.47574975403177,43.89345093655106,31.32006457766056,43.80183536713753,39.465867797590136,40.18089688217037,35.434879971511805,36.69333968013245,38.40174178530782,24.701533180872048,27.100569501521477,,42.06799666539746,,34.1210195857102,33.469736517471574,,34.08792778101542,32.279323771918826,33.01693408825304,30.872257785857073,29.45808310949087,34.01703945717145,34.04121570216421,27.957757982968587,25.422849146147655,,32.75950312137775,,,,
2024-06-13 07:27:00,50.31366196743909,42.514398497460206,41.69092673428486,39.95138226121503,34.02462457079696,32.52837939470919,50.30062427228563,35.34989410583648,40.7598212369237,42.59788758976515,42.062047987167716,31.63072283422207,43.14606131483356,38.911366476118474,39.94451892191,35.054712121542025,36.31880256415093,37.77444571813555,24.38906392649278,26.990185844080315,,41.68744522103316,,33.76271061947318,33.17898732662843,,33.7466432989695,31.93979991932156,33.10971924230307,30.60739253959082,29.161308763057605,33.63961885167373,34.53208463693477,27.763215168253964,25.246204001301976,,32.64037052136257,,,,
2024-06-13 07:28:00,46.42337309628567,42.70009536714633,42.0236013742292,40.152142071112166,33.68648528384915,32.24772392539694,45.13051824621425,39.11374792934453,40.919574385017995,42.74354198170522,45.9215335031688,35.32992509955693,42.96535906803501,38.73760525241096,39.92747676240856,34.82273146038892,36.07763845902684,38.018405478553404,24.27148742641657,26.996787643404787,,41.69563708935266,,33.84365568070143,33.18572380883688,,33.40903046784888,31.495428980302677,32.935746964789814,30.39555142039717,28.916415883188165,33.72797534927713,34.478150482043475,27.433189083852767,25.02062208890925,,32.20560774193689,,,,
2024-06-13 07:29:00,45.30571273170733,42.776104560868134,42.07988417005572,40.45739497016689,33.668174021969435,32.34602671355924,50.65084304368543,48.47542853788673,40.596808856651705,43.0477147760605,49.551976896043016,37.18917718397688,43.26436377133655,38.94741250009065,39.87748606066589,34.79738708225045,36.1825372497226,38.14793155569333,24.205047039884676,26.675726952961668,,41.895384780720406,,33.99959783988379,33.222545928749696,,33.598826537304376,31.692848696227884,32.761774200133004,30.43791897118399,28.906037343691423,33.68401916563835,34.221851039118974,27.470320374762878,25.07539975808504,,32.12995975463002,,,,
2024-06-13 07:30:00,47.26527173734348,41.795154749460835,41.267337587277325,40.295898748430545,33.70479619429079,32.29687567282588,53.93136484497677,49.50096439938079,39.89339077506452,42.479447916090294,46.43800963462468,33.18207200620145,42.94105298279692,38.643374385489324,39.80574308219798,34.61609801682107,36.070786781740026,37.724448550364286,24.16639220468187,26.249116137136298,,41.352772619306734,,33.54133961838579,32.971266361494145,,33.41998188196476,31.518313511299766,32.764053625176984,30.35318420613612,28.825101108304352,33.269455366501916,34.221851039118974,27.545009962966787,25.154486634374734,,32.07952777652645,,,,
2024-06-13 07:31:00,50.76851412335918,42.31687812295786,41.866229821830075,40.65343053374568,33.83335011472968,32.535502300561575,56.615247425245116,45.31764340926338,40.4184099612728,42.65382089356103,42.95539945645805,29.579616784383234,43.26436377133655,39.098063738253586,40.118567896713785,34.66678644661806,36.3267052145128,38.187005449716025,24.096734092159068,26.283735350350526,,41.9341703992734,,33.998106258266944,33.272844187873034,,33.531303180867326,31.44111319397507,32.75493382497416,30.445846868944045,28.663228395811984,33.56113326290506,34.932134107995125,27.44752602418089,25.28866652288957,,32.59602952732189,,,,
2024-06-13 07:32:00,52.00180193425547,42.09787301828601,41.56868095254549,40.44391534588658,33.657261944178344,32.378080047073354,50.83557909758497,38.08996970674889,40.48629199069501,42.644845836183094,42.6378386417764,29.614777721539213,43.131680787856794,39.074066956428396,39.93450044256292,34.50100940739435,36.16487767543288,38.06025459514757,23.960639161428844,26.45175151042031,,41.68759263644438,,33.61427550312055,32.88717761040198,,33.036712502886985,31.157933570284513,32.44652236589582,30.18097942487975,28.49098140488104,33.05967003928572,35.41898740874376,27.98727988370115,25.27635194382583,,32.70992827515511,,,,
2024-06-13 07:33:00,50.31390785002702,42.61274574579784,42.46201657110305,41.246511071495206,34.13097413173955,32.44931258332417,52.02897818993324,44.028122089855515,41.64413496991028,43.65812351286877,47.40790921080588,35.21901284229489,43.716961084531704,39.934551459562954,40.40846562470847,34.818851694798354,36.5610149136877,38.820715109405455,24.14786942745627,26.98711114818616,,42.35828288124435,,34.29398354467912,33.51206153807925,,33.657216795772456,31.64331174263407,33.010099631055255,30.54825780493502,28.663228395811984,33.56415313250773,35.73430740213621,27.956875582341354,25.69056065684049,,33.09339045312163,,,,
2024-06-13 07:34:00,49.25118387271857,43.200965363586874,42.90691978130644,41.639055712091704,34.23381845402423,32.61171913390285,58.94753370571834,52.320273280595075,42.03494459104127,43.99703838633536,50.703097553306634,39.26739613021391,44.050197087637116,40.23861277408059,40.72599866044652,34.99238008646216,36.60318215423899,39.22595557489598,23.95299108397421,27.21445274571579,,42.853980237788164,,34.63333957237455,33.8543713498284,,33.828775920289445,31.739633946691356,32.8477215120638,30.572952079445713,28.69850839338369,33.93590014163465,36.065547821058544,27.941673431661684,25.751492503210102,,33.40814397223858,,,,
2024-06-13 07:35:00,50.10448487731139,43.16552303932531,42.539025226397825,41.37301691385369,34.25912323420857,32.67297246843418,61.507264613320785,52.299507120309954,41.543394026555006,43.718076192194076,49.494980884922825,39.6792423907109,43.711462309071976,40.102728563839946,40.596627043404396,34.87936314052399,36.59632664625644,38.815777376573635,24.053647993632694,27.074424331879072,,42.52272334495501,,34.53536412396761,33.77686870786556,,33.775849092790395,31.74818014684206,32.90550879892953,30.566835989260653,28.74000906413403,33.72575411653452,35.79797317351586,28.286003098626907,25.848713062313664,,33.28815570023778,,,,
2024-06-13 07:36:00,51.18137336906898,43.74702174901313,43.08535067351522,41.6718631850797,34.501409920041624,32.867430437167286,55.607382449492434,48.117372531203955,41.79215935578941,43.72697056892753,47.21833586668686,40.246875772567364,43.99764724698912,40.283805093756655,40.713612493682604,35.138730501849864,36.6110694054064,38.8984520273541,24.182082346097786,27.718510976475955,,42.850263616898246,,34.719213179702365,33.919357425425915,,33.963803468048354,31.660401886837462,33.07470865120695,30.64364143933153,28.783584224842798,34.05990506587432,35.990544106824245,28.218027187518828,26.019180625510216,,33.72809206090983,,,,
2024-06-13 07:37:00,50.9090595135483,44.62682906611644,43.78585886916926,41.974990009969815,34.54150667920726,33.03694114245957,53.64754362989174,52.33611282787433,42.70395668347351,44.08814384489483,48.68570704671697,42.98171920656068,44.21439347114688,40.808751689706696,40.87470812928541,35.28301961896136,36.884617115746664,39.39022186738117,24.350768439769354,28.494446912098738,,43.68533297671888,,35.45784043450294,34.639309661667085,,34.49303642418363,32.09520788524378,33.394896572218386,30.977358794305474,29.03467659242142,34.47866916402245,36.49842798167242,28.494813745680403,26.366266764064903,,34.06195172953767,,,,
2024-06-13 07:38:00,49.06446865895089,44.7433097180392,43.841760986073496,42.15603588824115,34.43867231716695,33.270556493181175,56.439082602403005,57.48520424091498,42.63267158663348,44.341718278702274,51.795756140842514,43.72813280830269,44.25220341931549,40.81974577222718,41.138683259010804,35.2850613000827,37.01109762520127,39.18491425902715,24.205418122470064,28.624504263123526,,43.63117330819341,,35.34129405533531,34.51552811415195,,34.330581417546,31.920664898826544,33.267092186044465,30.94381954805158,28.86034437699709,34.76725517087425,36.931282162864136,28.21712066738928,26.530557521020683,,34.375776683163735,,,,
2024-06-13 07:39:00,48.0183770486301,44.49725143122441,43.603498700104865,41.98598571857315,34.2216900100982,32.94788117256235,60.3875516876883,57.12532054086091,41.89156855290071,43.956761673282244,50.865869102035276,40.16899022676989,43.958688804707435,40.59884073435728,40.75941692579454,35.15447271272137,36.7591497396304,39.09586824135539,24.16836770210284,28.754536356507742,,43.15662748888144,,35.00392133704645,34.23702918097615,,34.2995127090403,31.800420329885583,33.2761815222384,30.93677131023469,28.839574782713953,34.63864146468404,36.82444244845715,28.12679131176037,26.444971615361055,,34.31229855474885,,,,
2024-06-13 07:40:00,50.05390379317021,44.47516035110266,43.28796188177921,42.0971609051287,34.350228719592906,33.02408689661115,58.86792835405754,50.614028107888316,41.708686400714214,43.74815915863087,47.71005700308979,37.01495177434981,44.10855677673953,40.49066457253798,40.906981916717086,35.255836843632096,36.85426174470115,39.310565359642055,24.032286169721147,28.835081492493373,,43.08954525592617,,35.085319632713436,34.228827644551984,,34.2283162939666,31.72698603703566,33.18794918671574,30.945600942935016,28.748263291084186,34.54871532704192,37.518673698869634,27.984152373670895,26.55449317282705,,34.73392507611106,,,,
2024-06-13 07:41:00,50.93656199932241,44.00242600948013,42.94467312006236,41.57817226571797,33.9498070042564,32.82964230800155,56.14138764850122,46.758342376455175,40.986721321705545,43.07741945443513,47.106754958236934,37.83794253748283,43.491791336288316,39.89554164646211,40.562471391957615,35.10379063695484,36.493494026517396,38.85544927762368,23.40585596533265,28.29645594877229,,42.72669486390032,,34.625622553325684,33.65842216326837,,33.768485199152565,31.39705898724833,32.700878669330905,30.57926716483007,28.45153521002385,34.18539235869139,37.67323733776857,27.54194740796129,26.310791581396415,,34.56352128397975,,,,
2024-06-13 07:42:00,48.91094417842453,43.05244290424389,41.512406954912876,40.374402904562885,33.21168759754096,32.22922810059856,51.584941601514856,42.45007961957094,39.47604213781665,41.98359968823547,47.155736389685444,38.52556939473379,42.57522038852335,38.841137088526466,39.48532729569138,34.4741419573071,35.771940935301586,37.76460863805704,23.034675073896324,27.12865666975449,,41.37737414630692,,33.505848002567745,32.55561811870484,,32.97836824951082,30.769666279590183,31.803154664477006,30.09377872911682,28.026150908708587,33.0164775998428,37.05403655673558,27.11538319018041,25.939076981482003,,33.90282110588316,,,,
2024-06-13 07:43:00,46.6512724467558,42.12831808404644,41.05362834459265,40.48128118715272,32.88488249605075,31.990628147754364,50.012552555845105,42.97835890098372,39.28267881789975,41.920169698412565,47.67502444973002,37.2148374980834,42.56347358173184,38.61379731315765,39.53472382362838,34.285123237612424,35.523966318793896,37.39852472340834,22.67112906298098,26.619707496786305,,41.084961841046834,,33.22502311482185,32.426603347486434,,32.79954298514576,30.513179775655317,31.803154664477006,29.939276717978373,27.704524390123424,32.74984738033072,36.49842798167242,26.9356374234992,25.799085949700384,,33.593315455492416,,,,
2024-06-13 07:44:00,46.68006992793221,41.210384409808285,39.869928769732724,39.8140006122926,32.609488581476626,31.579671887553673,48.07103715542212,40.7022850655585,38.32248155218963,41.235476696424485,44.4389600673037,33.77127491468309,41.95840235812375,38.154500460161216,39.06553228804114,33.93035262905903,35.05433788418634,36.61144324450623,22.349480933458835,26.020195630298986,,40.13019188483872,,32.427020583236754,31.718990473062604,,32.12074108513616,29.93634026323707,31.26969670514245,29.469641306333415,27.414031732616877,31.847574722118225,36.53025018421977,26.628466364787982,25.518759958214105,,33.13341596427472,,,,
2024-06-13 07:45:00,47.47633884932782,41.47147121984926,40.40926169564818,40.18476830172358,32.726764885935154,31.749197629505716,46.748971231035966,41.69238479018395,38.70588835815124,41.51786803762138,43.88153617908097,33.44349930307544,42.09657042947106,38.452076242398334,39.13727634843417,33.994750806796674,35.180851544929624,36.9848831356158,22.380500670979472,26.044902973005264,,40.471932308798614,,32.74682244587302,32.08434423563767,,32.42729789230134,30.07741473850365,31.531678308493156,29.650666789516436,27.422334048211724,32.103195538671116,36.63188646656613,26.635639959462196,25.591668627985428,,33.00650060442979,,,,
2024-06-13 07:46:00,47.497946021346934,40.09116597683351,38.7353026254591,39.52836725250609,31.929838730928395,31.47855594440648,47.54967393796278,39.68974092359372,36.941479907523444,40.23981718735922,41.21321253893075,32.20949211133802,41.23593972806157,37.37734506915626,38.525870509062315,33.61851908467804,34.67015819329299,35.76212674793922,21.932065997543987,25.22143699292974,,39.063932006387176,,31.532693025903427,30.93262234329859,,31.70841480800891,29.453846526324014,30.94008107962145,29.088410138357176,27.104878554051993,31.171837297058573,36.26884845188761,26.275742056606987,25.481803678504093,,32.74829810467827,,,,
2024-06-13 07:47:00,46.368266242190316,39.3970868043607,38.15060279821955,39.188402605215515,31.973549784247552,31.318337720075192,41.60699169110126,33.27420303882354,36.315826657274556,39.35369378242126,39.97172037218115,30.836100900606652,41.04362131693256,37.11216835249547,38.32544535493912,33.3204232567648,34.45357184736031,35.3582551306894,21.915202165583423,25.33006290824551,,38.83856380752195,,31.29745969043779,30.94211503534325,,31.693846421542275,29.40231651422755,31.02107871144335,29.21122095996725,27.109045984460863,31.076371573111828,35.41385371617298,26.04286227752209,25.44484739879408,,32.13020572930384,,,,
2024-06-13 07:48:00,45.334439439000676,40.363382687668036,39.38654643096015,39.76653863079446,32.16441484503821,31.276336545295635,37.14449721170081,37.242877332437956,37.54301035192748,40.16388817078678,41.542527002005954,31.42240746784637,41.46982423638087,37.50399463291342,38.72410326285831,33.74942238066035,34.72823472787263,36.14156028628264,22.014246720329766,26.53525258160471,,39.883581120852114,,32.200765817975935,31.853236012682373,,32.21198828191291,29.690197901277315,31.238926723727673,29.483948972711914,27.333127090488688,31.813947419233045,35.01384950420561,26.409496847347782,25.676211402538456,,32.424968566055895,,,,
2024-06-13 07:49:00,44.99856878322066,40.52598328564909,39.65263564052384,39.41784063914611,32.17180602592566,31.38458772600859,39.84207905803737,40.11978990671355,37.6174131195437,40.15552778113738,42.01328797310293,30.23012503757218,41.42648338438357,37.55296803282931,38.61240890218505,33.76491563156537,34.72139088613142,36.23061896762806,21.86731534884484,26.589585688663192,,39.896498930069356,,32.38011457181756,31.83831318612829,,31.993057928284543,29.456625547778458,31.283028618772278,29.604001257722757,27.25220954256156,31.70891363978808,35.88473384101371,26.342413406735204,25.7189936287582,,32.696184299793345,,,,
2024-06-13 07:50:00,42.59328643291326,40.992379350356714,40.258174579472325,39.884515695178834,32.233806226202205,31.305563975332007,44.551893644690836,42.99452834940803,38.15649634819806,40.775230817379,43.451418276178174,33.30679746261467,41.58447943032115,38.21176888668106,38.764685200541635,33.82156354712936,34.700859360908,36.51853240610427,21.95710809213392,26.890860412616803,,40.47882691490008,,32.660866374614216,32.21852045323567,,32.27766720606496,29.726397577418084,31.593619844547902,29.724049139745148,27.285405612673458,32.01833078821119,35.72401224219607,26.611583504305372,25.877109662507564,,32.4310619222814,,,,
2024-06-13 07:51:00,44.5632862755117,40.88828542458168,40.01672650542241,40.113359748137555,32.1348501214884,31.527040316275475,47.743035666023616,42.88468414325848,38.108665382649406,41.02623952452154,43.253247340953976,34.75033376263764,41.9014143818913,38.171123572248234,38.87166298175816,34.002805661988305,34.79887844662437,36.732084082852566,21.839565070830986,26.604511079305666,,40.46479287940633,,32.53799113731293,31.97281298497137,,32.21564384295698,29.492827985799067,31.521772058656097,29.637528803747955,27.123574605091108,31.80711636809292,35.73993075273347,26.566439176541508,25.962327015028222,,32.95961302918738,,,,
2024-06-13 07:52:00,48.26022312855787,40.25636872725545,39.63873579331266,39.99326632726115,32.11653625647,31.347565319718115,52.52528420968406,45.72126926523174,37.919307679955864,40.61005827817348,44.193386099080044,36.187786694605165,41.74523799652388,37.7202030662329,38.750536335507604,33.883862412228495,34.6723802809272,36.38680977247287,21.76065732614279,25.8438034301048,,39.88242332913819,,32.03739115202461,31.39162088331068,,31.53876733186644,29.053349554968918,31.14844366567695,29.432755634928526,26.999086148231527,31.192411314859783,36.381244628930745,26.574459213128648,26.0964925211606,,33.40728712478699,,,,
2024-06-13 07:53:00,50.69433343509024,39.50615285115737,38.64079633246365,39.50903874283131,32.178868326215024,31.61818964385793,54.74478658791713,40.961304267989135,37.39139153451447,40.31511849719686,43.53277839112434,33.98362396381435,41.6540518754955,37.759920541363726,38.58880731204249,33.98134222391491,34.77724566958841,36.06107429215575,21.57509299417916,25.125898449282886,,39.30702959572227,,31.793021304305057,31.16892793798843,,31.502261618786633,29.035245597084668,31.099781160649854,29.398324319142375,26.907799427263853,31.012946744163855,37.460492004201114,26.7765472969686,26.25495712440852,,34.018389655745295,,,,
2024-06-13 07:54:00,49.08099254205581,38.82768872863153,37.61134802064453,38.87230042442047,31.907359014697477,31.460795582226865,46.205703260787686,32.53603144430144,36.26759455357842,39.618578269058844,40.03009305153819,30.047449481143303,40.785353653293214,37.08626247351276,38.27195766896216,33.71811052343321,34.30480036787287,35.52541458954252,21.330759241553096,24.676361267869652,,38.64477528703969,,31.23597328853657,30.71126181233467,,31.03702437951597,28.540464117462307,30.682342602053723,29.090246412834404,26.756335463438518,30.345601132232787,37.8128154154972,26.469827861146314,26.05406088217228,,33.97493244506302,,,,
2024-06-13 07:55:00,46.16676528595292,38.913434719988345,37.69899772227018,38.49979772564734,31.723260404290613,31.219399083889698,39.46646164954382,31.558927524597493,36.12199565130436,39.29588843883084,38.32991753479587,28.823359302320114,40.191261586213614,36.72778807094164,37.955774797340155,33.441490996895595,33.89220011303337,35.524210468111136,21.304661038545646,25.040179131439345,,38.724716885357566,,31.12065889526366,30.79680427076846,,31.157474294352596,28.603336059493813,30.77017540692168,29.145084526279334,26.833115053316305,30.239153649588843,36.771511543223596,26.641537859395612,25.986624100516792,,33.14910744592157,,,,
2024-06-13 07:56:00,45.94606251319726,39.5746264430436,38.38174209266754,38.802901274106716,31.921499748084443,31.4529934378063,38.78226220199008,33.05160860544993,36.884378799760725,39.708653762338145,39.984965312978375,30.37920809363186,40.487468284075476,37.391263807822725,38.1662733621863,33.81381587526528,34.19422486245446,36.1025148376973,21.256782134925288,25.583489077634567,,39.3070968730799,,31.621761372936362,31.382060306748826,,31.615402720611655,28.68529511920542,30.934782342474136,29.31451405724374,26.87668553878484,30.892521170404507,37.1017579711629,26.5812028708076,26.096135698788203,,33.45684250789577,,,,
2024-06-13 07:57:00,44.48980680839986,39.64789080759874,38.36421551524609,38.85333259223307,31.682779564185694,31.214419973832946,35.430913248969546,30.81307428714149,36.820693740522984,39.62714315725043,40.87121720144705,31.35791160383269,40.16878217372414,36.797196598347,38.1845273825536,33.690999775976934,33.93152163196544,35.80847547082669,21.218150886226113,25.724965756125584,,39.21200684218957,,31.22614771639155,30.93118070403989,,31.079048559522562,28.291603917852626,30.591503791134528,29.229798618697714,26.696189534287896,30.522146349264858,37.465717897102195,26.453793732826853,25.968136031184258,,33.406425634639845,,,,
2024-06-13 07:58:00,43.443986042170195,39.18440391313561,38.16467152252153,38.842466550954214,31.84792338072657,31.30274705381646,32.62386773719663,30.379044980488516,36.64597271008347,39.60134032301016,41.130859757555754,30.14285048816737,40.068585395794344,37.06698155515596,38.13576823748804,33.700845213152206,33.92183166443431,35.776758951229795,21.4330877398379,25.548775904432205,,39.05233564130049,,31.165191890570895,30.946107865042904,,31.336275708976245,28.473619382707057,30.70021681348726,29.30839067784609,26.874611423264923,30.522146349264858,37.620275244363484,26.41624593974052,26.05335003449386,,33.44380754249619,,,,
2024-06-13 07:59:00,43.08963459503161,39.764362868374974,39.081847821042174,39.23940374507902,31.550414628079125,31.465112263483775,34.82181543737738,32.62408419146573,37.44177040643581,40.108129056053485,40.79208476311919,29.554163579224223,40.175129598625745,37.48552478852275,38.23392421261633,33.498146822248714,33.92581788526695,36.101262708275954,21.375959462499168,26.311062476820553,,39.483203354586976,,31.705205704287437,31.486536341782994,,31.58255874673796,28.6204333113792,30.976194586276506,29.39220524133043,26.77502891126005,30.723846705907363,37.36411036417235,26.438604808308583,26.101940691905156,,33.45598101506596,,,,
2024-06-13 08:00:00,45.85045516922685,40.355014875046436,39.66296414317958,39.797515189513206,31.777882710572158,31.871024916639726,38.31644617110965,35.70747526292371,38.28999552674691,40.69852317087134,41.45206023265155,32.402576552283335,40.46493951067305,37.797818748587815,38.6542331479659,33.79444669560496,34.20218714334544,36.44405248239673,21.669796590367696,26.74079554895161,,40.106607126719155,,32.16329185954146,31.775764602194158,,31.626342008081792,28.528926345654327,31.16169803038929,29.47872201983273,26.86631285302292,31.26529173652034,37.53028902064216,26.730539954734923,26.217610559270724,,33.76977523494861,,,,
2024-06-13 08:01:00,47.413976184143735,41.07057890489432,40.26873836689083,40.412153152146175,32.178195904456516,32.13166263527023,45.41700214143157,43.26991298507551,39.00114130191719,41.34825459588615,44.938577917215525,38.75376440641685,40.85855765741189,38.44553565060187,38.89522516158445,34.26421672796732,34.562884385027814,37.1407396304877,21.71006377343292,26.601088031315157,,40.6138860391427,,32.73931393670682,32.04742757296299,,31.96202967990439,28.762471751030716,31.597722563942625,29.758475738805373,27.05510631246989,31.504523144256837,38.17146994455857,26.92501560236019,26.461277257971005,,34.461632709437254,,,,
2024-06-13 08:02:00,45.74226539108406,41.44527731967992,40.84297398246599,40.58016754721871,32.48274678396024,32.192901049388865,51.1391321272356,49.928807673696156,39.648091186614465,41.84307134695109,49.093649173017866,43.70870934693994,40.699663699525445,38.58409381823276,39.244391538947866,34.37538652299577,34.67170821791353,37.47370021549676,21.66218060140727,26.96818802411417,,41.14448290561836,,32.881658951010195,32.22525619507678,,31.86714927847197,28.52414945511964,31.2103482915345,29.589035054460055,26.874611423264923,31.50302121205459,38.774622813220276,27.224541053377607,26.418487978138273,,34.85795227027177,,,,
2024-06-13 08:03:00,45.30133579664289,41.098694205434185,40.56299793441576,40.976859065142435,32.394728340985466,32.40937896860953,56.8482182546843,55.501060627051174,39.582168978603704,42.19322318554691,51.042812359736445,43.104433859969504,40.81973185110837,38.54346329663076,39.244391538947866,34.607287113991674,34.78737372971102,37.47751409372182,21.798213747604677,26.457910367568275,,41.23153780510256,,32.7168515818239,32.112637404651196,,31.86714927847197,28.30870812705234,31.282184949033308,29.724945439774274,27.00116536879068,31.52386222266614,39.38391219956566,27.149880737793183,26.583110528510588,,35.5315095362314,,,,
2024-06-13 08:04:00,47.68726073047321,40.09209887966699,39.06448850757215,40.521138557188806,32.19650574292291,32.247020543341364,63.954130733129205,54.653010659184474,38.581677435842266,41.55818731516524,47.43300991539286,35.4413737113282,40.303336630183594,38.16280135349007,39.006909667127275,34.64426224322699,34.73836978814904,37.01150526910703,21.759579987404322,25.713647272621074,,40.187710045626545,,31.918492530711774,31.466269486109468,,31.45303374750256,27.99321184135306,31.073497152840446,29.60579951572481,26.828969294339913,31.090073073678923,39.78392711978108,27.172234808018402,26.4551116067762,,35.60712398736041,,,,
2024-06-13 08:05:00,50.38948944204628,38.98225744013325,37.713047332908445,39.02117114819475,31.649372963213864,31.804097740412885,58.90299205328574,37.53856004526824,36.64257388949727,39.81809921318086,38.113834134431954,25.763182991219765,39.20008644641052,37.07065018633148,38.18044228452732,34.02843807358954,34.24832972714296,35.768222492067764,21.55553281770881,25.20961353683424,,38.68131724443174,,30.784512602092036,30.555069610866667,,30.827310278240475,27.54325830961443,30.623409430004813,29.266033344475545,26.584166059715244,30.143719930722455,40.06740176973449,26.895063035349494,26.260033435678224,,35.17256682932236,,,,
2024-06-13 08:06:00,48.95666717937593,38.82055159714491,37.35954354369369,38.37821186150654,31.439909074460502,31.560562741687136,42.44760138973311,22.600701648525046,36.072811719022184,38.971892068816715,34.481208122396765,25.05140275068925,38.42114855693103,36.257636719321,37.60506507199716,33.71665840958519,33.73777472855227,35.40101777347857,21.39012242200988,25.301644976381795,,38.434824478345035,,30.588768306511156,30.48441816045397,,31.126479873867538,27.382142289755848,30.44247101897281,29.164557290820994,26.503256826984853,30.01375631960309,41.098034030961344,26.542798538152965,26.040665219549055,,34.838824857153895,,,,
2024-06-13 08:07:00,43.67558377838907,39.48768767936417,37.923106234184615,38.483289446462095,31.215682155373997,31.4003611716181,30.77796005889286,20.45566950322541,36.760365228717774,39.15253478659065,39.07081625911269,30.732118844151955,38.17043465261531,36.22909817122627,37.58403200324028,33.32500981907151,33.61241953043111,35.72917009074004,21.30361320529687,25.92216323415687,,39.010082796309916,,30.952964762546344,30.7938866792756,,31.407391902843756,27.276323828592922,30.567505457114294,29.183117500145727,26.418205163169205,30.313317125662252,39.564977017011415,26.692125504521755,25.808974947039587,,34.08267338829012,,,,
2024-06-13 08:08:00,38.89158751060461,40.51355921154209,39.491067285665395,39.05486171124653,31.435744387241584,31.31138044459226,28.345774506010002,29.436437437755558,38.04642033145319,40.20209016855074,45.268689671548145,36.35747895591294,38.52446676293084,36.903498447418315,37.751086825059474,33.26483832649615,33.69788035294198,36.60974943291279,21.345515132516766,27.12688116477557,,40.1462876396788,,31.836000129417698,31.567593950744595,,31.901678433594498,27.481182090378297,30.76662499704662,29.381703711757837,26.57793981273926,30.999485264281702,37.58322895585184,26.24959854930694,25.595426255415987,,33.31873504918258,,,,
2024-06-13 08:09:00,38.14998524707198,41.46906623667883,40.988941763459934,40.20144194732211,31.821234416900325,31.729348335707414,34.452406104803686,40.74481350607789,39.58972321459055,41.714260191285575,49.281845085419945,39.502975174299536,39.3304449550144,37.942690207761416,38.462193308168025,33.68001554320779,34.08016186574787,37.611054195115,21.512550923634308,27.780454261250725,,41.55959908410546,,32.953777997015095,32.46494089600401,,32.40327098055195,27.73278564346583,31.114391129983233,29.79028796407738,26.704484570811474,31.761844148413275,37.56210157381997,26.556696247513855,25.64401594638889,,33.556035370392124,,,,
2024-06-13 08:10:00,39.37143967084364,42.77260347652509,42.00360747495961,41.13639445454919,32.41195106676696,31.9429504359548,43.03803568803983,46.72544020609621,40.80141563706343,42.66724258313752,48.65945496769041,39.72400001313372,39.988334556462405,38.74167274305182,39.07861868371651,33.9822119456843,34.45844751800871,38.34633432146319,21.710592106702506,28.837198357689886,,42.51248703548572,,33.4560805963315,33.0987803207463,,32.74979325743152,27.956733654250456,31.740365261848638,30.1326765356971,26.853829450897592,32.37632165616151,37.00659394764557,26.66802611883122,25.948214420817067,,33.80025357358886,,,,
2024-06-13 08:11:00,44.21965443984925,42.840086948087446,42.36421991992438,41.91436068059534,32.78651775873618,32.34878644857645,49.920563016125016,48.98107130406447,41.46406151335941,43.270857492047526,47.9901501927211,39.42476580186667,40.66966709263352,39.31528742439514,39.52521544975707,34.70518709280236,35.061151383034485,38.886731107218,21.866744058342192,28.809443621504215,,42.89772413061701,,33.67344673430762,32.99297320755113,,32.74979325743152,27.929079501870092,31.902653821501644,30.2765339726393,26.820652656220318,32.53098514077192,37.79291721061554,26.8481608859654,26.289385152720115,,34.81260000601333,,,,
2024-06-13 08:12:00,48.02285106281647,43.049700506602676,42.6551291015885,42.02987105118336,32.99210413554988,32.45700929568011,53.760423909984866,48.531178458965314,41.799835207704746,43.785491091961376,49.02198782927144,40.558882675447876,40.71217062490314,39.533481925361684,39.26493590929317,34.673928055865076,35.17573687239201,38.929740131111885,22.004391882264144,28.246895379500074,,42.76890255906028,,33.70815053821889,32.772059060360334,,32.61498087313521,27.980636614308423,31.984075960049722,30.23242545918356,26.874588745251458,32.09366846349576,38.57355094254581,27.19280368115369,26.283219849927036,,35.587706073208324,,,,
2024-06-13 08:13:00,49.29812269806848,41.96263728748363,41.08035367432649,41.770519614538216,32.71331149309094,32.1693688893987,54.49030494660019,46.951814255925456,40.639680338348626,43.29284255034827,50.35076080434783,41.032663366733686,40.29794419464065,38.855486959693735,38.84474329542627,34.7713746516755,34.88860676620334,37.98573782339696,21.807983746131185,27.267316615704658,,41.63143059355821,,32.54934412140847,31.665557089678714,,31.87073576578814,27.35349505627346,31.429903389037918,29.7549882026492,26.54475089335847,31.39342646190562,39.78572096975381,26.90090413701114,26.17989355781583,,36.305433457255845,,,,
2024-06-13 08:14:00,49.854255268955626,40.16770209482456,39.21828650097541,40.73080471470553,32.07822735451214,32.08607234279941,50.40566973778209,43.595627494998325,38.57224874049439,41.67420069749187,48.107124261116496,38.038677890557665,39.588489573208335,37.491052271555645,38.19648397735523,34.469214518550984,34.506355629062796,36.55500390224108,21.552812198020774,25.841690917585765,,39.93988689795856,,31.08930390695332,30.231842046015117,,30.94770911286787,26.675844834744566,30.73435129154268,29.387861519285252,26.248092940407787,30.128295765466646,41.78783018232389,26.87899221763564,25.9242825292024,,36.307281721210416,,,,
2024-06-13 08:15:00,47.375598087355,40.47874421294091,39.64174976641334,40.44972105463739,32.041265358133614,32.09318636797548,46.90478448813542,45.33301053059381,38.928440402902424,41.47958425419756,46.68131525690683,37.699841635884695,39.352956685223035,37.402346946721764,38.13010594770253,34.50048352727549,34.53482093566981,36.848901931621185,21.514181899220603,26.369949488278962,,40.137021528278865,,31.412988766546732,30.724607327285867,,31.075393771692234,26.785438879373487,30.650702520036248,29.346395954186846,26.173416796736547,30.463828368801387,41.68555891312894,26.946050311383715,25.84488223563335,,35.778067635161506,,,,
2024-06-13 08:16:00,45.560377944517086,40.525949775612844,40.198110971569804,40.218770985724404,31.523764313383026,31.935833435623067,49.72142836272519,48.35139220591782,38.89447739941443,41.33102960536303,46.370531316811594,36.79873916274437,39.024452212316646,36.909963928721254,37.77750581549594,34.11274714358808,34.15365698867993,36.60615039602868,21.38741180332272,26.338609622892818,,40.014902443117535,,31.214196015541802,30.564385551231226,,30.898452804168755,26.40515685811124,30.23565518866417,29.107235725483406,25.868463913253436,30.33531781132251,41.69096338211443,26.339449144228638,25.44895925197784,,35.40613336034414,,,,
2024-06-13 08:17:00,44.088272400611345,40.52317291999361,40.033694432135235,40.0771734782129,31.71104718627862,31.746438217561945,54.27352616837311,47.342779757349945,38.98422656180901,41.43699464621136,47.88598182339706,36.8986023702123,38.97933963336504,36.7316805981427,37.63062304761729,33.99383973194699,34.07332063586466,36.5146702262694,21.290022918156865,25.919008666277023,,40.19689935088513,,31.21219690265707,30.397416086029352,,30.655846314436076,26.130683083294116,31.06168128643594,29.005762956223407,25.797922238878982,30.107472625570608,41.65920734819929,26.339449144228638,25.41850361488241,,35.009894204654415,,,,
2024-06-13 08:18:00,44.328631234640056,39.75200143111806,39.16226506117391,39.98124661032239,31.204450010555547,31.594064211462296,53.760423909984866,46.407959351330646,38.545606170794144,41.1255377448058,48.51129379059489,37.36162886664533,38.67966224979341,36.28734978690363,37.48718723290722,33.79118202170616,33.88417474225935,36.108527828736555,21.161619054139237,25.206211446664383,,39.766096335651355,,30.652261100776286,29.9684310426137,,30.243592085011187,25.732310426353706,29.511983292497007,28.757771593528105,25.482599109306648,29.71393079131667,41.86678027411426,26.092676462056716,25.2176321264551,,35.155023085458765,,,,
2024-06-13 08:19:00,44.29302088970121,39.17040111130018,38.58464933167306,39.42776304043309,31.29601016141737,31.357685380026965,55.92091524684861,48.240773174112064,38.065388080947514,40.631381049152196,48.39336070402237,37.61524726214111,37.908022922173814,35.988069283928326,37.06760481464198,33.69968931074118,33.75882454858447,35.643779834256094,21.183386851794694,24.931195436570306,,39.05468847788734,,30.15530780871586,29.514969997938806,,29.91160947404387,25.44354283829307,29.846073350918687,28.589264354460738,25.416245068274293,29.267766702015706,40.70304977712249,26.032354125820802,25.01026406144979,,34.63796113473279,,,,
2024-06-13 08:20:00,47.82630238286822,38.516803183317734,37.87760907833035,39.57360998619265,31.498065312890276,31.58409936732926,59.17740045970049,47.7349278583265,37.74266389219588,40.62038130374299,47.01753790142516,35.104873706910894,38.44138734163971,36.01944373372157,37.183337436622196,33.88088519710254,33.98614459389455,35.388830473758674,21.172503302918358,24.04072207993522,,38.695443691068476,,29.970375979712117,29.273321567121457,,29.866012269159455,25.370160963081617,29.755614247100766,28.605121766560387,25.202553347814955,28.970879839072495,41.88342286872012,25.950096307472677,25.138244050255025,,35.16020601735238,,,,
2024-06-13 08:21:00,50.575817313998755,37.478300976584705,36.77492776396275,39.211787583586556,31.332946919718097,31.264401742732502,55.984249078358744,39.19442115756715,36.764613029039765,40.02308079244699,42.77431762736228,30.72289718262755,37.89167788335976,35.20557279778495,36.727214099269986,33.87105373265126,33.7263630913468,34.68493033280117,21.08436354148239,23.12873568748182,,37.88653749275136,,29.21057053655386,28.64607378514711,,29.192875972813454,24.807873404144175,29.169159336825942,28.144465166004466,25.04904827970904,28.139461976279108,42.24082837129413,25.957688681383388,25.046877553324748,,35.41310911997482,,,,
2024-06-13 08:22:00,51.18513831088728,36.85859545134872,36.312706385453566,38.54696755282134,31.230149399033053,31.047948189899444,47.127961039414686,31.71064803607169,36.28499027661064,39.357425966711844,40.88820635414595,29.96601373658632,37.48362581213496,34.68266284919969,36.42739631089171,33.837971577210396,33.39705237169221,34.303083767903416,20.82918992185205,22.501526991735773,,37.361702424611394,,28.7105057445051,28.140986970571703,,28.91373023080132,24.505768056312718,29.10188843783135,27.837359399029538,24.789714881412237,27.715454182725807,42.9029623894653,25.98805817702737,24.85215976909103,,35.52696588365495,,,,
2024-06-13 08:23:00,48.96310080039427,36.720541382735064,36.197134354673835,38.233107920515295,31.15659169678588,30.924786641558626,41.04579521385517,32.392076968709716,35.99132059567705,39.07997646341096,42.64599449002844,31.617974832760865,37.10189014179764,34.37692009454781,36.07480131216471,33.588524201747646,33.09622814752163,33.89190023699473,20.722558666679788,22.05042194649286,,37.18906660392304,,28.569050762840106,28.045945841613502,,28.733180920186896,24.313271777143655,29.01600091073169,27.76150324163973,24.544955571762785,27.436463581671433,43.22366282549706,25.50843196192318,24.718023056391985,,35.33840626435813,,,,
2024-06-13 08:24:00,46.37309449012196,36.42435588856097,35.990658585544224,38.04359159282399,30.80773800012321,30.828684914430028,39.48913367952423,32.685288385549484,35.81243305626481,38.840954202898956,43.41235079543276,30.20626068698357,36.82496922557584,33.85693771538945,35.888049944283466,33.29438464062116,32.85523926683322,33.43335835159752,20.59743969584224,21.80025382224494,,36.887452331511895,,28.1531307588416,27.75141917617657,,28.507049202617964,23.978789860206234,28.85827947982625,27.515347469780863,24.36244875486318,27.265218187671508,42.700117322568076,25.320735056526473,24.5106679159353,,34.638841367197415,,,,
2024-06-13 08:25:00,45.17152487701958,36.12823657754552,35.67892407519457,37.82992206446693,30.752792853367737,30.449905246445724,41.073634255591514,35.128620489335844,35.65652522600976,38.5000367573532,43.44963911039258,28.530148688088502,36.80155222320059,33.680470398187026,35.84813454273217,33.27292412967631,32.690580823357664,33.6077241199055,20.303648156623694,21.380373793163926,,36.836839362910496,,28.089470580465786,27.71063230603204,,28.134922681816988,23.892055959543086,28.716890592588697,27.33620994040166,24.111426799936908,27.215488117572477,42.689732002217625,25.365862816797517,24.267027514809342,,34.50067244638524,,,,
2024-06-13 08:26:00,46.67529726290741,35.360961171406416,35.118568956671425,37.6771932298434,30.66831254269823,30.541023953060517,39.867128387683124,31.113605340658296,35.27736949528935,38.133238083499236,40.91032352343177,26.619278033829232,36.63352229477209,33.63974403681959,35.59297084515288,33.20466997144649,32.80223968184907,33.13678273412248,20.421164829435156,20.72343279372717,,36.46803837912921,,27.66768847622552,27.38470594903265,,27.9652113941238,23.77294006920556,28.742359689239947,27.173823079338035,23.914337152716143,26.643668044336664,42.689732002217625,24.938976193117696,24.206117381753984,,34.205204857195895,,,,
2024-06-13 08:27:00,46.88155021202124,35.39170060725064,35.223771162843605,37.123737943577,30.477209096988645,30.34168239947212,35.29115719093534,27.558632453510427,35.4443579798949,37.95774378644796,39.3109229037309,27.25743821457172,36.08848634656056,33.211273767293505,35.5666034899989,32.881342673084646,32.610253868263726,32.64170980347487,20.384189483809905,21.046255462458703,,36.33911297420377,,27.571529524378093,27.375331494521106,,28.005386641974383,23.78630314579368,28.779244838181057,27.090067878302307,23.802406270040137,26.665808705559357,42.52900660201158,24.916216300309316,24.090140419666113,,33.94623501440492,,,,
2024-06-13 08:28:00,44.90738479826348,35.92107410867948,35.759728620280384,37.05442982451382,30.56140251848933,30.235644965178608,29.053459043215526,25.72848816545479,35.8457142627733,38.06803892723792,40.01832713056547,29.058999235146075,36.066306865494425,33.22073546606384,35.69322906217849,32.68855515729922,32.41144566096273,32.85404495613821,20.24983749652347,21.510517250915655,,36.590480380504914,,27.873923003153322,27.579065528315823,,28.034727222281163,23.5976713946975,29.21059919782374,27.015151067911575,23.700819085299372,26.88821330116707,41.68050763369888,24.593576705738087,23.81574754789108,,33.35966266268599,,,,
2024-06-13 08:29:00,43.372452898509096,36.19413630312192,36.004864219548836,37.42955707270062,30.792675591860643,30.149506866917704,28.543248043478343,30.254054928577034,35.9832354748894,38.39844391847009,42.65817968927627,31.149126209765654,36.40583019478345,33.29568472807614,35.827912274990695,32.749075867814895,32.684925032932256,33.34807483556108,20.16170464843094,21.327834806784722,,36.79948824474582,,27.9160063331301,27.600833206227435,,27.918059212651315,23.354698503457712,28.352477286362046,26.887203837762172,23.557673266714573,27.019415050475345,41.381151177074344,24.413887741462986,23.840049369212238,,33.31450703803284,,,,
2024-06-13 08:30:00,42.16900474519355,35.75844151741376,35.899757399889495,37.45792515773519,30.403389537866133,29.913180764882895,34.5214848180151,34.53565250729116,35.91618259506322,38.36295963963403,43.74277305022906,31.508432976107088,36.090918935491345,33.083240797494454,35.43951803723303,32.48804534854082,32.439951676744954,32.89928157300878,19.997983624932886,21.206049732444626,,36.71383968462237,,27.676239649830677,27.262790400291124,,27.702788256322037,23.21747551976341,28.231997195525764,26.658759468285098,23.507992475392257,26.620315363350528,40.99701486008166,24.368383618554844,23.638877137414738,,33.10072364236407,,,,
2024-06-13 08:31:00,41.81290918780803,35.68325346894699,35.70035478648424,37.336041999118606,30.329852020894805,29.772939438717685,38.61440313364437,37.09796258633537,35.7150321216734,38.24871194919001,43.69678472228179,31.86100959007308,36.09911876318483,32.76930856316835,35.266351243307554,32.41419248272916,32.30781617592686,32.69078172522316,19.793999732109796,20.937812446077714,,36.64935794381154,,27.379197156838018,27.14340977006532,,27.649986988033106,23.056483503664822,27.92801981747425,26.506159115433093,23.192717773401,26.5692339216439,40.628804268031445,24.1060585789578,23.40725870272263,,32.834875488693456,,,,
2024-06-13 08:32:00,43.73882938971542,35.33650813536997,35.766881280239886,37.189999085835325,30.517105561315702,29.8220755068445,42.27005646441489,39.083092110906136,35.70035703593544,38.072375518542,43.00685243424164,29.987132849683803,36.33558750762336,32.73331523954471,35.25756282035309,32.540834816924416,32.41946194141076,32.59930072486023,19.78310521335129,20.49667710526046,,36.419194102621304,,27.078963780259073,26.797264617787278,,27.38192316520599,22.61245398172514,27.740286048318467,26.32704303676155,23.13047321711747,26.228156648010554,39.79007935915615,23.88164781843352,23.376806343175303,,33.17465012127593,,,,
2024-06-13 08:33:00,46.0355049890228,34.89160644786625,34.98635063102893,36.85867820584599,30.311537625040273,29.758025641313452,43.39126471149052,37.43039581488415,35.00470313417509,37.733676549937854,41.52236364592841,28.216587712856835,35.86089214059666,32.25295730241328,35.029525605170875,32.421923760786854,32.377297843326346,32.066304490053966,19.636221989861497,19.886022611608496,,35.772365923080315,,26.539498739644387,26.20811154698231,,26.924091861932084,22.315148680311268,27.306711040050686,25.969749434916594,22.70531872583024,25.721362715761188,40.69320954998989,23.828957612523027,23.157491677850885,,33.11816075147442,,,,
2024-06-13 08:34:00,46.98236254436779,33.70566658929056,33.46019498701935,35.84087157108661,29.67651353739234,29.51454566001871,40.768384643209174,32.008917166348965,33.531727850816196,36.635282837704835,38.95233852060892,26.58572898053808,34.93310438444132,31.460416051938182,34.332571502366136,31.915347020462946,31.803019580994942,30.607402238552424,19.305502085046555,18.887038918520375,,34.41888794475608,,25.380630877722524,25.181826870891655,,26.200003968938745,21.72441921221889,26.641345838085726,25.518016315468685,22.344440685359586,24.778155127617538,41.05602890299747,23.357024312438625,22.858835700215423,,33.03037960326628,,,,
2024-06-13 08:35:00,44.89355727319719,33.72254300891336,33.93622185010554,35.455304369748546,29.602990803490684,29.337319613631735,36.041992853612555,29.591870770587548,33.539103077474465,36.51409350493964,38.9986757560514,27.982908031454826,34.84300868314563,31.37371163202988,34.118820946937376,32.08105884196311,31.73354961370103,30.733084124516466,19.07973074562142,18.89359018838968,,34.64079488688503,,25.461103397961324,25.310822037457,,26.37151129649692,21.733047017145054,26.60415563709512,25.476632757406605,22.20961598179838,24.600030252893703,40.62347613648967,23.334656550517593,22.651820091748505,,32.79056993958727,,,,
2024-06-13 08:36:00,41.8146535624511,32.79457742480645,33.4184556225041,34.90873187717057,28.93847894886335,28.958579721873207,36.4351606783207,32.011675404511834,32.71693783105911,35.661349890480324,40.27021850240385,28.54947251101794,34.11970407606873,30.39787464784672,33.89229563195249,31.50622577555862,31.138802078963067,29.854077186340277,18.561866442643577,18.200938947875784,,33.79706748564149,,24.58751349630893,24.388126805345564,,25.41602607551704,20.813547804152677,25.753392180721676,24.760197323108514,21.577097499114643,24.03271343604183,39.891616856697055,22.810419676713536,22.255947199675347,,32.451606143289496,,,,
2024-06-13 08:37:00,41.024375359699775,33.43564292872543,34.006231169322746,35.094012978993305,29.221127131105504,28.879644675664963,38.98006393509513,35.35571923997122,33.41999661305658,36.12471208644047,42.61893631060343,29.927569286976905,34.1097384375455,30.696985364423426,34.0039305530745,31.39333494500761,31.268107799555196,30.35998888738834,18.62229092781081,18.424348572354575,,34.40372658989486,,25.002104246293584,24.644448806532182,,25.574607925359942,20.895539925734738,25.642090516158532,24.890043719909045,21.620702308850014,24.022884444699685,39.891616856697055,22.787693719886192,22.200924092963078,,31.903299719170604,,,,
2024-06-13 08:38:00,42.876513572436124,32.579587319625716,32.91070673013746,34.99595411503151,28.9568016979199,29.046923535009114,41.04674817935165,35.20920320397886,32.683570828891106,35.71076595410818,41.355495777432225,27.79694633925783,33.9031479465516,30.157694254265607,33.86119047211673,31.381758956246017,31.167332068374208,29.900208882382003,18.535837768198917,17.707075392196202,,33.731182714919896,,24.285598185389517,24.06623854515874,,25.175277520646432,20.510680338546535,25.345359100670976,24.35273635705198,21.332420429818285,23.569992908790482,40.32420152847931,22.62281770883419,22.255683084595603,,32.12929179158766,,,,
2024-06-13 08:39:00,44.31443469539738,31.29736344123603,31.364172792062163,33.529770661366456,28.141742291242963,28.37285741727044,39.63274099202863,30.084045789001266,30.67519676718325,34.01969162287742,36.535862428150494,24.6602840711912,32.92693415795816,28.945176254051376,32.9641276339737,30.69791131331033,30.614778503884736,28.262416246151815,18.16655254389434,16.922493270733412,,32.146890714984465,,23.071923157230685,22.980716338744514,,24.480721898681168,19.887683483181263,24.77509416775274,23.90394825554222,20.94061962844171,22.678251545120474,40.01522251996994,22.158154061929054,21.83525734751447,,31.361105372886072,,,,
2024-06-13 08:40:00,46.41178318786808,30.846414348174676,31.79453374770992,33.5730710392686,28.248296261000405,28.54509297889831,36.19372900419853,27.225167649961804,30.723599432077435,34.20901606179791,35.68522221601984,24.03524937904922,33.00187459821609,28.852009419134674,33.06220542544156,30.879060440928697,30.768572832749555,28.358632783631037,18.00877021825272,16.199819034342,,32.30737679841877,,23.168420415054243,22.946737428833785,,24.345837747283895,19.677140562578643,24.686985819402707,23.766202470779263,20.656334894181327,22.349615024123523,41.7022412126571,22.15092547893255,21.945032404905078,,32.06669656854922,,,,
2024-06-13 08:41:00,45.190992542969866,30.11748026249097,31.048866144508338,33.16122079770912,28.02063778845354,28.232638815662995,32.977128638738805,25.28391684814801,30.407482308799445,33.72333164822362,34.63394881951331,23.137965005350452,32.50550088620639,28.520325212156195,32.695401965987,30.485371360355202,30.635230627977194,27.97443065491987,17.931559671737432,15.43288484120103,,31.918869231316194,,22.627822568631927,22.365672358338543,,23.802283602328316,19.169325721349196,24.0356858529467,23.393233174761917,20.509217830017406,21.677103877918398,41.7022412126571,22.030806330204086,21.83525734751447,,31.784199590330445,,,,
2024-06-13 08:42:00,42.55776382622548,30.13435636756776,31.241383765977844,32.82376565492291,28.11964028604052,28.30386759790167,32.9936175956027,26.728097367526743,30.66406556425568,33.496398750940216,35.671897272302886,23.30457742037879,32.19553866092747,28.446741587592896,32.41952500164666,30.483731874290243,30.50997782766069,28.184497820197834,17.76622910524452,15.757294028951492,,32.01889475600797,,22.611272286396797,22.482607875836493,,23.992112112341147,19.259986497387217,24.095881842743893,23.283019974955096,20.210643944116327,21.630238325410573,41.963589403736705,21.993291248255673,21.82911643303123,,31.487895042276477,,,,
2024-06-13 08:43:00,40.831617818356335,29.794069634865537,30.713205947004553,32.56274961764416,27.778257314118946,28.185740919806904,33.43164572022579,25.646525828996346,30.344219380423283,33.06718700564875,35.874548015701976,22.00990352079407,31.87562432219829,28.209756144850644,32.478548185895534,30.357095833330504,30.349371520881846,27.68108414909915,17.589986194401263,15.393733376464752,,31.67511190164896,,22.254511226954946,22.135422200959056,,23.717007492662106,18.811324648354002,23.776011126814865,23.00257888511669,19.90573070351911,21.43164942835665,41.89388578019134,21.783684777006556,21.61596579709544,,31.39319638371319,,,,
2024-06-13 08:44:00,40.81339242221736,29.28643971946667,30.244444101120735,31.90956709203715,27.66435395241524,27.787196928713456,30.752944604033246,22.340919472618452,29.689714095626186,32.76149059016302,33.707832926570745,20.391299676252856,31.587368181019656,27.654188066836014,31.96589433859458,30.04546997334694,29.950630291766174,27.232587468552055,17.338230877787055,15.114179558110209,,31.06024932946457,,21.657463558860854,21.59824434424945,,23.137346410034752,18.175019995647745,23.256793589382596,22.56176381844125,19.567927197687368,20.788479819297663,41.93183440373491,21.36381626087723,21.402571875331205,,30.78839293626777,,,,
2024-06-13 08:45:00,42.144077201580444,29.330980579428342,30.15007212009732,31.9555667929626,27.620166651655154,27.730392724182707,27.8836602197905,21.189114058948917,29.477752842105474,32.46289281702366,32.89788646117677,20.273090332018455,31.335837928619867,27.43848487651212,32.00260149852102,29.866568805471616,29.958741858226063,27.27802386609028,17.3508367534007,15.214794228736991,,31.066387868486117,,21.799031238070256,21.700187733225448,,23.192286185701505,18.187629045275116,23.23121313825368,22.51256521320738,19.493394403242746,20.926719091577525,40.655251814589974,21.63296226736702,21.438914377591118,,30.598243116860544,,,,
2024-06-13 08:46:00,41.788626913048574,29.898624317055692,30.77317655215893,32.23281539046502,27.631128828970304,27.791700702755406,26.77470606439033,21.634456653891675,29.98718295964295,32.52641235167448,33.59774083367938,21.263204108412538,31.374067556155296,27.492359162785533,32.11024350182902,29.82969801176455,30.000916953457477,27.61139774041075,17.07726103585719,15.691990605359024,,31.523023430579542,,22.300735650916522,22.019175263862053,,23.321787391544603,18.297216567475516,23.022639676023573,22.486984184778976,19.358591626267298,21.143442031628638,40.90154152033688,20.97424357654495,21.34756872028379,,30.931163922464748,,,,
2024-06-13 08:47:00,39.90877297470024,29.607581349449447,30.280059146087297,31.83460955989426,27.37045458103944,27.70559740635497,28.656004200123107,24.405650202872266,29.29554825567334,32.178479793720044,34.0949981559404,21.801522058312912,31.10919613817623,26.979349795816006,31.865514363448938,29.51810350504286,29.675681573780366,27.194822051062147,16.717270701112966,15.253066303902415,,31.13845460927064,,21.764229157121008,21.31103070101699,,22.52515268453635,17.60655939930939,22.677326276995245,21.882887490980465,18.941912633795255,20.650842437332358,40.67201116928004,20.966355770799055,21.116016970232295,,30.616568653773925,,,,
2024-06-13 08:48:00,38.51177952946159,29.417780798928106,30.395945296928403,31.634511177146578,27.190465480778585,27.513561817373557,27.676325878422404,23.047593183771596,29.407079067166478,31.84230835428889,33.49959830552484,20.885095795325924,30.74608220602454,26.962989356066146,31.665443007245358,29.194984562404784,29.425250331884172,27.354712624232008,16.689597063034626,15.510007233388023,,31.26193816879004,,21.745965202898788,21.42793601961739,,22.79888502748372,17.637303421866363,22.64714347363588,21.893720531035342,18.859062465850457,20.430033822111,40.463681960964095,20.6515011272038,20.993989114754868,,30.476837475323123,,,,
2024-06-13 08:49:00,40.26289700756297,29.50682003341126,30.714338526217034,31.65887444086843,27.183103193420493,27.449552724724185,23.67621262181342,19.23838571456372,29.719396054805884,31.73652716513925,32.201685179473316,19.069684381429852,30.66778457747955,27.067513906699332,31.647916232881016,29.158128550486026,29.667421948142987,27.402495730231436,16.689597063034626,15.396375244991304,,31.486051485453345,,21.885791262304338,21.457884837801885,,22.74797771518388,17.444937895521434,22.515028465280466,21.740244831241853,18.697306373927404,20.43296136142635,40.21828721958036,20.6515011272038,21.04874641898914,,30.545560541104464,,,,
2024-06-13 08:50:00,42.020432413765775,29.29359081787561,30.906806474821224,31.75689960738805,27.164776071511824,27.439637386685035,22.708595506357597,19.310865420211712,29.97965630700196,32.240871959222886,32.77133493057363,19.31638008742857,30.68943226338365,27.194928306621478,31.754727790750394,29.023824994903634,29.694669158651095,27.43671216698999,16.33714684159827,15.166103905302862,,31.520134068159223,,21.6677751913453,21.27594405811851,,22.448813598797187,17.27149720135094,22.34357537193773,21.510030770407866,18.373793226552152,20.194000586487164,40.66671722077035,20.47942484865257,20.96967847612541,,30.715067231563353,,,,
2024-06-13 08:51:00,40.90510589591622,28.35958950903523,29.766350038921246,30.56978893221458,26.61793925439929,26.925759498716047,21.506956356532555,19.06324916660651,28.87168764336002,31.39793726911057,32.39471316106187,19.454178641543876,29.788540425764495,26.15926784693579,31.03168946851156,28.488199828462484,29.033367771813232,26.517531419450734,15.916734024984862,14.294330491466553,,30.591853668270005,,20.708983149033884,20.22991670756619,,21.50087710714888,16.548565577727913,21.224275281359496,20.785950968248926,17.824313914784398,19.334257648878065,40.42134505140166,19.93294191406858,20.610444223581,,30.218000575197493,,,,
2024-06-13 08:52:00,39.87877689524453,28.181451397692854,29.538581372353747,30.40614041887602,26.526155448716736,27.014124170528248,24.23115764201384,22.84199758327736,29.031555877792016,31.320227261951004,33.72745561393867,21.007446710174918,29.465497479540545,26.330791276134505,30.822042252269966,28.42987562277483,29.08235313266175,26.442558090621816,15.997334188133891,14.037351027875047,,30.436487557411738,,20.805387473418705,20.264971455280374,,21.608494408149454,16.630564357927142,21.435147837376917,20.812536178843402,17.67923044463396,19.227597016323216,41.15306883808239,19.970140357111404,20.67724700445251,,30.205027318058114,,,,
2024-06-13 08:53:00,40.859992695298615,28.630910919931466,29.92008268603422,31.047098442481,26.77568528840993,27.262490380931922,27.835891861096115,25.87295426841615,29.243485102329032,31.781229927882123,34.33234075528139,22.487498194605905,29.916748651530952,26.518618584727392,31.077177867826776,28.548808728151926,29.380328554475,26.55175525684467,15.83204412734949,14.384828179224769,,30.672886696508385,,21.00975787438074,20.510876845922212,,21.450006768061485,16.315213549126383,21.180246712368444,20.674770811091093,17.45522060613348,19.46658974472939,42.07098789759516,20.202094189797208,20.89037508893489,,31.06093928841142,,,,
2024-06-13 08:54:00,41.26271621014473,28.52968059762361,29.416420619499604,30.644204990119988,26.68390068190365,27.021348775348883,29.992047693698396,27.98742639561624,28.63001824842945,30.987651457413904,34.18903988985198,23.208237299339544,29.475487522870708,25.932213586318994,30.62596316177769,28.186621679555287,29.01975356946116,26.190678008990375,15.637388010218729,14.228457912817703,,30.18220289849296,,20.52978757500432,19.849943906660883,,21.036088185833705,15.98096917544035,20.77241304589097,20.40428846886016,17.237603397254134,18.882670277317175,41.499945847850995,19.71520801913107,20.567502941001294,,30.582975898667883,,,,
2024-06-13 08:55:00,40.582184361832674,28.013343625255857,29.088066347942004,30.14130109839789,26.6398826358145,26.85907980946206,28.904976293015807,24.77830398729452,27.99800012972446,30.23418921307666,32.904458714274824,21.448321592021784,28.927654759493635,25.411161248943245,30.399683677037274,28.091470656558272,28.751683697429144,25.808459661487916,15.334476541333288,13.952535355303553,,29.71669164455261,,20.173147854767194,19.646868706764508,,20.78122516843996,15.746877844190749,20.304364888409054,20.003900843150404,16.941056140060027,18.602808703466508,41.0992287467609,19.79050337734816,20.427538256864636,,30.229474606994245,,,,
2024-06-13 08:56:00,40.12399682889907,27.329740717793356,28.350183495118017,29.305160105510367,25.975603150750203,26.416459367965217,25.131338462728763,19.5808343857168,27.258229347592305,29.567710558391582,30.50094387200147,18.28292694188849,28.418138891167928,24.955476412517555,29.922227042569375,27.84209509707216,28.47139666727901,25.101807182670996,14.914091383143614,13.714300173164247,,29.136087422589526,,19.637352668623407,19.109886303931034,,20.161564336254287,15.152477999416988,19.69958939462049,19.54349153738758,16.4994396765469,18.26608723812933,40.944763553178745,19.318739689602126,20.15351753151549,,29.97140262713242,,,,
2024-06-13 08:57:00,39.6434014810244,27.15295640937802,28.178314775169383,28.932691836729646,26.05629032756724,26.3155223046017,22.324928796164613,17.585906198026578,26.75260453683677,28.93174973164537,30.238275924784375,18.165385736086137,27.95521304916224,24.60920441416897,29.577791233629114,27.476098623763733,28.324447460766805,24.722448819324114,14.886447463081595,13.492082702627613,,28.762769938446354,,19.415888123098284,18.851947643081985,,19.964670081026725,15.069738978841542,19.36365130936929,19.605565670389296,16.371059465030157,17.763599525045265,40.84325534175355,19.326007596896716,20.09854334443162,,29.518604874137395,,,,
2024-06-13 08:58:00,37.9019489909756,26.20762899254032,27.042307940730097,28.112274403498304,25.45812284800172,26.04013472792701,18.797567597557872,15.12412494325963,25.77888734483645,27.9705650324006,29.23988560940893,17.400463442920227,27.26597404090262,23.725720093307245,29.25355917590082,27.106286058718524,28.080907975447303,23.969971857093043,14.554179179301855,13.129287446873604,,28.0582321390998,,18.703917530740455,18.215003068670285,,19.354539191132062,14.483342750513202,18.823856310596057,18.983876955800497,15.840243154174459,17.30879876914696,40.906808765745836,19.153932408364653,19.921997685920815,,29.133816705312142,,,,
2024-06-13 08:59:00,36.7683232859265,27.078698386247197,27.910095784412988,28.370019776109757,25.513040281275607,25.752213465687532,17.651260785655268,17.099369836258347,26.615282718915296,28.429087646116614,30.220820791401138,18.867610972753937,27.399283213417903,23.94952095454778,29.17002118298751,26.982027394955367,27.931255657011434,24.26916958655005,14.618099440288688,13.625884019476871,,28.60865346973219,,19.123327072369648,18.54889638656732,,19.502353339112233,14.473908116140137,18.719647815007193,19.13155448003681,15.90699638680644,17.47863747725296,40.645549269283265,18.92868745967894,19.939972090377523,,28.8620708664032,,,,
2024-06-13 09:00:00,37.09591757897874,27.814791514656918,28.83374650906717,29.039321948871475,25.87264078539465,26.044727327431247,19.53321157996311,19.67304085922615,27.760213918495992,29.20628663043749,32.07585684214018,19.543568956225954,27.922116045539042,24.576661688537115,29.706516497847815,27.338819063128767,28.24690039489178,25.224229893535238,14.432685092434212,14.330103234145554,,29.70499227719324,,19.945626534785333,19.376616825981728,,19.803275983806998,14.54720507491993,18.791480547078663,19.138368129510127,15.604049244138423,18.279107507851222,40.923589580573434,18.891195503581912,20.061752209183624,,29.616469287042833,,,,
2024-06-13 09:01:00,36.09851716949606,27.56230482361252,28.56162397496928,28.44144659090034,25.62303648925854,25.707685438895282,19.403200566520127,18.64641692688292,26.849678802125254,28.534383813372415,31.134898607525656,18.18862529237731,27.352832460531317,23.89248127506221,29.28340371310628,26.791826379504528,27.810189351479494,24.560922895309147,14.291041608396654,14.541117422265415,,29.09207370220315,,19.453300635363576,18.819619602405965,,19.264112877932803,14.148433308284439,18.318911790763195,18.802159965033752,15.490458111044518,18.06725123447268,40.016314368685016,18.478806697773507,19.799591875458873,,28.854532767295495,,,,
2024-06-13 09:02:00,34.70792249274939,27.210502746123893,28.020302852525674,27.642804191999858,25.42118791233861,25.43727966596805,17.999277233711155,17.30531233086822,25.913287500735123,27.93878921326359,29.560239384075203,17.359273597654465,26.75360978224535,23.25083166542663,28.744830270158673,26.62078432675446,27.486434579337356,23.85454324070193,13.947868372211815,14.451019468863706,,28.41329810497382,,18.858882663192617,18.36566400821812,,19.11335305620969,13.9916767597324,18.04334210220577,18.666450695697222,15.131685155204195,17.566714061565108,39.391369046329146,18.261981873734385,19.44652490386352,,28.35608726708074,,,,
2024-06-13 09:03:00,35.25668050159743,27.889649766197635,28.649839300774147,28.03081009074549,25.68900650763112,25.57973571275147,18.60239465581344,17.28767820271605,26.649082798493737,28.272674464274132,29.941804702017862,18.12533544009193,27.269670857161373,23.709669059537646,28.914598137592975,26.595467866572676,27.829253616474148,24.34347613416915,14.16436905324963,14.81439608685423,,29.012750735708778,,19.39742264646793,18.726486319138075,,19.135224127877336,13.863969924135745,18.221692170703136,18.615303349237365,15.156723824485198,17.837200757238406,39.68535162959665,18.411384083002304,19.756887296966397,,28.80885899068835,,,,
2024-06-13 09:04:00,33.754766773347,27.28301740836423,27.874050486439046,27.539873686364444,25.241310005874993,25.272407029402302,17.355420813629962,17.2230990353562,25.69052738730352,27.48001583638802,29.62247506608128,18.311309942621847,26.865232657386287,22.819908095253822,28.541005318798398,26.276368805426387,27.305528692855773,23.72820413000437,13.911027886365218,14.745726017108154,,28.431788819136955,,18.707230315126253,18.070599329762445,,18.380971911392407,13.159383840296869,17.380852682139903,18.097032804257196,14.659352708070855,17.506464218554356,39.888470309095055,18.276540894386017,19.568097977784873,,28.36152215925506,,,,
2024-06-13 09:05:00,34.46794522327275,27.410000708548523,28.237548268174123,28.012127362953834,25.384330023516895,25.513122338412927,19.743622571370224,19.61900052664737,26.374136241649694,28.184764546648694,30.973776308152537,19.338829094462653,27.071622029526225,23.500716960708814,28.505121995030322,26.329360899186327,27.512308305319834,24.05293627745064,13.953069011486605,14.781640976410017,,28.93789284515151,,19.16011723762631,18.40255107986559,,18.798282148707585,13.483371964150592,17.55232284465592,18.42164177874747,14.756910515843629,17.66626459584222,40.28915875613825,18.41110739621172,19.598335449388742,,28.65700706471273,,,,
2024-06-13 09:06:00,36.20429853461792,27.324267383446568,28.265621701759756,28.25607686492299,25.498139923529607,25.70733958655046,21.233992192524056,21.495507040967823,26.6677266829131,28.349390020240662,31.036960448788477,19.197924293212964,27.15982579900765,23.734193891051063,28.817502639608165,26.81034050566234,27.694595919447238,24.852575458943562,14.000854546067103,14.753858369000227,,29.12112785587169,,19.322141143972203,18.588428960994406,,18.70902551074869,13.332809998658377,17.33685226840089,18.2071594010431,14.437270506929508,17.700809773086803,40.5451295354535,18.426213133606097,19.677610334475958,,29.16013062016941,,,,
2024-06-13 09:07:00,36.69813109972722,26.18102374818136,27.304199199011236,27.30669774486114,24.91477932964881,25.004334067722198,19.878554035494744,18.025076137334963,25.34109839090638,27.398680060938887,28.945215315185123,15.843796046257467,26.59885209885647,22.664791121585495,27.973511237256616,26.362327729276217,26.931440704493298,23.48160420561433,13.580546246402037,13.762395552531416,,27.89043103559925,,18.20404156712084,17.247116691787596,,17.416904187552973,12.395672314871263,16.79938098591947,17.380987269866182,13.80704113851698,16.672775288223875,40.79136060688256,18.04461571212846,19.105323517626857,,28.915045775919225,,,,
2024-06-13 09:08:00,35.968796679320235,25.99276400718736,26.660997662916998,26.950065882831495,24.90371812965236,25.124694820000855,20.0349798684872,18.30558513662504,24.80985564920661,26.77728410578493,27.87768568300271,15.789344755180537,26.107884186994397,22.18812008623081,27.89877176905543,26.16982281845094,26.736973010041424,22.981088722214082,13.367531963230931,13.670401050036162,,27.33130166036699,,17.60856871927035,16.82429847401272,,17.296958759720383,12.202710898613532,16.421919462592086,17.263048080312274,13.616461232681104,16.281198271152334,41.10021149738168,17.804875419224118,19.05650059946106,,28.599804654380932,,,,
2024-06-13 09:09:00,34.4051357732875,26.780833126632388,27.570664979669345,27.378150539776698,24.844927051829245,25.25230674849513,21.46722737406958,20.812431335690007,25.71293652266263,27.274788252549797,29.461839283606196,18.29850578669584,26.241168568946932,22.580038855161547,28.047148758743333,26.327893284989386,26.874396226175577,23.816909500617044,13.45736170693749,14.63741563086478,,28.18603140073401,,18.331938207749317,17.6207265958642,,17.68352689008725,12.33042462961248,16.63506823998432,17.3919570535204,13.51510374404188,17.052805612565408,40.85493401943654,17.797061602023632,19.214644888833163,,28.787690382535857,,,,
2024-06-13 09:10:00,33.452302515570295,26.462333521120854,27.52557633392371,26.70808992854404,24.463353955803314,24.846752456444165,20.317395778361742,19.88784651579499,25.22633757016638,26.75814833286381,29.832545679245868,19.284459679247448,25.87007241213314,22.160530688479867,27.695003843873792,25.94054358298888,26.556103741649963,23.309469915458806,12.950733166413784,14.622699315688806,,27.884988569054485,,17.876245498551725,17.113931757168757,,17.127970769847252,11.8638926027852,15.854496406360795,16.941590082612038,13.046637437010759,16.622589155752394,40.05978473115283,17.505019367056548,18.958857889036835,,28.359458982928686,,,,
2024-06-13 09:11:00,33.83220611676518,25.96132004344645,26.627158913038784,26.453396728564712,23.87639048878009,24.510092879279114,21.74211627217369,20.17491613416223,24.056092203868502,26.307027095585454,29.904356981292494,18.993133575386764,25.305900106833406,21.373728572036725,27.209003566665388,25.535532386948944,26.13308537450098,22.484716868806515,12.624240677107537,13.958503708789522,,26.793046594478255,,16.999046242097393,16.190564292959152,,16.2934574617384,11.283091854078066,15.226722686117228,16.429097853111216,12.438793904830163,15.760389258767646,40.16133840627822,16.98156673532867,18.47196903930171,,28.04492206931934,,,,
2024-06-13 09:12:00,33.51370825707966,25.783811143201547,26.60993530827045,26.39561360139919,23.725929215716633,24.394401078564897,22.2604146560534,20.467026627746918,23.814840919555763,26.087635588929288,29.483511067953714,18.14797718922091,25.04815537751847,21.256337286722328,27.370968977082157,25.491116830859937,25.938666104461163,22.351897756673054,12.677268469127512,13.899488110493621,,26.607156074843942,,16.784141653840834,16.120526328708365,,16.10441563983977,10.91674329373518,14.916490294745017,16.16876386169497,12.296532397847386,15.588406972490702,40.91947023248076,17.205692825992173,18.703076255096676,,28.08849651620278,,,,
2024-06-13 09:13:00,32.03958700445526,25.895695760214494,26.826828398812722,26.336842865812514,23.821263983634253,24.49993804092412,23.133674963507474,22.058549732314304,23.982004696246577,25.966764893326854,29.60699672209421,18.445677014856756,25.014891491155595,21.256337286722328,27.183758785598457,25.565618026951938,25.88703228165764,22.51173227517819,12.455082052555554,13.983347531495383,,26.888642633117342,,16.944415480609223,16.143520601627642,,16.166486402366445,10.934220445495612,15.051040323030975,16.19645417533684,12.178486100674036,15.705415596517014,40.54090874949816,16.82362278729215,18.67857670437752,,28.10007584750383,,,,
2024-06-13 09:14:00,32.15863335428776,25.457848112963347,25.97087068617111,26.16348270934418,23.252682817408413,24.261559862345166,22.576358267767773,19.621152912248363,23.276452980806198,25.3222724025527,27.88542400218512,16.992599823421642,24.655498640902806,20.76512313053786,27.01886045936726,25.3163262111035,25.513016247560017,22.052331536819366,11.807365910761746,13.958846233774693,,26.500047553241302,,16.530492179163502,15.731764272409691,,15.765843601568577,10.367578012327158,14.557603912629475,15.71738051619559,11.579019168945251,15.505938782362136,40.26289036447338,16.389733316915454,18.295095823212705,,27.968002774763022,,,,
2024-06-13 09:15:00,34.13646687892958,24.930745286375895,25.886655459075428,26.008723331615784,23.450772240281594,24.320570293771652,21.660258297684777,18.27706579504047,23.361586922473407,25.274914650878372,27.634871726541405,15.379958069706845,24.883463486946766,20.673695017582304,26.86269527464833,25.378408133305925,25.540156891048127,21.90406264768302,11.935776667667596,13.403084641940495,,26.253089164576295,,16.366713315744164,15.492989378550647,,15.328528306287353,10.093328107864636,14.386077034992468,15.50501273868258,11.444250383389317,14.829942387381834,41.09593538121885,16.67420690856443,18.34373155569051,,28.144325618888615,,,,
2024-06-13 09:16:00,36.230727106147924,25.18313107171616,26.46294623433505,26.480829603502798,24.067055609542876,24.58598507186855,23.32567253005527,19.177637213010485,24.30130773522683,26.042911973590662,28.456981818632812,16.272660693713078,25.422456756742122,21.561555551750416,27.209003566665388,25.768106895575443,26.05161747359159,22.690115128972565,12.121146745477063,13.286203582187682,,26.79924321911244,,16.741290805341123,16.030663322731016,,15.801803784733693,10.495954223632452,14.870163420679546,15.71738051619559,11.353166953087111,15.125933996464028,41.83805386702625,17.18305405987121,18.915973919788712,,28.87411020335287,,,,
2024-06-13 09:17:00,37.74913298698925,25.583953105158344,26.82952044715239,26.48670811100874,23.722274408514977,24.55661889891894,24.024332392034694,21.068541634506346,24.92533090518191,26.393880726540146,29.82307021487327,18.301446487619614,25.42896531018482,21.79003166174357,27.060594174782636,25.917602983267443,25.980843263483848,22.651521390677658,11.884487841396549,13.412510210727305,,27.042686404779033,,16.91684867270351,15.990757925250364,,15.507960441741488,10.25928182528105,14.689243612078826,15.431783100024404,10.881907013918863,14.923735788629529,42.91617058041834,17.146077719643472,18.794399681287814,,29.874807055881888,,,,
2024-06-13 09:18:00,36.68878486533231,26.414638046139316,27.385729549044754,26.53567407908622,23.645204552798532,24.672033127721534,23.626639160039986,22.758338777184917,25.471537935428614,26.68909225641687,31.457854922777187,20.861459600807848,25.57064234468885,21.948471338424497,27.213848143074074,25.775752018096,25.827160660209415,22.648926881029553,11.96337522812496,14.02745074672066,,27.34099535940436,,17.06185349387215,16.12959924322422,,15.455443518848824,9.962151020238707,14.371984564175818,15.179322897536167,10.7350787366031,15.200203675319244,43.1561344803647,17.08596209885991,18.836904672995388,,29.692374086237578,,,,
2024-06-13 09:19:00,36.63950714103032,26.472735993720562,27.3049836464902,26.81872983269068,23.443432058631288,24.65720770974758,27.694568978038433,28.571503238716332,25.48261794810105,26.734799134164632,33.220767451237634,23.465309170844648,25.7420854500765,21.997450900235208,27.187648738417693,25.735151019201567,25.702084847700917,22.7220260356153,12.003699725977867,13.867808601978595,,27.29851900864014,,17.04014075223313,16.10660632915642,,15.386327330253152,9.732976717265956,14.260862525620723,15.009213331555657,10.37446463930246,15.296787883431534,44.00476779507835,16.77154736655939,18.66632692901794,,30.006136273883953,,,,
2024-06-13 09:20:00,35.99813668357251,26.43435167862799,27.028712617456222,26.476907109634794,23.392075373539228,24.51215048938434,29.260914784281113,28.028612918017416,25.27088493271185,26.591554116592306,32.857568196571265,22.890694003943736,25.427569789759218,21.91257176613226,26.88888789852058,25.579465120175996,25.4260012398787,22.317664694090297,11.849455940457347,14.029025361585354,,27.082955552343947,,17.001384284446885,15.98868548677001,,15.209633108245725,9.618699089744041,14.258512358879216,14.932501272177888,10.185786737115905,15.118857097673754,43.119084866045114,16.494376057960608,18.410559022843927,,29.735195864096795,,,,
2024-06-13 09:21:00,36.561975720960845,26.52187719871108,27.469456146206085,26.614976817166962,23.39205078708028,24.51447967216677,29.231942894658005,26.346463120198223,25.374983299176847,26.744476045306783,32.42511499922398,22.27921696724752,25.609009624674854,21.930587843476133,27.116830419845883,25.552715737219273,25.567565425390285,22.51609873998575,11.763137279824832,14.538831844769447,,27.428156403373578,,17.324255622000692,16.25341871615956,,15.335563326731972,9.454017594807738,14.038624361797702,14.662295460683254,9.904212495222055,15.462474068288884,42.88974085585869,16.269538437077017,18.36769456458319,,29.809320530798686,,,,
2024-06-13 09:22:00,35.76467120466191,25.445293774925176,26.124472381438864,25.392762102724873,22.995882048601743,24.108971605927877,26.02245267335161,21.779707751218893,23.852091382699427,25.42694333268082,29.907595669707234,19.49248783693656,24.624131964030767,20.672365411071723,26.717194109928187,25.068019383432556,24.897173021560434,21.481071443980937,11.254810929949826,13.879810010514575,,26.25266219602281,,16.214061679793303,15.20614552256393,,14.41448174185598,8.543316705190591,13.218864789087547,14.041936207561776,9.317795983080032,14.944722044232549,42.57482892581447,15.820580161547014,17.959750551097613,,29.41859300189583,,,,
2024-06-13 09:23:00,33.550310395721,24.48319620764778,24.96744526286193,24.472205864338093,22.276944449609346,23.607555165112103,23.72730367016493,19.551560074155304,22.566962424302346,24.449693714376053,28.700299146767748,17.72859976801965,23.83377243638256,19.65238920203251,25.93156038551615,24.532710874573695,24.34092458946816,20.681755894624388,11.118978609964415,13.080981163322576,,25.25471971269485,,15.317677917527362,14.41586274160727,,13.84074850178149,8.296022472208733,12.883204446545733,13.635045279191218,8.89311529536917,13.966813210040527,42.05693641092762,15.58091578118433,17.557934010394092,,28.57591761677645,,,,
2024-06-13 09:24:00,31.351229814042995,24.763626019193907,25.278625450231175,24.60156599697484,22.317306635612113,23.727913490718493,25.708438818169043,23.138288107515564,23.10195015128329,24.89885282509954,29.759841834642884,17.927146315097616,23.719169050038772,19.76189751329366,25.736649529806073,24.390911443395453,24.262226392432353,21.053929357830157,10.953789167046807,13.417991583658932,,25.761904175052223,,15.599451508736365,14.707563928995114,,13.921191402022941,8.167689831549524,12.799978995271886,13.329338945115524,8.60502152694744,13.873251787460958,41.71023075313974,15.326404029666037,17.326513840554526,,28.537116089293704,,,,
2024-06-13 09:25:00,30.93829369793957,25.6923341364095,26.250980452322437,25.077547737637815,22.44936274311158,23.68842366868705,26.864443309750413,25.029381658750026,23.937891439098166,25.587605762049634,30.925768965708585,18.995846491608518,23.795991534589803,20.39360375150204,26.189595781735306,24.37808317593192,24.26788252275992,21.514901047649403,11.181243965972044,14.66074330743777,,26.49463972987087,,16.225677791123417,15.453692414052512,,14.24035306993801,8.258504020068358,13.295767770976454,13.537179845925039,8.518725210929006,14.551038079335285,40.26545486042255,15.38604606731451,17.405435208877634,,28.39691112360515,,,,
2024-06-13 09:26:00,32.691051037104785,25.692601301625928,26.08701880067383,24.916990178598553,22.027572310174946,23.683487440933163,26.86325864048058,24.53381005388792,23.377181122520597,25.18849420519473,30.122698249386303,19.180899954579672,23.693002217751655,20.21418137030514,25.984978679590085,24.356590013905816,24.047594304340237,21.359527626039863,10.975730202378827,14.923713749184117,,26.21101145958096,,15.94861829608999,15.144918076649901,,13.929009360016607,8.057522804534528,13.057106277838102,13.219286242004728,8.141417593556525,14.414737444862112,41.38600224710626,15.124008960891388,17.25325321940386,,28.825026658279512,,,,
2024-06-13 09:27:00,34.167299298688135,25.390756013049213,26.079669500923046,24.666316240875176,22.196282868370872,23.796549563722806,27.452906443996426,24.162477649174207,23.254477450768263,24.806561646168348,30.22720536554334,19.050147396408192,23.75273551188525,20.174922932648315,26.054786730417618,24.432510494641292,24.110100518964828,20.976080355190334,10.720690969751558,14.34187048748663,,25.8659012153189,,15.605307790213828,14.789397128274231,,13.67017431834438,7.691880987564673,12.751300728982642,13.006968232536565,7.883898270285044,14.079412476091875,41.75370010790698,15.236401576231628,17.192380400822685,,29.297388419432195,,,,
2024-06-13 09:28:00,35.881853932037075,24.661094182018132,25.359142533930026,24.65256098411919,22.2292903860764,23.860487044598017,28.463562110519888,23.47591197581073,23.243163748285497,25.210212640283316,30.437025280486296,17.139539415004037,24.076874842952066,20.341256581365997,25.942270214750806,24.465445697760174,24.050222245309214,21.01738872550763,10.504199481114938,13.373674277826922,,25.642429761360745,,15.321808218111528,14.445824390690632,,13.246917936375212,7.230699303230267,12.412882508996518,12.517821672468926,7.344864905149279,13.71467441507275,42.740792365040306,15.169220707528211,17.1133045485592,,29.869778594512013,,,,
2024-06-13 09:29:00,35.42118587873131,24.07869725297587,24.576052903905293,24.41755815376314,22.166951384284403,23.678551213179162,25.712917464878956,18.505661450031994,22.671199438652366,24.586539455581487,29.08835035334664,14.317941038553272,23.64588018943391,19.78311292145554,25.455378467911487,24.168005352560044,23.847629989880375,20.487549226726486,10.5555097588624,13.161660536521595,,25.006992639952614,,14.903884348654174,14.028223823821918,,13.05188722428602,7.129922872867155,12.193060726494423,12.36891892124413,7.278993640064073,13.173922375085112,42.82638559817974,15.0118299330004,16.924425680351533,,29.617948211478506,,,,
2024-06-13 09:30:00,35.12251106865199,23.926130098766407,24.297064583283372,24.267778540277277,21.844170339907123,23.63929658629229,20.74057037089733,14.21389488656564,22.533996949651055,24.186502462220915,27.39237373160836,13.652517969712335,23.3982897633864,19.64955209319919,25.443808429942464,24.29072377823968,23.691375590572648,20.195123652499944,10.289490790190257,13.44774871227446,,24.880936535266528,,14.770097023077597,14.121089976665644,,12.948709079640594,6.745551747843365,11.984602903933592,12.025388985035534,6.777096394883301,13.094565867027086,42.82638559817974,15.116685912307503,16.875785151453556,,29.68667063798557,,,,
2024-06-13 09:31:00,38.995668741460804,22.70943417746821,23.093768442840883,23.600808189644795,21.48466835100521,23.366618021738986,19.038324619157265,14.40581251681192,21.292746064121047,23.374011704639315,25.677579855158683,13.985411319848936,22.940481461021363,18.8203137154419,24.906412307137543,24.064342137159656,23.26278476538687,19.5146868814102,9.834516299044026,11.486603551140888,,23.63413263291727,,13.78385722569692,12.843354999169605,,11.760141346123874,5.827759072851222,11.013614805956877,11.137107440357795,6.051170326267311,12.153399007518601,44.026769053475846,14.750409355127658,16.66286670841896,,30.19176679354848,,,,
2024-06-13 09:32:00,42.447156865409056,20.76560756855224,21.02958142146008,22.16665564137702,20.83535377665885,22.911995254114004,19.327090202174304,15.775622923500805,19.278915342213168,21.842532357436994,23.654255379451342,12.34796605200927,21.823029261569445,17.568062256502117,23.734459411336957,23.77589076699462,22.611232668544858,18.228742564802502,9.335377557873699,9.83455977487165,,21.800398636203454,,12.282017668459957,11.535339672015652,,10.922956324864117,5.329613290478392,10.68694301130472,10.513364907710184,5.395914872420235,10.923315692231427,44.410443672788006,14.496292825044975,16.157659595309497,,29.978782071584646,,,,
2024-06-13 09:33:00,39.898763875962686,21.19177065583972,21.467672021460203,21.500125344645312,20.831826870951545,22.747250622860747,22.688899716747073,19.2607113628344,19.343125469187044,21.46070498323411,23.96594641986553,13.048007482992034,21.252697450656342,17.30237606061428,23.647395819412623,23.365815694272555,22.330048540233292,17.977609801653244,9.162830720312513,10.661785247523767,,22.05186878485847,,12.449703747890453,12.088046496814513,,11.393636917056483,5.447592066039306,10.502216087303623,10.466903158610421,5.365458002075684,11.118625626344965,44.063812210308924,14.114158619231603,16.15142919347022,,29.41176845381051,,,,
2024-06-13 09:34:00,36.424192080808325,21.495989032956004,21.716761945908274,21.421225407006204,20.76583026893195,22.56788623828163,22.981724328158634,18.26602995685471,19.529132449188182,21.470724944372932,23.418177590481264,11.607413903175257,21.226954243737737,17.188769745925356,23.90470794884618,23.202558408051686,22.118131812335037,18.110181822298756,8.966492261710982,11.08263864028413,,22.431291205128446,,12.69529365670769,12.31699307010149,,11.414822538821227,5.045078571723479,10.182690497062595,10.211225108984763,5.104343065288958,11.544606459850911,43.26908254978571,13.695146547276636,15.871392189196513,,29.033307460298147,,,,
2024-06-13 09:35:00,35.158255530853125,21.29979943166336,21.706085279099625,21.65245822138354,20.73283248517896,22.50396491983338,24.287206015040283,16.974182800225663,20.059899441294874,21.666639016862746,24.15391961334558,11.289045233616434,21.428488209259513,17.404438793455256,24.168549915524636,23.253170819863954,22.089466484346644,18.226675676790762,8.586626805868718,10.661785247523767,,22.576332287475907,,12.815029877181587,12.35096492572302,,10.913702680179995,4.624853441114283,9.923149177446248,9.921063408336977,4.646167473166315,11.34743979073528,43.73305515988295,13.829919279851765,15.731320242246966,,29.146982476013022,,,,
2024-06-13 09:36:00,35.24815561128605,20.98216462874052,21.408934131558453,21.50275204951322,20.38813200190475,22.236044084408718,20.469261912813863,13.363295330325855,19.71456690967534,21.508308729133432,23.629138086808325,11.21774660918345,21.04231673710683,16.945835095394386,23.61962218811027,22.897563944941112,21.804135553662263,17.9024008228549,8.471007557690427,10.563312427291294,,22.339641927934736,,12.654773208725146,12.07822278834692,,10.614529265212695,4.405181650153281,9.603629546062166,9.582125815207291,4.346225585240063,11.127890801011745,43.19413274883482,13.380630054140283,15.53038204812674,,28.762410308966764,,,,
2024-06-13 09:37:00,36.0789068502271,21.26999893110178,21.667245475936852,21.472434095406697,20.245122824715736,22.479322131571507,17.27679816580371,12.886235019264632,20.093276314183868,21.639851816993314,24.367096667311444,11.46452247010484,21.0222585030524,17.29483947247809,23.566304071204286,22.91526114970145,21.81252120444003,18.055375233261287,8.39210883531723,10.747183957377729,,22.47187400284497,,12.752729985737005,12.208044482767036,,11.046615968055448,4.4644164372580235,9.772901037735664,9.591041726533149,4.176116636449933,11.17462942775228,42.693134534327555,13.410558504738674,15.548600910030245,,28.824342223852454,,,,
2024-06-13 09:38:00,36.058746646279474,20.942405775416773,21.251618056153347,21.34231781952485,19.955396056634527,22.21886680752891,15.934997002647606,12.32187496906704,19.606906112431716,21.214842676376975,24.531879268705552,10.991770025282221,20.658316259310595,17.107460900991555,23.447149557986677,22.82545212384889,21.599008651644,17.76315602976908,8.019611495113168,10.612548837407303,,22.29057683194219,,12.438301952068741,11.952388415588302,,10.75546458421195,4.034862813696236,9.260954561157632,9.266399013181854,3.817347064936712,10.941919578624947,42.51672943668905,13.290844678695748,15.250358772882237,,28.729737295102268,,,,
2024-06-13 09:39:00,34.49287058305197,20.777324772710017,20.881662423098078,20.91471955113593,19.746415016936908,22.162275710058452,15.19593635381625,13.269866345294759,19.23228594972261,20.833865354297814,24.738032390631588,11.77276802506185,20.32919934836832,16.87110211644449,23.104967287846875,22.578697230907324,21.305310274607564,17.528047995302018,7.659952908332571,10.908726868766735,,22.173159460826582,,12.324649508895163,11.870582376445327,,10.380334856520676,3.8245215603465113,9.193849669799874,8.926293528316364,3.5006199256840773,10.928755812920826,42.57055435179018,12.527591189568966,14.982458185422047,,28.516024532254733,,,,
2024-06-13 09:40:00,31.90775145874636,20.823454227326238,20.471471998929246,19.938923939033657,19.67324644567293,21.877198783249696,10.673430222315346,11.133048570872461,18.21251117309089,19.785859993697613,22.73154337023857,12.238451185257873,19.506513509053775,15.724792200548109,22.665997781908118,22.201641332322993,20.912831167220133,16.720114911620158,7.535176816239073,11.365899873723265,,21.552522644758255,,11.896593580039735,11.522103136246642,,10.206531446720874,3.5904458255340614,8.645786581233097,8.573138600247603,3.2091323900767748,10.83223437172046,41.63112902591388,12.474948922522572,14.73889843364691,,27.766675817012356,,,,
2024-06-13 09:41:00,31.52757798271898,21.75550656140149,21.552300559728792,20.31042251617191,19.54129798542408,22.041776126391255,9.181280304973598,12.750599473207558,19.17092612603301,20.48295891951284,23.589885246310587,14.136699611053245,19.911123983236166,16.266644850787998,23.02389897093235,22.20414844487493,20.976944498602506,17.439286435237705,7.37003689720882,12.051172053450955,,22.411356248585662,,12.497501160319189,12.239159292403201,,10.682253211366515,3.6865136758019617,8.833446914160504,8.640915459973712,3.1366933421795693,11.461173753708408,40.953705954940006,12.145604426075806,14.598854963136773,,27.96003098445601,,,,
2024-06-13 09:42:00,33.00926891898689,22.616108834718034,22.71916333309491,21.06639616648158,19.83098877174757,22.28996313767277,11.33153173149367,15.284253803795536,20.42205407901929,21.489281915237598,26.37859145728271,14.970036089738187,20.41690852428519,17.214450364661843,23.34099087473419,22.398964924016468,21.197193479476255,18.30903621248345,7.243431241682856,12.355120012135558,,23.338538272568485,,12.996242044124756,12.53178054548107,,10.598286110698155,3.5680399626044164,8.752060082583284,8.537458112449258,2.966587520595567,11.658300099823009,41.919788679717385,12.37764811336956,14.641410610942785,,28.815493039238277,,,,
2024-06-13 09:43:00,31.596189757686716,23.030742945581096,23.340992807075963,21.612633303077473,19.684283329269192,22.23097784008496,17.652638221984944,21.891873521904472,21.056998782435812,22.101091372463543,30.26319864951347,17.33809307438014,20.664779494270306,17.278074729960963,23.28768388551316,22.500172488522253,20.9144894803743,18.512195949896352,7.1259993091453,12.665648259718637,,23.66896656849758,,13.254404100672218,12.520804264703202,,10.366487779917406,3.275611493942961,8.659417133789248,8.263951440120763,2.6179539051004213,11.569921500756209,42.752446569209496,12.138233312625061,14.495350717235397,,28.95364198293396,,,,
2024-06-13 09:44:00,31.108475269033875,23.187959973379293,23.801527729177906,21.910090198618946,19.555930307155677,22.280107765576645,23.797488535689354,25.22534246334544,21.71007635007004,22.907019979068536,32.24768918317841,17.513311729343968,20.87414979759228,17.997244446094783,23.336104931571526,22.409063078040163,20.932205700090776,19.098892126858118,6.85076048774954,12.346651513134475,,23.824996383067855,,13.486115335653722,12.564772473223911,,10.314746573589673,3.161763861217878,8.557236089229718,8.005864539020422,2.304670122616244,11.498863419024929,41.483461489238834,12.093415695773501,14.349289000265344,,29.204750660085324,,,,
2024-06-13 09:45:00,35.19242434335399,21.533110518045305,22.17208889822905,21.930360847562042,18.998330523765162,22.142569149568658,25.984002651029414,22.7752098164151,20.728955226424887,22.685157269935644,30.488419709118716,15.586997612665073,20.800277632462667,17.51554031278124,23.05274269457982,22.60518218190191,20.87484843789798,18.345471191107634,6.474560588849272,10.49752897177359,,22.836284386321722,,12.441341118608761,11.41298803969903,,9.255492273476193,2.280112893576188,7.799318433788812,7.2773407786553435,1.5989005224764696,10.569994586734538,42.10794512836674,11.929164485819683,14.1485282133508,,29.846462705071986,,,,
2024-06-13 09:46:00,43.7560114785731,19.936098849113932,19.99868286337187,21.11109306143635,18.594703280095246,21.923928779294897,24.379802748445627,18.116892694112266,19.063576987264014,21.558273303513943,26.595751483681624,11.804791723115159,20.411266063671746,16.8326249761883,22.316066371927036,22.462276166718652,20.533083736256458,17.310767890176407,6.012105871443282,8.672187851771923,,21.0881551929092,,11.11188211424951,10.022862552983497,,8.43009825998206,1.7733146026789655,7.170676983917474,6.66885720774053,1.0446728056135726,9.256448376475419,44.02781270179571,11.480355620438559,13.959885750679632,,30.60327743903008,,,,
2024-06-13 09:47:00,51.41793640478579,18.385078721229547,17.94103911486627,19.669735367253452,18.32295041708653,21.626684144328465,24.29491787672191,16.403002926530462,17.17522690697956,19.809622994383517,22.56956885236673,8.165743963489149,19.31339065662678,15.687688843224578,21.259195575039485,22.340853422955433,19.95072154072784,16.026863919970253,5.547750867360264,6.653258612215723,,19.260572720014352,,9.787569120493117,8.695481726075286,,7.508429927990619,0.9188862903329209,6.206433529860988,5.845477736724206,0.367361625922058,7.960000258559376,46.231226723714144,11.413349963438577,13.649540636280335,,31.379258468714397,,,,
2024-06-13 09:48:00,49.51068551643425,17.445727687061208,16.899375645508826,18.252430375147014,17.299697900540423,21.172053614891297,22.65121112526981,16.043424601453125,15.626649281815162,18.166361937632473,21.063866143902487,8.71439475698753,17.886975858417827,14.364094012907117,20.308557269057246,21.727204484599042,19.051845101561184,14.893928217826556,4.96051489294382,6.0977359009789325,,18.060024379686865,,8.851343347646889,7.924226585334964,,6.768216703439521,0.2788198661678507,5.555347174705275,5.037370143223143,-0.27112387593024323,7.032833968713476,48.35267957748283,10.680073886199807,12.992124509639552,,31.05338500185701,,,,
2024-06-13 09:49:00,41.65685234124658,16.70159717729348,16.1657982520519,17.013017103305174,16.66482364565718,20.417596858997626,21.53339839306159,14.573777555316383,14.616946313333983,16.853653816366432,20.57901183433364,8.281912982976337,17.221835805992896,13.194262375133803,19.707428958553464,21.11351089595928,18.17315528896063,13.982885209424609,4.292446567451407,5.595108401257676,,17.207236865968298,,8.017569580930285,7.201403917461903,,5.92703497499906,-0.5898560089653984,4.762815226570638,4.359575961056635,-0.9333187434353931,6.494519185303943,48.23001384645249,10.380940599986161,12.419924829339152,,29.916179051565678,,,,
2024-06-13 09:50:00,35.16874718417148,16.190918378812967,15.961846690066977,16.60169841380184,15.93890365693187,20.002267022884098,18.28752812157336,12.261284077032087,14.430639463767875,16.458926437813716,20.69367590491879,7.7579977329442045,16.837993508054296,12.747295200573717,19.262500742905104,20.36446651591109,17.694626066312026,13.512277349350995,3.8337027731099624,5.1133191989688385,,17.126176993922854,,7.776739197326151,7.05739649433508,,5.5131815379381806,-1.028811417473662,4.327479965567363,3.97225662390656,-1.2314525364390647,6.127537123454658,46.48593993581699,9.69981426223444,12.012056065766956,,28.349243179087125,,,,
2024-06-13 09:51:00,37.41939365927067,16.024517430360447,15.846111378369642,16.697835583624737,15.641896541107144,19.609070446388614,16.005715280805134,11.31362809416055,14.612578475200962,16.665688674460853,20.292716142300378,6.656747189257658,16.55377147804211,12.683642450265324,19.227810926890925,20.22279443655816,17.51839914848324,13.678962220182285,3.679649103131169,4.944080526566722,,17.266917345175898,,7.816659660982623,7.145134091699219,,5.491311158532426,-1.2894934000150897,4.012845770089825,3.621873901975505,-1.647457946178747,6.042983380068563,44.43164250540053,9.123530820011865,11.750296525789736,,27.580087754801752,,,,
2024-06-13 09:52:00,41.043404855287235,15.044388963091023,14.878589489690057,16.241982334159502,15.264054978620834,19.3878990132514,11.411965122845913,7.678446358876727,13.62094076241442,15.989010002124587,18.238106131440645,4.884100189618948,15.923448796508183,12.222089895615454,18.746980646483735,19.872299623623462,17.07111243936629,13.067056799367833,3.2887978228293377,4.367829406605779,,16.59322664299839,,7.201193317189336,6.529093854872372,,5.0001082347175725,-1.8519538189893865,3.6750580335547056,3.3418905356211326,-1.8530430936657467,5.663265879251412,44.46423980756458,8.674555811879827,11.409403358332156,,27.523584875148913,,,,
2024-06-13 09:53:00,41.105472243514214,14.301446347871206,14.053462439365376,15.811104712042379,15.165172827949618,19.18145104615121,7.882830160399408,5.03871330119614,12.836892525125904,15.120689170153128,16.92684340377582,3.2008361906146092,15.56577634136488,11.598812622216428,18.47929571734403,19.65850952913445,16.88203507626406,12.388776289179816,3.074119034858086,3.667726010831302,,15.748807918617786,,6.503936570465612,5.939941759550038,,4.554347539736227,-2.1994542443503633,3.147094562383245,2.9250831216486404,-2.2404716906603426,4.928632549524082,44.1334890263563,8.689492805470309,11.27548836202618,,27.435762470435066,,,,
2024-06-13 09:54:00,38.36468688357104,13.429613297593733,13.120116734472504,15.228854719007131,14.74326471215204,19.033970156421788,5.599276329027816,3.358196249842422,12.130976739788366,14.41784500517906,16.616349318776656,2.1516854851583957,15.224080796428325,11.090958671529052,18.014527941340475,19.586374740271594,16.692954742661755,12.066540398801976,2.7198557071246796,3.039968413551378,,15.187906683257324,,6.024238371072897,5.473194870651241,,4.143850565492357,-2.748088887092308,2.6301268736178827,2.4979699298032756,-2.6448017018469727,4.550352956633105,44.20760916795916,8.135784635642949,11.050240804465147,,27.492919498620722,,,,
2024-06-13 09:55:00,35.58295800900703,12.838469622907724,12.676374351340655,14.59141052084783,14.086826299979748,18.65549916367661,2.7917581952419823,1.108624568312507,11.477622794308218,13.752164734792359,15.693184354603545,1.3610331443646828,14.62843301564908,10.439842206080812,17.501450086714613,19.004350116417186,16.092094875758562,11.438646661616218,2.3877297087860825,2.7364046235720707,,14.53774879042112,,5.446751847125597,5.07452883815813,,3.6206451648658913,-3.228149583238519,2.120452733899583,2.021048269686162,-3.1030447902012384,3.9629409910858158,44.03651521302368,7.843959069177345,10.569323755336427,,26.946245229229476,,,,
2024-06-13 09:56:00,35.54663231432437,12.133280845811441,11.85886522472174,13.925467632280743,13.789849005298493,18.52033084194295,0.8425723651155295,0.048691199153381604,10.575101638594106,13.00395411065847,14.237884709437594,0.3495713522361257,14.162590259517401,9.901450133152366,16.926445298893668,18.66783008747973,15.75375934148883,10.64855136419584,1.9675215858271713,2.2520425462362255,,13.842751643776182,,4.771519561041714,4.485437267091584,,3.3078106470734383,-3.744855016512247,1.8912238978032292,1.6208505434847211,-3.453467702220223,3.545377201519841,44.03651521302368,7.679316250614647,10.325823903828223,,26.556160537075243,,,,
2024-06-13 09:57:00,36.246355852208126,11.868485951014009,11.621676243051297,13.768774571702806,13.346105911400173,18.532656236901403,-0.6032311010881131,-0.17846124062248236,10.419502135180892,12.69915155837407,13.596079053158064,-0.30503101011208855,13.973620243269352,9.652158146191823,16.811253168401663,18.58436659620338,15.58675851973726,10.349602266197962,1.8905167707982855,2.1009297415434958,,13.557230238020338,,4.653803861249344,4.37878042129023,,3.018520798567806,-3.9963142288493145,1.6827204884457387,1.255209854032728,-3.733056938729078,3.3709222298130044,43.53016898590249,7.574539454389878,10.033657472348523,,26.234865769343855,,,,
2024-06-13 09:58:00,36.934200321937055,11.245674273428449,11.067717621279826,13.555061283658915,13.206602763828414,18.331095094247758,-0.3054486651435582,-0.3655026598059976,10.058077379468386,12.541744356841718,12.857727279480969,-1.3441489005695075,13.662130753413749,9.638892488413148,16.521261876784592,18.55151402524848,15.317538774538434,10.429294234056727,1.5655944416414513,1.492613310359502,,13.352207145789862,,4.451493494517308,3.9957716247213284,,2.584459008907743,-4.467201464938171,1.1474269544746676,0.8958096909177584,-4.135826989875568,2.957994207878073,44.015317440958825,6.998374642538465,9.899698665566575,,26.366942412169237,,,,
2024-06-13 09:59:00,37.88408059653966,11.041259209967848,10.736623198715733,13.510438564919014,12.836017571092043,18.001791419861547,0.9636826296607524,0.4704648644287772,10.041061402655941,12.58740089219259,13.044968391007387,-1.1864049329697082,13.682351059358098,9.62161678808502,16.16661509440769,18.259176297036106,15.264258533619454,10.81678539016815,1.2041131954051707,1.00818391400162,,13.306694225071851,,4.483892268573072,3.9438140690790533,,2.3385742927039246,-4.549408949900226,1.148545247918264,0.5861537438154301,-4.4408114747175205,2.623450694341045,43.652779423121046,6.669123324036036,9.589249436817454,,26.499646185731308,,,,
2024-06-13 10:00:00,38.04169336353198,10.497608691633559,10.728974843372725,13.2984362297384,12.399536655156908,18.129525435898813,1.4355786585720125,1.2574479092290858,9.758494040575897,12.125119655016078,12.64867826962427,-1.1606818669902168,13.31599685521087,9.268840822651555,15.790997540219905,18.23764296781917,14.939370193541777,10.47400107616366,0.9196284307952283,0.5134809776332077,,12.920637183426834,,4.163134882895974,3.6288534035006705,,1.991931373785519,-5.006649230266248,0.8424383457568183,0.219114039523447,-4.671853715790348,2.3030241168589782,43.75951886711027,6.459599510652652,9.443135207018713,,26.43699127912737,,,,
2024-06-13 10:01:00,37.16772165395116,9.798471848511326,9.645828470163451,12.247866964854666,12.073519504812111,17.569254486847058,-0.8735535508417342,-1.1420690570653278,8.726626890546868,10.786346154722423,10.851350001921219,-1.82119191037782,12.478047650991812,8.4878124283548,15.150474604984765,17.813916313470145,14.189353057173548,9.387091261292113,0.5379201730577279,-0.019847978157940815,,12.010482658251703,,3.169920845629804,2.701445627420526,,1.3882180484215496,-5.669673956030692,-0.02324852231231489,-0.4340364625136317,-5.151692238861415,1.4986170037013835,42.94265194148966,6.025587586036636,9.04137575329355,,25.851525734522852,,,,
2024-06-13 10:02:00,34.445194089981555,9.384206507224462,9.040476826273334,11.749621982643703,11.395357880311394,17.3334054471502,-3.3296559294790313,-2.9392009607231557,7.862929675407258,10.13161520674862,10.208990201540246,-1.788379143212751,11.754194146600184,7.8316039869087035,14.912949647699634,17.0612721726053,13.641881579990468,8.76440414676938,0.20974405604283675,-0.16946644476047368,,11.516633831096897,,2.6999288872843863,2.3280745193092116,,0.9562139827767169,-6.2000754377882,-0.5206523805168217,-0.781670529976509,-5.567580664879642,1.2618034237380016,42.37186709509933,5.299768301995982,8.645783828338608,,25.22797376817209,,,,
2024-06-13 10:03:00,31.953532454625588,9.843474243763467,9.586908174048403,12.074012214105096,11.523725731748982,17.237623048236742,-2.5443753273630136,-0.8843344228478145,8.595999893855833,10.398244149216453,11.60277571399206,-0.5288089804403171,11.986443075883017,8.041189863648697,14.98629924815532,16.94124283870792,13.786374791452658,8.93179682283045,-0.03230188103543696,0.4568995123481727,,12.01390130249979,,3.121821319715309,2.862968969495796,,1.1026986860947545,-6.254947176026235,-0.49256252430768654,-0.8224155256825725,-5.5221424047990695,1.3884967213011805,41.71023075313974,5.292309054864063,8.499766318457887,,25.164707888053158,,,,
2024-06-13 10:04:00,30.74309526430352,10.27296765536903,9.956230222188879,12.300409060105721,11.579473246478074,17.424506273812426,-1.2538765208425957,1.0893849194160339,9.099099807388939,10.844805939598245,12.875079965588611,0.4591282646633772,12.11917059168536,8.270659998364863,15.167525845880164,17.23628835305942,13.890622534792556,9.437498480709365,0.07797780923328901,1.0871170369973697,,12.460164801261044,,3.4672717931730404,3.1962743157710065,,1.0911378103610332,-6.4698574807825935,-0.5813465353476204,-0.8693470786884063,-5.7323852926160725,1.6270381279937283,40.64905999517896,5.172627498184966,8.530297712538868,,25.207158652167664,,,,
2024-06-13 10:05:00,31.124241674728978,10.303746408067582,10.213965877285773,12.510629841931404,11.389137451751367,17.25997913046797,1.5929683365811798,4.507683552008984,9.059625741426544,11.15997765979023,13.735422139518278,1.540531949983233,12.241757765619013,8.232267118517484,15.201246274562436,17.058132080559403,13.672394716502936,9.474749125290458,-0.10533910650974576,1.1439065856361594,,12.545889202877333,,3.2532312902872036,3.077918208347455,,0.9718849676391983,-6.68931712815629,-0.854417731950889,-1.0725127624655215,-6.023480956104322,1.5145651620464378,40.09987138751785,4.903292966623667,8.286917816450114,,25.382270762428675,,,,
2024-06-13 10:06:00,32.222820777653396,10.775689097483337,10.574463999096679,12.759982494382939,11.539785253659147,17.26742836407493,4.005011035314055,6.82115496861843,9.108369039998706,11.26501769554443,14.347231247280433,2.5336960133540742,12.21581370878016,8.237596535147759,15.247229100725008,17.07213843095076,13.645575875338295,9.598225496410976,-0.37672412487563633,1.1193675563313263,,12.543866588576975,,3.0763750534702012,2.792661672127906,,0.7886895490787538,-7.0139148905159345,-0.9958713202245235,-1.3102352919299847,-6.112813717854806,1.3322223605937324,39.871813315764484,4.506785787509216,8.201783270965507,,25.790760450323774,,,,
2024-06-13 10:07:00,33.373126631972696,10.026155751239457,9.838042354422669,12.553515640388468,11.668632893404038,17.387887851840105,5.26656267942144,5.544802215970549,8.704438586652941,11.02408980969426,13.412097383962418,0.9689723725537078,12.139404456324428,8.158079942787026,15.159407724005177,17.17604266222338,13.776621737168398,8.85662655795312,-0.38585238762652807,0.8339856191846593,,12.177360760097145,,2.7798051291915726,2.526397852740047,,0.4087194515682313,-7.329368302564944,-1.2383873268931893,-1.5029886873744545,-6.410832813789057,0.902861583201684,39.7333831138053,4.821032153306987,8.153150684981483,,26.350319566093958,,,,
2024-06-13 10:08:00,34.11832199911214,9.816979616417484,9.838042354422669,12.603335433882648,11.375127390809212,17.346170923458885,6.728271874257416,5.308887083694799,8.841401213044264,11.02039730159845,13.311248330819808,-0.1390787476739206,12.423421369354173,8.348973905719731,15.15439605609322,17.182513233412465,13.812144620112804,8.890968852339029,-0.5731054302693792,0.7978329112038409,,12.202829078662262,,2.877519401180507,2.4432288137668365,,0.30435178019888554,-7.361368969835894,-1.4030043197190025,-1.735939783876347,-6.5995046273005755,0.9573956969397841,40.320028840957775,4.506785787509216,8.037484300140704,,27.11743359547313,,,,
2024-06-13 10:09:00,34.04904967595314,8.93561122977053,8.690958243213117,11.900143565507733,10.729492789003643,16.783463616424683,7.951863332775702,4.832567253236903,7.715498092089774,10.167387958008703,12.12356215673799,-1.3751726462000988,11.660692655898856,7.601259578131703,14.46168873103602,16.670077880518875,13.258437455596095,8.26259365494326,-1.1987589115244646,-0.30611526331222194,,11.290275225099776,,1.9782000433306166,1.3614345522737494,,-0.720030427571146,-8.216317973949572,-2.198032515731029,-2.5044897371931256,-7.263342726817882,-0.004077062128999387,40.59798113204329,3.930653829880157,7.568741438025427,,27.04929370938339,,,,
2024-06-13 10:10:00,34.905168833704465,7.98676514669296,7.673840754369394,11.239502988427375,10.16475226127045,16.409950730705646,7.687159882887499,4.151462256751984,6.671580773006326,9.273039873328571,11.206154709222346,-1.715672063758575,10.907970555560269,6.648011523739115,13.849494586102765,16.25778742253658,13.007053880979925,7.102236646795831,-1.5328180400322253,-1.2047497650810328,,10.049367737527064,,1.0389228874778382,0.5720841024867696,,-1.0666073570359913,-8.755774683698291,-2.519885862579031,-2.955768414157319,-7.647675478840483,-0.8071482475502307,41.1845642205094,3.9231377040757707,7.1852234252273774,,26.998928215615933,,,,
2024-06-13 10:11:00,33.32958733174644,7.422814290723636,7.220511458054261,10.600521628657361,9.70661072990697,16.33633477262208,6.397828901193179,2.612488810189461,6.178809037682186,8.67517780986418,10.101020282873606,-2.0867110377434983,10.56920375021673,6.278237661288813,13.547350046993188,16.105999791774025,12.564305127380976,6.691691228585938,-1.8355263962748722,-1.3815741573957894,,9.644756398298114,,0.5435699667236804,0.2869334234660528,,-1.3557801714528068,-9.05750689778597,-2.9087598343257923,-3.4070434057366583,-8.108894735006288,-1.1552146659896607,40.75230952227753,3.429348981147541,6.85044751731607,,26.78456127552738,,,,
2024-06-13 10:12:00,33.12383860796433,6.563258491704801,6.370523466083796,9.72100316282399,9.182041277025519,15.756369401723191,4.857798224586531,0.4719280828187493,5.197495750272537,7.886104246556442,8.677910817188149,-3.529710962959143,10.171190820110041,5.726741997929594,12.886944004592578,15.63660271683682,12.026019122269304,6.184559155488159,-2.4044697025278765,-2.346022458590596,,8.802508940048028,,-0.17622180791249775,-0.5101902329233781,,-2.2052982884483754,-9.830181729293145,-3.4978227129176958,-3.9800862066231275,-8.637993953229397,-1.796376246861655,40.68255203196463,2.9205027248563056,6.460859183136108,,26.489133132325946,,,,
2024-06-13 10:13:00,32.31032033856991,6.474833685188969,6.362809461526467,9.573293502431625,9.131316764467783,15.714684061723347,3.240102434437631,0.7307487759937885,5.223872126779725,7.668042139530371,8.826111692916811,-2.5833235410518682,9.845365925252281,5.549151524520312,12.566102226857538,15.086578618356043,11.921455921815664,6.015836284114954,-2.7527477817463932,-2.4299679705313793,,8.7214138065533,,-0.25532951821378447,-0.5671281620270747,,-2.2927648892414254,-10.013062026444004,-3.4953430575428683,-4.26892227500457,-8.952953092501048,-2.0741616744576277,39.98931408409612,2.763467924625047,6.071428731382184,,26.080064121876717,,,,
2024-06-13 10:14:00,30.318042999823547,6.526879414284849,6.363120744246771,9.403198793869251,9.150348073525265,15.405330709501754,1.475175804250057,0.6329838122394449,5.279374638735135,7.407992626182477,9.14411345293388,-1.9925126017301409,9.553034126201283,5.133292376021473,12.64248596612083,14.973180319384824,11.596488105839967,5.725566266949443,-2.9157488289042703,-1.7609873741062074,,8.759354191485954,,-0.24397063692549636,-0.41273128231705414,,-2.203012034212861,-10.172877076152872,-3.818037309510146,-4.476627678199748,-9.144588674107126,-1.8824713966487252,39.136769436832765,2.4044909799654306,5.85855973991147,,25.713418483544274,,,,
2024-06-13 10:15:00,30.733309310268396,6.401199370152426,6.577275864771764,9.800357289882186,9.084520223723757,15.309600157543287,1.8663998719023311,1.3389821236169155,5.33507971549534,7.486867602850225,9.728934627835542,-1.639677293819659,9.794002692501863,5.321672119645655,12.720935697422192,14.961928726811834,11.440710019805806,5.86087388543919,-3.1303626530927886,-1.9365348489436656,,8.876590899069697,,-0.3009992003558182,-0.5537975892816576,,-2.497046056972522,-10.451729270089345,-4.070370536916016,-4.655616873148119,-9.513439621919588,-2.041371205714313,39.58499113320272,2.419415367300644,5.645529379320351,,26.197397418436367,,,,
2024-06-13 10:16:00,29.986460938386927,6.518250877963965,6.826358321590305,10.049791306487577,9.136457780522505,15.189459168878784,2.1765553778782305,2.8056107925042397,5.67709175162895,7.903716426603296,11.088948474702875,-1.2474148660057836,10.029038994437997,5.52458188985247,12.722395236777402,15.094943202107174,11.609659305870991,5.813549221639391,-3.1556811946904872,-1.8048448278495925,,9.083657651989597,,-0.2582754529189515,-0.5085373606993926,,-2.501948289183929,-10.757986986604465,-4.271409483160824,-4.908368679509749,-9.570295495356277,-1.9992949968336688,39.079150399502396,2.0903879578238502,5.621492115343244,,26.152575655604096,,,,
2024-06-13 10:17:00,30.41650298481477,5.866086629735037,5.987492965330603,9.482036807688246,8.425056027233268,14.680862333251525,2.9052410080494155,2.2103082583214473,4.871793570412137,7.167097781276425,9.930915294387887,-2.568651654562018,9.566254607163728,4.64055052635149,12.21821581874292,14.80545444255074,11.19148304403484,5.233478802451913,-3.5757777276039633,-2.2953193121693403,,8.354841560566001,,-0.8568001408002601,-1.1308331374102636,,-3.0031690983928456,-11.233338559486128,-4.796737005214254,-5.368610514608918,-10.136289244024738,-2.597766205923108,39.21262034688107,1.4171111487016788,5.092060158914137,,26.158116401903726,,,,
2024-06-13 10:18:00,32.32059358048173,5.590562365014648,5.585531369174532,9.42498952224446,8.377663401507789,14.644078622398297,3.47218227861822,2.4847012981742864,4.826861672787118,7.373948170755966,9.611901940230837,-3.026524730784331,9.556144220837723,4.64055052635149,12.262807727909149,14.797955124937062,11.184794180585868,5.308682571964141,-3.645626497345802,-2.589655673073139,,8.264991743539667,,-0.9194973246735572,-1.3356823480935418,,-3.0485258253138454,-11.39334206883268,-4.822385239458072,-5.547594105881672,-10.314996240428172,-2.9180586796082935,39.41588242733087,1.2823964786016404,5.012864495563917,,26.73660783217963,,,,
2024-06-13 10:19:00,32.61539668335547,4.786765758095044,5.127884201111101,9.022797181328542,7.915682764570192,14.228951421965348,1.6233520878527088,-0.01975206051861278,4.1359386423755495,6.870401847328367,8.02721699167364,-4.631013764912495,9.08042568980045,4.117039534345395,11.679551719382061,14.414802953955586,10.653293561087025,4.72643563247874,-4.085972848330584,-3.4222078539596623,,7.501979821850455,,-1.7146962421002172,-2.110213823153117,,-3.618598229647432,-11.960246079745957,-5.267481767545178,-6.161254919014937,-10.882453304654973,-3.4897822465877653,39.48567593886105,1.0205197143716305,4.489484209900638,,26.66721460043641,,,,
2024-06-13 10:20:00,31.098394567094374,5.276306828885936,5.704610340756062,9.176056653727755,7.74392555831696,14.162915339611232,3.310004922841017,2.379682153399017,4.779877142560281,7.159468771055344,9.581732657973816,-2.6188128366366072,9.239107252493113,4.448454133036421,11.79608520413376,14.160942957146517,10.55757438754938,4.971352428105831,-4.4523802308222,-2.9290752692645583,,7.918136437297335,,-1.4731375322394342,-1.848438240120231,,-3.573245683044661,-12.060760955148453,-5.4916592494250835,-6.236464496404551,-11.117971157003012,-3.3274378486476053,37.571888427028625,0.3774168902104975,4.0211422801712615,,26.25702154659143,,,,
2024-06-13 10:21:00,29.329704267306397,5.012360534432446,5.50822374907284,8.842112856975973,7.637981146836182,13.951604638900335,2.883528198324484,1.725619415996107,4.099624234874909,6.651697690309675,8.620748976080222,-2.4651129390631468,8.775270597848248,3.791588731544607,11.671841326618278,14.048539388956101,10.319505831529227,4.099157061377866,-4.736828032095673,-2.6204743288649297,,7.433533805078923,,-1.8813698838380333,-2.2179659093490045,,-4.0114009431963495,-12.581631168615786,-5.906871001618583,-6.651581905839521,-11.404493109820578,-3.5762494272057666,37.5878212389141,0.4296947803238709,3.8446038194013,,26.136686935178318,,,,
2024-06-13 10:22:00,29.294516384638655,4.191854249153039,4.7263322761768904,8.334831291043884,6.776606675780386,13.364627188168583,2.359822823763807,1.278046719528902,3.341431998753251,6.047043572884604,7.708178310071389,-2.820562609935223,8.303785409856573,3.2560496853739096,10.93974713502189,13.466827766928304,9.748073229196507,3.521280073348521,-5.323935680341265,-3.5432616411080744,,6.723390926753609,,-2.5824357351098115,-2.9311639061811547,,-4.574926466632405,-12.965830066388662,-6.199776980173738,-7.165974144451866,-11.988933690974136,-4.19745883865744,37.39557263802203,-0.3409026639419608,3.022984204779732,,26.00466289146607,,,,
2024-06-13 10:23:00,27.016778192637958,4.103234886536939,4.32154602816172,7.787348441030872,6.75630698866803,13.279149971298466,0.274128204713179,-0.39250181142665497,2.8489602212600857,5.516608102959253,6.989058046387527,-3.7031253024715625,7.733346922788769,2.713237512673004,10.747215799885907,13.136273716732376,9.483353064714265,3.020924867065162,-5.532351543363802,-3.0449859751884105,,6.467487315553171,,-2.8487661189069513,-3.0082762317197194,,-4.611395442524099,-13.152876338678197,-6.695121029459642,-7.403543752180212,-12.237228487422271,-4.364600024159699,35.64229395245616,-0.6546145488421189,2.6462496528879456,,25.12909552374117,,,,
2024-06-13 10:24:00,24.215339476863846,4.451515156938967,4.842581806924045,7.5587158127457315,6.609574339268647,12.900860469629947,-1.4571634916890162,-1.8536633495493788,2.581233774689281,5.271799278863455,6.919082342437605,-4.779166165537845,7.050773875888353,2.0566317629309196,10.734515806327408,12.843142453598716,9.098630142777324,2.473523133642402,-5.658865135938413,-2.2114710648093023,,6.379554012408562,,-2.9983145831897673,-3.0095917263233787,,-4.571861072326556,-13.321628765444075,-6.9117755377228605,-7.573479389165186,-12.434385100447798,-4.474349686310234,35.38014800488577,-0.7592722632100504,2.269041777849907,,24.85721166480755,,,,
2024-06-13 10:25:00,20.638761269862016,5.191748116712461,5.434226521575056,8.13964941665381,6.475442624578818,12.847304057583415,-0.007910526175919586,1.7028596897773696,3.267572127385165,5.732732361687113,8.507982879390966,-2.96030559327437,7.153758269585296,2.2546620084940514,10.73901106226731,12.758935797001413,9.149724840269528,3.1448766207178096,-5.713457429697655,-1.165513642845326,,7.145938143600006,,-2.6458461980691936,-2.6317085357632095,,-4.677241541056446,-13.371877596616741,-7.115231695238435,-7.7809819455246725,-12.58193593485339,-4.085960959019303,33.55698786297103,-1.2453182713829847,2.0138175873084947,,24.403551026832133,,,,
2024-06-13 10:26:00,19.216471657840884,5.121460167798432,5.805278323965467,8.378324872847088,5.661601887244842,12.572249149193794,3.192066258793602,4.484093684149002,3.3124553780569386,5.972833848073151,9.96724445029372,-2.4412568408283732,7.217206925145092,2.082647980437514,10.517659645395725,12.625028568458902,8.84733641383309,2.9377114400928974,-6.25296517474203,-1.0585372080022353,,7.062931080943372,,-2.8452463082453505,-3.0907499918662324,,-5.159694039540682,-13.975149050473192,-7.321177523879669,-8.244174594549804,-13.011695138029609,-4.429838072546318,33.38067688757451,-1.552133057389483,1.4173384078367235,,24.415325403050815,,,,
2024-06-13 10:27:00,19.324704443298742,5.492848964766381,6.457987010262514,8.709251984907496,5.882049489533301,12.6143646608258,6.949365542851865,7.324393855937387,4.062359118983068,6.757291613093457,11.401797359861348,-0.9030720502646545,7.349659758010603,2.437545415738441,10.51260305460687,12.670999183411936,8.942911153888758,3.4003945078978575,-6.316633067498742,-0.7630977162762065,,7.461302496303233,,-2.5090784837270803,-2.8057900114290533,,-5.001812990957205,-13.655200836823951,-6.973780242858993,-8.19000569614218,-13.139355982615598,-4.324919982511801,32.721119692162574,-1.7088583363147336,1.0952730253832215,,24.238057502101356,,,,
2024-06-13 10:28:00,22.677913192544565,6.247571225685078,7.563801424704707,9.85470618754448,6.160313756229925,13.088268666693693,9.095646775466093,8.306433461296592,5.563589985904855,8.04181346920359,12.91856489477118,0.048128837660442514,8.401386111364445,3.641578985861088,11.23790267752247,13.400534335499856,9.447513213389584,4.3988470245697044,-6.41791906399294,-0.468562363305864,,8.47892546841058,,-1.717741507503888,-2.0840909688395186,,-4.445613727441014,-13.358254669900361,-6.4948921152813455,-8.042694533668964,-13.269847564497923,-3.7875390304561734,33.357316314124546,-1.6043758574301137,1.1437819403981848,,25.60840604550026,,,,
2024-06-13 10:29:00,25.585441597560248,5.704791067479164,6.913351008229711,9.963178326574052,6.057681159065623,12.732170023364915,10.830409816757992,8.147480920064027,5.555059855587388,8.353929852424471,13.513817753382227,-1.0674620706149653,8.588617292960407,3.6004372077713924,11.06318838640118,13.24882312917714,9.236364570800674,4.354824867948224,-6.564682243705192,-1.339296803806974,,8.203673496715055,,-2.219818097672942,-2.8461969871136716,,-5.244570883386132,-14.11716678509174,-7.202174650166853,-8.672816157608395,-13.737928899506642,-4.4664389514737195,34.495671766214855,-1.499729836712504,0.8334918313150865,,26.10504775530933,,,,
2024-06-13 10:30:00,29.078982492879618,4.730961569624469,5.332776389468108,9.437925549159672,5.295158406389191,12.597082175569653,11.008654194785095,6.923548263545854,4.514223470828256,7.637725580000733,12.078298570453626,-2.5903286462930737,8.285698761514823,2.981518322248803,10.41387470959262,13.151421834922758,8.951832214735305,3.5204518281225887,-7.076931529298463,-2.6256310113599284,,7.056373830844677,,-3.1842535503769795,-3.8243873190649538,,-5.910858706361978,-14.364044143202136,-7.4876062885450665,-9.086514688875923,-14.147910875441084,-5.206821700886849,35.930734253432774,-1.9039286040610932,0.3403368609840527,,26.627432151587186,,,,
2024-06-13 10:31:00,31.19094201564792,3.489737809627968,4.135231139722691,8.338185748988735,4.473292244091908,12.076185744411191,9.797469225486338,3.655902177553344,2.963147423599594,6.33097811423022,8.440718203064762,-4.435935857812183,7.384680638333293,2.1995728708711795,9.70617978786322,12.588535154371698,8.329333511588516,2.442170209269932,-7.733892943623459,-3.6217586726934314,,5.626599636798574,,-4.143081868088302,-4.7272062632114284,,-6.53996426711501,-15.00423638046641,-8.081684626027709,-9.754412291071276,-14.721041580286965,-6.048175631421145,36.991915156827645,-2.3455189997375783,-0.35981834651761346,,26.527352087970485,,,,
2024-06-13 10:32:00,30.106157233079443,2.6358710373961003,3.15708716854715,7.1991439371620345,4.17259031262688,11.612013077237407,7.185504330050435,1.1727841311553675,1.793993366233508,5.178081675203202,6.486562505569282,-5.383008406120098,6.578741297552369,1.2903246197745375,8.746130080086232,12.094005013570381,7.720146869756377,1.4766913532983494,-8.284643497124534,-4.495277492121659,,4.59527501052321,,-5.141854514639817,-5.588282040792819,,-7.214438046144551,-15.552801815158091,-8.779095606410465,-10.402692449551523,-15.2232459590914,-6.928181593777936,37.61948257675567,-2.779705634794709,-0.8894751447442104,,26.169426181702534,,,,
2024-06-13 10:33:00,26.796697005308147,2.055648204755016,2.0973150773011184,6.619305701169196,3.3987596505230613,10.9830029633099,4.6176570892080235,-0.18242555399046978,1.0976241639148157,4.257806597630406,5.452261590202397,-5.792836486716624,6.036879946514091,0.8305685785946935,8.18886151562242,11.368139547050419,7.017567145637713,0.8924748120676327,-8.923490664980136,-4.835829478233791,,3.9547241436025615,,-5.756492710585007,-6.271522670919239,,-7.9545298283878765,-16.042114337713883,-9.280631318165888,-11.00304092987517,-15.823394904891757,-7.638743008472829,37.41603109689299,-3.333631010203362,-1.6994000276820316,,25.18892788177709,,,,
2024-06-13 10:34:00,23.712593980070324,1.7803087431161657,1.9084351424617125,6.094918708410205,2.9152479474200845,10.649066282325975,3.929392267724097,0.32459017546716495,0.7011172057320891,3.8971794958245027,5.989341997538531,-5.416732629249054,5.536925403187979,-0.0755606243121747,7.703574580136319,10.833383614644731,6.38168958590893,0.5273391234223936,-9.363825972406175,-5.124835719799648,,3.5416810431281647,,-6.175356898449536,-6.753480324517113,,-8.324589356488104,-16.384982867521103,-9.901042737156331,-11.538421943126195,-16.298688690841118,-8.086597746388179,36.51502278257067,-4.029357215013761,-2.4297172956917166,,24.15745148404858,,,,
2024-06-13 10:35:00,23.96503035067451,1.7457676514268314,1.9718085836475439,6.385167814907163,2.8567211903882708,10.540991806118882,4.92116566301479,1.2815009778792046,0.7196738734098744,3.9985261082069883,6.94376465243954,-5.2356133413481984,5.5646331630282475,0.02145411326841895,7.98637699955475,10.822213646428168,6.299495225796022,0.3159742447560916,-9.589596995780084,-5.16096164341252,,3.7165024811474723,,-6.133234636948146,-6.518413076514207,,-8.332561077716491,-16.66829941988317,-10.197138435557008,-11.735538013062978,-16.487370748046942,-8.075135288623642,36.44052692364585,-4.0743596859103945,-2.6427268456720867,,23.759827382965227,,,,
2024-06-13 10:36:00,25.066773623453287,1.4754805678089724,1.8223482975063234,6.363947627331072,2.718052329216789,10.322745024436244,3.371238677402971,-0.08924915706643333,0.7617196238957149,3.942068450656052,6.337884599562813,-6.277928851971865,5.410608966667041,-0.07233762064538496,7.98288848410175,10.706176785903835,6.1883603425606,0.47183916232347656,-9.655251850364948,-5.229284329501752,,3.6657853578676622,,-6.210787143329981,-6.586870928525968,,-8.534095664624601,-16.791607871905853,-10.266632003631003,-11.936874074886418,-16.695804736742502,-8.08689641795354,35.10266513403258,-4.395659536105086,-3.0623288800238697,,23.652468196687096,,,,
2024-06-13 10:37:00,24.97230839270196,1.2784568099477838,1.3902141061121256,6.154352805720919,2.6482802839275337,9.844046547903986,1.4461865515543195,-1.4130923307470766,0.38380205145222135,4.00585248054108,5.530500706396651,-7.09284821363417,5.193087725417854,-0.5465508144181968,7.645073091602626,10.445875984969234,6.101683526090483,0.06811835581413561,-10.077436772039846,-5.36341643899641,,3.5808751370589107,,-6.409492605308515,-6.894227093098834,,-8.863601750544603,-17.024691542987966,-10.655377695957668,-12.252777156823868,-17.036335547342787,-8.245220962647181,34.3938291883253,-4.964238605725086,-3.5491979536395775,,23.08590682933618,,,,
2024-06-13 10:38:00,24.09580751729675,0.9408360710290253,1.3759916042995428,5.820051543551017,1.9185600779628658,9.723508517043228,0.8214945175491266,-1.3440084551423297,0.48730143171610507,3.8782808451628625,5.4218205958338785,-6.887311530617808,4.964092180980288,-0.6592308651854637,7.221592623144943,10.095596377072638,5.594772331020749,-0.10812026010950149,-10.587701427797583,-5.790457157558194,,3.4656136681824137,,-6.671016382403195,-7.163388955547816,,-9.296055336159498,-17.418107638806305,-11.084987241779345,-12.818592508777783,-17.55569912267174,-8.681303042912987,34.3938291883253,-5.697540000849813,-4.176221517774138,,23.05457005556366,,,,
2024-06-13 10:39:00,24.0852467682912,1.0081889023422264,1.690357700797449,6.182879863251401,2.2931002471577813,9.514995487869783,1.6750383035052892,0.1842090214684049,0.8916086771523624,4.137420448081002,5.8019093014791,-5.991555806462202,5.097826586755673,-0.5375766732797729,7.189072705299623,10.012303255647339,5.62587931050939,-0.10601624643092578,-10.743550071149684,-6.127200536805049,,3.5163252514794294,,-6.75379333404544,-7.356696158845352,,-9.33343187940045,-17.633186240749183,-11.136381318718577,-12.988522101616581,-17.591201082354473,-8.839361458655276,34.3938291883253,-5.787317107352919,-4.492509109153389,,22.94106128965109,,,,
2024-06-13 10:40:00,25.19682255710302,0.5863920673368739,1.264719901468652,6.358990616084384,1.7871230102341542,9.384758316428929,1.5395642638729896,-1.0721042455754741,0.9882979217661614,4.212525994583757,5.412361471338954,-7.010030203452516,5.01001294736011,-0.5799763206330226,7.3502105162297084,10.051719291604854,5.51260670838974,-0.31103391276033676,-10.960264284273762,-6.369669898192569,,3.3015575359524973,,-7.090623473899541,-7.5881845909011645,,-9.597363803612097,-17.89813483409762,-11.368039220156788,-13.23680854838858,-17.977128519906728,-9.040200999621902,35.828941127368125,-6.206277399807277,-4.6750858159653035,,23.1167446663527,,,,
2024-06-13 10:41:00,26.218163913462718,0.044149297919375385,0.774423993766959,6.077728142208116,1.6619626337640057,9.006520452790937,1.376127824947389,-2.272665359171242,0.7557617547820428,3.9761393819499062,4.667560520505731,-8.039148810235929,4.887003997457896,-0.8599989260023904,6.947355153292619,9.882159107201801,5.234587269975236,-0.8461158198377916,-11.31470349880442,-7.040753095694981,,2.842364245320823,,-7.675117672473789,-8.214036350000697,,-10.07201651296964,-18.22302692932317,-11.823421130795396,-13.707834312347586,-18.280895841028723,-9.622932803240928,36.55971619637694,-6.4758918213728975,-5.174414353546808,,22.871723907965702,,,,
2024-06-13 10:42:00,26.372459372666754,0.08105259197327541,0.49556816646781954,6.081021249246305,1.1744265993770568,8.903296071053433,2.2151002102668826,-1.3850754038326158,0.9988784192305502,3.893668299979254,5.448083985487301,-7.714512620966616,4.967351988426117,-0.8008284279042073,6.673080412638683,9.553450710718948,4.996676269506452,-0.8110830565069307,-11.825005916572081,-7.393231115292565,,2.8031038645031003,,-7.681966596426264,-8.35416275870557,,-10.34363713843777,-18.21891656217076,-11.81041338175055,-13.950399478778763,-18.701070893551332,-9.861782070480785,36.76784588430883,-7.022273346160773,-5.862332237743203,,22.55070294824509,,,,
2024-06-13 10:43:00,25.529457413295404,0.20321571230078916,0.6967959135286037,6.134784745239813,1.0717872856116628,8.510531527399849,3.0596977305417568,-0.4725705171658774,1.4384764805870418,4.163917650443409,6.228759203237132,-6.650902780765591,4.962001759051191,-0.8454881834686603,6.858196146206637,9.209892000274863,4.885559939188056,-0.8559855729708374,-12.077984697957618,-7.004626594492947,,3.006433411054104,,-7.557710101092653,-8.141799064778297,,-10.363928469546863,-18.44303047523499,-12.340730080542471,-14.350498812185833,-19.078478750591785,-9.62251807942448,35.478007612025294,-7.396209651533127,-6.178607328139606,,22.49988529655866,,,,
2024-06-13 10:44:00,23.944763453085898,-0.3388885768968066,0.17090220576892534,5.124577513509848,0.5955270332672171,8.333910768427018,2.0561004206115285,-0.9350302103389367,0.441323354971928,3.0972346071205266,5.422222363554056,-6.565525192434052,4.2560608310304815,-1.6957659525196505,6.408949241163555,8.87006139348739,4.316437252757169,-1.525787303666732,-12.538640596927735,-7.465017090395577,,2.380562427672885,,-8.173040762111668,-8.790847275469787,,-10.987133921052646,-19.00964623372056,-12.801539990142373,-14.739827079497445,-19.46572209168653,-9.958677644556701,34.597512627370406,-8.009550206131507,-6.635059826836368,,21.795189466925876,,,,
2024-06-13 10:45:00,22.79487939650153,-1.4349762492406626,-0.9804505678830537,4.530191391877679,-0.10856853640393638,7.906488829944237,0.8082784420755615,-2.352799581888121,-0.7423877180690397,2.0194379084471166,4.056719142296743,-7.751043375460995,3.294700394473466,-2.550492231988983,5.841439312773673,8.29964549679687,3.9628831113525393,-2.2722075082660353,-13.039910221734772,-8.387372278632938,,1.3024229890061179,,-9.168874033905468,-9.709135819012772,,-11.624321492335639,-19.439510183341554,-13.203046940167496,-15.322308898437313,-20.00361389732734,-10.800398768767991,34.2555683949015,-8.795375871997294,-7.26213673377265,,21.22295948433873,,,,
2024-06-13 10:46:00,22.08170213576966,-1.9291527269538165,-1.318717218092388,4.304346810283732,-0.38364398796488786,7.420193253416301,-0.044613869785735005,-3.28897698915398,-1.109592884921085,1.6588926606755194,3.041274749318518,-8.86628170207814,2.883945522961767,-2.8540109242965173,5.4264993629722085,7.895090814176228,3.516039589994307,-2.598742166280431,-13.5774037964336,-8.834848071076067,,1.0066267659085497,,-9.626889519035558,-10.141674681799032,,-12.167796200958946,-19.951869535382684,-13.69469819231881,-15.696828430245205,-20.3626405512382,-11.398794569123766,33.402392740559435,-9.33406516306377,-7.80988815202727,,20.568588947849207,,,,
2024-06-13 10:47:00,21.914811108046592,-2.446782591126066,-1.4823308881836965,4.13559559899636,-0.6474288995862025,7.319809019085369,-0.7756441357068979,-4.566709971039927,-1.37220557743467,1.478627841089292,2.325832686799231,-10.385981575247115,2.970420363382118,-3.052606977404821,5.565384519399004,7.681707182636046,3.3427631350673437,-2.6394147981252445,-13.782908465160745,-9.101689918104057,,0.8388046254008259,,-9.964438987937683,-10.509767747905698,,-12.408304767775917,-20.166581532949294,-13.941885137251575,-16.071344603836224,-20.731489733510898,-11.696114465125447,33.55661536078469,-9.77522169947224,-8.150599481792824,,20.404785341228376,,,,
2024-06-13 10:48:00,21.04632285295054,-2.6429697052567462,-1.928577677832891,3.8584261740202237,-0.9183917316890984,7.067002855833266,-1.2407614997287055,-4.704472342668396,-1.8175544765890663,1.0918270388360725,2.0848514107678966,-10.755822171534419,2.611757033844242,-3.5692061482081954,5.280761989333087,7.3382137187128365,3.011580054986439,-3.1547386469913192,-14.291038927356567,-9.377847175137504,,0.416941278423792,,-10.243699056856258,-10.877851496977655,,-12.740943242476988,-20.48168921942124,-14.56231641410568,-16.45323728122503,-21.073377521179737,-12.08994071319421,33.402392740559435,-10.31390382188124,-8.521737749325439,,19.951767277338718,,,,
2024-06-13 10:49:00,20.987904002272103,-2.564644910392417,-1.9524679901765012,3.825046914681252,-1.1636885052234902,6.836387115930393,-1.2508088504293937,-4.320102413882751,-1.4981634507171293,1.2119944423161542,2.6041994561778665,-10.420252401559083,2.567217586022707,-3.4999648351792985,5.428216778108435,7.237079728906679,2.9382156149638377,-3.01492044932877,-14.575571467121335,-9.287542034009675,,0.6278731632969539,,-10.183077912926365,-10.748859470667412,,-12.831513532141344,-20.509502546252406,-14.781086590594441,-16.57544833041402,-21.358881451541038,-12.012729638633118,33.43433279712713,-10.755420589138794,-8.856472205453429,,19.75621399793704,,,,
2024-06-13 10:50:00,20.843508804744033,-2.244733681915477,-1.3554908610681196,4.10794778759896,-1.4131050553378373,6.475535997543375,-0.3499045472362923,-3.268858979269453,-0.7081153897490822,1.6851450194601512,3.8291587931778395,-9.336746026362107,2.5544531691966768,-3.3727657097697374,5.349348686006124,7.002133136987823,2.7604004268147264,-2.8120334569359784,-14.948182485981079,-9.353380061077132,,1.085832830764275,,-10.064953443070863,-10.680515305696645,,-13.043932105408203,-20.839006679373142,-15.249609093723393,-16.993742604038744,-21.7179333357185,-11.943170632664987,33.60615315221594,-11.211710145212919,-9.282498432726925,,19.636174193362535,,,,
2024-06-13 10:51:00,20.956295194256995,-2.519996989703941,-1.7714026560374805,3.951419814372912,-1.7025369539762778,6.055839114289142,0.6699895976532844,-2.2591158203740633,-0.9200942846975977,1.4523317345979194,4.1740660234420375,-9.005844758032708,2.5239817690401196,-3.6116073465809677,5.090453548329151,6.716627023535011,2.3558682327111455,-3.0999710152753153,-15.544386409810159,-9.750728767444343,,0.8533433340321608,,-10.347345425461754,-11.257240467350584,,-13.453160104659219,-21.18194086055837,-15.73617587294575,-17.31884959533909,-22.130911741005548,-12.290539927816553,33.79393735792132,-12.012360163147605,-9.738955795364973,,19.3090182065348,,,,
2024-06-13 10:52:00,21.021134795128546,-3.115165413229988,-2.4589142963254744,3.522573576849936,-1.92216185621146,5.695008260347663,1.3578447247198255,-2.124920393974662,-1.4171876979503395,0.817694953291948,4.0916909948748525,-9.15240985422406,2.1132406394197005,-4.055767131821312,4.831553755411733,6.474305350480222,2.215769583559563,-3.606994787937822,-15.95540034001283,-10.208663803150102,,0.22240335729861727,,-10.925843759616328,-11.708790499526458,,-13.78578435248437,-21.364840133631333,-15.828855685087092,-17.711586414005524,-22.319631993339954,-12.695932072024789,33.809906697033284,-12.20709589425337,-10.018793772969275,,19.113887462044318,,,,
2024-06-13 10:53:00,21.675761582094424,-3.2549880917167684,-2.6399661683412887,3.718237814472104,-2.1274352503567115,5.442239957256447,2.385676126919634,-1.1865704868887406,-1.5695767938475456,0.9378576283729672,3.8250884070894244,-8.873864631170818,2.1259929970524354,-4.331383804297502,4.822985631349866,6.2609701981186845,2.0557891846780194,-3.728580642683596,-16.386739188745878,-10.38288236981316,,-0.022761253792168645,,-11.12690772922133,-11.932672594188716,,-13.873244605390028,-21.60739545393517,-16.021940444353277,-17.934410376899905,-22.81230332026462,-12.888977194616473,33.809906697033284,-12.745793123267276,-10.311174671387334,,19.189000487399653,,,,
2024-06-13 10:54:00,21.235783962338132,-3.6312737584980823,-2.9400505625558253,3.3734185107134635,-2.7104283386777297,4.951178346399388,1.9764743567363894,-2.1748157359329525,-2.01773340404543,0.611156249518217,3.022571310481908,-9.682782327400673,1.6592617738392619,-4.784370212994418,4.533228177657975,5.80221088152723,1.5244183412752363,-4.446782697013049,-16.856474407201176,-10.745234398655157,,-0.37619316877453457,,-11.504347809897354,-12.319727110927033,,-14.463605158247901,-22.028407587173206,-16.238208692010176,-18.438582089162537,-23.181167028560594,-13.159241714862674,33.809906697033284,-13.262378110636973,-10.864887008910273,,18.786361795169,,,,
2024-06-13 10:55:00,20.171040628984315,-3.390420327074935,-2.7194415178928466,3.243835004025641,-2.893057101836348,4.79202149318678,2.834311906346784,-1.4057867432170497,-1.7950601074694532,0.5961570084598407,3.171555628255419,-9.699647429398738,1.6236124044771714,-4.799887386939872,4.55726340678234,5.657360301072117,1.4800963415515298,-4.43471439837063,-17.28555173118525,-10.709111834216401,,-0.28430472509148785,,-11.423761430676677,-12.270395130504767,,-14.572931921639793,-22.224698902261935,-16.67071991012199,-18.65788485772373,-23.4691453320479,-13.186286634796488,33.98171538595352,-13.793263539337886,-11.217493420480196,,18.150683676342396,,,,
2024-06-13 10:56:00,20.04365551896194,-3.5705035743558255,-2.638544575029755,3.1370258355093483,-3.259445619115695,4.4042155092188295,3.7263342119636036,-0.9968679427327061,-1.9395697158920484,0.5210560968696427,3.5037701438657223,-9.539140100805525,1.5574716764278946,-5.12564805070042,4.397838258277716,5.313966538733439,1.1978616653693734,-4.32311620556078,-17.66720879826289,-10.805811416631059,,-0.23742992034408417,,-11.503554720186457,-12.357673511589837,,-14.747855220825386,-22.3802823177939,-16.923017131010056,-18.92275965242561,-23.72038639863149,-13.25963437962946,34.03568002775933,-14.1675932986725,-11.607131405253085,,18.150331093788736,,,,
2024-06-13 10:57:00,20.383734970480987,-4.108581788212177,-3.3766376086350647,2.942966882935252,-3.5530224071442262,4.070442509193867,3.646577915349326,-1.7750860291732806,-2.326462490060294,0.2994833843606557,3.1677101473826497,-10.149170536079964,1.4608395113966708,-5.2518210039806945,4.080648215816154,5.140691925737997,0.8198390068133676,-4.738883165603369,-18.030817656870795,-11.425182600845801,,-0.7024669890492987,,-11.98470988048848,-12.76372161930476,,-15.118032559883886,-22.851507797299746,-17.280920883237286,-19.34109694758763,-24.178725628460597,-13.734520822233662,34.03568002775933,-14.631718549246443,-11.941865552714944,,18.03726944896539,,,,
2024-06-13 10:58:00,20.65994222005986,-4.50031234987955,-3.6686119961118493,2.809192806412966,-3.828110195476256,3.6382529192925404,3.4658398407125333,-2.621694478020572,-2.5463734044074045,-0.0760923017364803,2.8178893406427505,-10.521396553114755,1.2485173376628609,-5.490736469730791,3.9143000926881086,4.833647060997464,0.6552774351256403,-5.15055516948388,-18.450861612839162,-11.888409681588655,,-1.0034640990845674,,-12.347002148905176,-13.16980005778123,,-15.332088446786202,-23.034420949804826,-17.656845918591443,-19.503676389995235,-24.303766229056237,-14.201713879809631,34.03568002775933,-15.11793704501929,-12.130399172353464,,17.540198288067927,,,,
2024-06-13 10:59:00,20.974429079353172,-4.594822856916835,-3.8988489594717066,3.0228292401222916,-3.9307471230413285,3.6826545257524685,3.564878642880103,-2.6970981757963273,-2.527815898760082,-0.18498638823416513,2.9648759073204474,-10.037153901714646,1.3349899810209536,-5.476262855632967,4.00861997086372,4.923715807012627,0.6777180803563851,-5.148499490967453,-18.753467822913308,-11.978720547135254,,-1.0395470395342272,,-12.386901898449196,-13.272237428647713,,-15.507020042060503,-23.212882932203684,-17.86021287827134,-19.65713581560658,-24.600344380345632,-14.34071341029994,34.18545588624693,-15.312718257233428,-12.343410924590216,,17.514700704844813,,,,
2024-06-13 11:00:00,20.899902868490813,-5.207548947880241,-4.495843531796254,2.565402563069483,-4.432588387991245,3.1964468999530027,1.6548062814854347,-5.213587449758961,-3.358953449288265,-0.8046247258459971,1.6963326295849583,-11.288249923214153,0.9140733174240268,-6.035243392621169,3.6657336457910787,4.595082712792191,0.3532075954182119,-5.809856904139252,-19.19384491340179,-12.42496875786128,,-1.7427136036474167,,-12.924743345373827,-13.75037547956481,,-15.948938990960414,-23.57871573104103,-18.045587439473366,-20.031660418319916,-24.834398386077737,-14.7113807927376,34.06761767222429,-15.858794465245865,-12.6781439914962,,17.218954332966973,,,,
2024-06-13 11:01:00,20.116534238389477,-5.685530536579336,-5.067450558613928,2.1423393945924545,-4.992888839704619,3.236045187578611,-0.19811240629474014,-6.37895085061632,-3.703632022152078,-1.3303827140584872,0.5571599264192173,-11.891187376570997,0.4575468768225619,-6.55953749142941,3.247430909789273,4.305969706599512,-0.09356502783214182,-6.272413377387323,-19.67259656369538,-12.744773056289432,,-2.0726936075514004,,-13.342070372585567,-14.091820940594062,,-16.347111743474215,-23.834674519106102,-18.274712704921058,-20.364155877146914,-25.211861608353956,-15.035684833334926,34.03568002775933,-16.180656950545426,-13.07968390462679,,16.885626313248167,,,,
2024-06-13 11:02:00,19.229976318390527,-5.6971941756869455,-4.857878657640413,1.9435152811438456,-5.149793570313022,2.8116568862809572,-1.9021761961246284,-7.198222367475182,-3.551218119556097,-1.48803826230278,0.3254478855860725,-12.443272630232968,0.20957481934055977,-6.686742558214064,3.024550510376912,3.9663110747563906,-0.18014681446663872,-6.396120144198278,-20.210060464867183,-12.660839837325057,,-1.9915761191241472,,-13.222372455358709,-14.008371907474611,,-16.347111743474215,-23.92168661433334,-18.398356455142675,-20.49203908093068,-25.52679691037838,-15.00867379976944,34.03568002775933,-16.562382124457145,-13.389929746727148,,16.432391412037873,,,,
2024-06-13 11:03:00,17.85162995697192,-5.82938579913116,-4.750044372143293,1.9266158499478934,-5.325196547691803,2.66699546384973,-5.085701395792057,-10.248037068260146,-3.744989868031098,-1.6042410102036229,-0.8511487700714042,-14.729151295248357,0.15873608251581572,-6.916183748283174,3.1927106716605067,3.5687605074932662,-0.5489220869195606,-6.436856858581734,-20.492305997135645,-12.508985779530576,,-2.002604257221037,,-13.254189353459424,-14.057572183220145,,-16.61407911189326,-24.38787094741565,-18.81026325768744,-20.857428742319826,-25.71552864308842,-14.942984379475547,33.374883150612504,-17.2355214949755,-13.772916106751154,,16.06088623076664,,,,
2024-06-13 11:04:00,17.809198681697808,-5.75620571272384,-4.557957668504059,2.0122774028093318,-5.430774442806523,2.247438289655747,-6.371550213951423,-10.568781599676868,-3.286262880186996,-1.47659178480626,-0.3634897877925596,-15.094202918847714,0.18035200940539653,-6.944118644794344,3.1841541983608295,3.3481731323407757,-0.6110430552665775,-6.47132311905861,-20.862618785214636,-12.766038724738792,,-1.9520512601200153,,-13.33640405084725,-14.16007282281953,,-16.834257688805792,-24.460907945705003,-18.990442438541777,-21.00175626398277,-25.895652659582538,-15.174634760653134,33.61498555451362,-17.310074709322862,-14.022293062509561,,15.796551991440651,,,,
2024-06-13 11:05:00,17.50559201092551,-5.4078084288898935,-4.226173377649957,2.3628318070798286,-5.540551763243002,2.3092561170658428,-6.096633841437097,-9.462577657401425,-2.817246138847622,-0.9883565120389903,0.7538473369693293,-13.789933967595061,0.24265714726288934,-6.648328479750262,3.341940400122894,3.4345843245765764,-0.577339888164488,-6.236054381486838,-21.25327542932928,-12.224236316786573,,-1.5338776536309524,,-13.17439794728034,-13.920984340084942,,-16.617132564450912,-24.460907945705003,-18.666037452777346,-20.976179990828314,-26.192230659149573,-15.000896866486983,33.264278114560284,-17.766349146599623,-14.241238196608492,,15.720513109748026,,,,
2024-06-13 11:06:00,17.20122129840115,-4.8756042548425285,-3.713664957141191,2.747693283400622,-5.881234607991473,1.975548742396768,-5.175440317556877,-7.340588965721054,-2.4450033985081063,-0.5114228152478972,2.076965423587808,-11.87719443405922,0.33546371914872,-6.451817100541575,3.5391147156885836,3.3261335359974282,-0.7973976688662106,-5.84879544058083,-21.7320008351694,-11.761068254628753,,-1.0472836843841833,,-12.833680879807162,-13.795740745838884,,-16.748322595992704,-24.63494196750071,-18.848814042446975,-21.164346220005427,-26.38957406000054,-14.831017071050155,32.75946212868598,-18.155419714959635,-14.521039218020405,,15.751616598384658,,,,
2024-06-13 11:07:00,17.108118915465184,-4.8989946985643655,-3.6819482081259594,2.73871341332665,-6.387216862570767,1.7912884815076495,-4.199572693412392,-5.7786206536709415,-2.5563261463021263,-0.5226688438633573,2.7737886882807743,-10.813654302107352,0.31384975600280995,-6.528872266734879,3.3693943840821703,3.112912123673709,-1.0795680352991894,-6.015125074303398,-22.192721193750003,-11.838591878120042,,-1.279782330037051,,-13.073049764770076,-14.137241268008438,,-17.24665668457874,-24.87758018368868,-19.317450510707204,-21.533382863405222,-26.738960593949287,-15.039505231266048,32.653247273417264,-18.44002310591236,-14.849823523689565,,15.411842440968826,,,,
2024-06-13 11:08:00,17.65694061432214,-4.6457615212975725,-3.7485859213179538,2.8560854923596253,-6.317392730054962,1.3273437910429493,-1.8535045784763042,-3.8470603815017057,-2.634483132962032,-0.34622941385509876,3.4499928196746623,-10.068985191476713,0.35962904222424186,-6.464271209244089,3.1019738198726827,2.7769950727697505,-1.1040185967267462,-6.063743256976153,-22.6330880282419,-11.945856648146219,,-1.5014955369226755,,-13.134502284930932,-14.37632875571444,,-17.3310803246859,-25.01033613863774,-19.526000137851497,-21.83301060407757,-27.01720353124847,-15.089708961990254,34.49272321077592,-18.97140631295929,-15.038334186945349,,15.399130829021146,,,,
2024-06-13 11:09:00,18.325401745166573,-4.740215032616106,-3.9167887550870546,2.5357085508471755,-6.783437893333712,1.19709647523257,0.14916904537631126,-2.2253106031607786,-2.423656340718935,-0.4626310646369802,3.712578300424184,-10.02360131675141,0.3189468840466816,-6.541332182622455,2.8379297822586977,2.8059397301996114,-1.3908225452199758,-6.181290083237769,-23.172898663223805,-12.18594179063075,,-1.5915453187189996,,-13.377918832004525,-14.54341590409922,,-17.587408743432206,-25.289855983666712,-19.74236649636805,-22.032180854666876,-27.32131018944392,-15.321414499965613,34.64687372904632,-19.017169430621834,-15.38568594200865,,15.39886688627655,,,,
2024-06-13 11:10:00,17.82904942225764,-5.081390186101544,-4.348409425099362,2.1116830953772023,-7.429107014944975,0.6172785072532179,1.2245079562935643,-1.9962339437699939,-3.1299165817899848,-0.9132596496024235,3.244192892232377,-9.605448439629527,-0.053629481435791604,-7.118482247493603,2.3629227063734106,2.2282788425635545,-1.9380488837942949,-6.637540297344344,-23.791809683681095,-12.810646569219443,,-2.1593140193294857,,-13.842445323617994,-15.165941424508219,,-18.168761027594428,-25.633575590264172,-20.151965720463522,-22.717385493989696,-27.849778728320416,-15.838909300668092,34.64687372904632,-19.49664590755947,-15.940133201742128,,14.707412945293072,,,,
2024-06-13 11:11:00,17.47319522937778,-5.165573918819064,-4.080083212436875,1.9340224193281301,-7.392068030173277,0.2835872032590032,2.9065861091658007,-1.246180970178557,-3.103463822465528,-1.0672246417566384,3.2530300397099836,-9.483306317751612,0.07480653877678378,-7.005740852619965,2.4074965587767565,2.3220469616494483,-2.0979558046816464,-6.607153273558197,-24.10337646600601,-12.73202440405339,,-2.1250750714450533,,-13.920613751260134,-15.097571266660907,,-18.209481167003105,-25.720618641452347,-20.110839655997097,-22.6845216116576,-27.993228628480665,-16.00498926064074,34.64687372904632,-19.893081115398672,-16.037353491278736,,14.587609342374435,,,,
2024-06-13 11:12:00,18.95226655643455,-5.10922269532557,-4.016626601290682,2.2153116885770032,-7.57880552194797,0.03571802824512815,4.277639924728646,-0.39813047893312614,-2.8661929933455212,-0.8306258022730617,3.742135513443145,-9.086076054837122,-0.08921489219687828,-6.964327964986069,2.4041323188689603,1.9645340461770502,-2.0867001709832493,-6.481405610270741,-24.405949633163345,-12.65340129493461,,-1.9970870483173258,,-13.840814325128576,-15.131755800902283,,-18.362562276467543,-25.949297995094184,-20.247273917228995,-22.905593439076256,-28.155018393141745,-15.954750573838737,34.85059122907069,-19.833219416185102,-16.079641229921663,,14.600067460496007,,,,
2024-06-13 11:13:00,21.10789572880708,-5.282077222602311,-4.461069688170937,2.11009605046047,-7.979306661608234,-0.39163859522614075,4.889245915844413,-0.7908110380374183,-3.139012342482829,-1.0147572070666229,3.4285027457958677,-9.493872492684204,-0.27997862260849615,-7.287110339592118,2.0765476582387237,1.8165484454029865,-2.3048274545676577,-6.856616574269879,-24.966168684710283,-13.31430713739519,,-2.3755675221566435,,-14.206470623452333,-15.682216801368668,,-18.793929808966823,-26.29749880231111,-20.77543066057342,-23.36252292972995,-28.575683584537273,-16.33717450373888,34.85059122907069,-20.31272609384746,-16.32387514364973,,14.474282884126978,,,,
2024-06-13 11:14:00,21.494540213217192,-5.746403980856485,-4.892807243478728,1.4496507222661421,-8.515263033116753,-0.8904653003738758,4.4981575825149775,-2.2050847261912168,-3.552442874143935,-1.48803826230278,3.2314749524939543,-13.145801594820114,-0.5470587898314534,-7.603196899865679,1.5981080479905359,1.4916347711096023,-2.816400963954493,-7.23790054401934,-25.32987417604477,-13.752152400148589,,-2.9560890088378073,,-14.590501753660192,-16.1188831165573,,-19.222342471752654,-26.714340419110158,-21.151486500072224,-23.70613350465692,-28.745047304035324,-16.793067463302577,35.38897555434687,-20.597386712432126,-16.652689442967358,,14.078231937353166,,,,
2024-06-13 11:15:00,21.666634632478008,-5.892775100613562,-5.073816646762225,1.0959145937306403,-8.53665325075849,-1.0176288277219783,3.0233119989563875,-3.7907162013821107,-3.707589631724886,-1.6081354574930629,2.3542251878320712,-14.308913340845265,-0.7212553336530618,-7.65331122964767,1.65308459498101,1.3110492823817594,-2.933986791761072,-7.223713996632313,-25.3771960824879,-13.746808806877198,,-2.9939767476896577,,-14.627101788218624,-16.016280398779145,,-19.24570940931335,-26.700304935905933,-21.329027513560504,-23.78098691203286,-28.94351143650192,-16.823865716935416,36.04512280594031,-20.64930165552778,-16.573247799876526,,14.071772700231577,,,,
2024-06-13 11:16:00,20.092136206921737,-6.089658611692812,-5.464386090143762,0.9288327954288889,-9.136766504706202,-1.5229025259427544,1.8524769498269507,-4.590481718020328,-4.192795141067563,-1.9385427476611312,1.8130335066825864,-12.386288217629954,-1.2400852906091586,-8.163112897983183,1.181710754300184,0.6140052754881253,-3.4427954405709897,-7.905339916076542,-25.96195416321143,-14.036846305467861,,-3.455585098829715,,-15.14419344371845,-16.51717606260172,,-19.556383405681117,-27.12078618114674,-21.488634340200406,-24.11891568653209,-29.17757389341341,-17.082540371777213,34.90454558922943,-21.060387319725578,-17.071985354759818,,13.065500312142376,,,,
2024-06-13 11:17:00,19.851009616226065,-6.112324592389996,-5.715235982492231,0.9738267583131801,-9.32065157220768,-1.7024067625790167,0.9120881927042319,-4.947257742231386,-4.0443403046729145,-1.9009909788376262,1.9844771219261474,-11.263995188174249,-1.144671979074701,-8.256574624963605,1.2177439636097915,0.7151025435111933,-3.46724714924801,-7.858687519917595,-26.228612858654515,-14.066614989287245,,-3.3618291705608954,,-15.183267172089927,-16.50195004708212,,-19.646853566658137,-27.25358843774302,-21.862071635526263,-24.276205412500076,-29.436497378018885,-17.221529602568353,35.05868206999685,-21.33040296058539,-17.236802048425943,,12.914366712473111,,,,
2024-06-13 11:18:00,20.767921559032402,-6.537860009247652,-6.115323954838914,0.6654922807274488,-9.662788308897689,-2.1917035306898924,-0.25273865000144724,-5.676555109511128,-4.325217698042707,-2.175359074743483,1.661891928483783,-11.862779706049423,-1.4982628754221423,-8.487889592996453,0.7786538155712606,0.24949893752523167,-3.916774622049388,-8.152834218717885,-26.671441531633036,-14.865812528577408,,-3.8107604275330687,,-15.509162951301278,-17.105710607961555,,-20.291054641826122,-27.68012027896475,-22.44198833934115,-24.82643438323157,-29.82164317340539,-17.704447756487298,36.04512280594031,-21.81728099752354,-17.523351095618864,,12.732220782062655,,,,
2024-06-13 11:19:00,20.504423502424856,-6.760159315954297,-6.310686039074426,0.07418596990078186,-10.215866853188118,-2.56668457178273,-0.4654365097983373,-5.177807234602142,-4.864719421618929,-2.738867624934528,1.7391126671595885,-11.497119977221246,-1.7629487373458232,-8.888860767174037,0.16120276562878644,-0.3138490275952108,-4.490482167305004,-8.57282157530824,-27.109392921058998,-15.44832160452006,,-4.367951012228332,,-16.01387794854918,-17.629911325695957,,-20.546098302525934,-27.89036607451908,-22.575785489378177,-25.010844115027794,-30.181908271307748,-18.24941609227244,35.230446888016786,-22.06405901571202,-17.930796677123453,,11.79516921489278,,,,
2024-06-13 11:20:00,20.252577448463626,-7.091775191396664,-6.547245944776023,0.14498845933530902,-10.325619959719006,-2.9448068385217994,-1.6924753706907723,-6.16514843786581,-5.141803889395305,-2.84015610653546,1.2201731324146294,-11.842891692041121,-1.9930281198830926,-8.994875882814313,0.037920961324743985,-0.4727919849627824,-4.743455334467399,-8.773676811732344,-27.461706109260376,-15.32916357727845,,-4.629394159935828,,-16.092853369158547,-17.59568876363619,,-20.330341078676156,-27.807697057165115,-22.24340810908052,-25.201018601283522,-30.27042796693968,-18.28803935385713,34.92051286082096,-22.45251429425616,-18.18607935408022,,11.537039215948994,,,,
2024-06-13 11:21:00,20.01799192740293,-7.194611585431176,-6.715461927070464,0.1673669566132503,-10.619292243745122,-3.251437126453766,-2.5436447966735614,-6.768714522383107,-5.117969966031751,-2.892508943220946,0.6429846331468525,-12.369272054157591,-2.0640316677115607,-9.380221003211545,0.07779660152732504,-0.91338977855753,-5.0077104731888085,-8.850678338708633,-27.694125410037486,-15.119699572812351,,-4.483310906050292,,-16.125191106000784,-17.591370741788523,,-20.75778125196257,-28.214964404351576,-22.689037677709166,-25.496917715408927,-30.684629830007907,-18.17170194310438,35.0763199686869,-22.699282481893533,-18.313718677385395,,11.543289700727087,,,,
2024-06-13 11:22:00,19.08436107420755,-7.110412084286054,-6.440818657806176,0.028863515147122598,-10.848707539180396,-3.62160560191262,-2.1578831163405994,-5.984641866536322,-5.029151496286431,-3.035137587093004,1.1283182370189024,-12.013569971958077,-2.497605402075351,-9.31661797287029,-0.0251048613522471,-1.3576115944111962,-5.1299699455997825,-8.941966611522645,-28.03500585586039,-15.251526009672943,,-4.483310906050292,,-16.20584270718973,-17.68999600966299,,-20.843781763386687,-28.200902768527158,-22.825465804911346,-25.487746797681666,-30.729917781815857,-18.28756086679823,35.226072119054834,-22.833638298004644,-18.660284455544343,,10.782236957027408,,,,
2024-06-13 11:23:00,18.66285710674765,-7.317706677938986,-6.391591715155755,0.1959386644582537,-11.10249318189085,-4.0584919030607125,-1.4886726795787126,-4.845977814909702,-5.1073550367198095,-3.136608385789714,1.538276511857248,-11.700578206376122,-2.4963811284396797,-9.293563761226324,-0.1863389756865672,-1.45142320003049,-5.325585247707409,-8.93590846190881,-28.281305749627563,-15.498095267800636,,-4.526600061094996,,-16.210050612286977,-17.796682171466273,,-20.96760168308765,-28.32931918385202,-22.85127900046382,-25.729100260351515,-30.98026847972369,-18.461591872036934,35.28002202443918,-23.148253734851096,-18.891902656890124,,10.6878738345697,,,,
2024-06-13 11:24:00,17.5389578464617,-7.951838995651087,-7.0409647063825105,-0.49476746674235983,-11.601446639119331,-4.832200101290141,-2.054023202664439,-5.825658466173991,-5.750270549055131,-3.6625871098681273,0.8140458125897112,-12.138714477041503,-2.9773113015589843,-9.942251724703738,-0.7762793925990081,-1.9459836070509482,-5.910602457875825,-9.362013787486092,-28.83016790452757,-16.118658593692544,,-5.238866818904853,,-16.89103250723656,-18.37010290624312,,-21.442887912942297,-28.72340153226378,-23.17370480980935,-26.14956137627405,-31.311546632785394,-18.96775795244639,35.226072119054834,-23.515430034577776,-19.27568237051696,,10.191154478670228,,,,
2024-06-13 11:25:00,15.672746005327099,-8.035473978328355,-7.666555997051546,-0.5534648321840905,-11.956334289305005,-5.148308301737643,-1.729874620141345,-5.489534959257298,-6.061790179680429,-3.9442566811478628,0.6610009835439996,-12.034861751744756,-3.2697749751539504,-10.217892501154438,-1.2167942957144078,-2.361273069242202,-6.259508409996101,-9.727198757486121,-29.042163268600234,-16.26318246838082,,-5.567045861004317,,-17.190352480417005,-18.559897511659074,,-21.48810929279216,-28.70932789737344,-23.209498708143656,-26.324751067787474,-31.4830243093852,-19.21500724415364,34.02724199301633,-23.31321816266359,-19.475996979465663,,9.36103383228999,,,,
2024-06-13 11:26:00,15.325197762839025,-8.170769481899242,-8.04594456230052,-1.1419664840332189,-12.19870899708485,-5.342113582118714,-1.8745553224059677,-6.615494257284354,-6.495246109053824,-4.13940001273977,-0.17119969551390568,-13.152894607222152,-3.50999574108414,-10.643735899688181,-1.4376979065341402,-2.744009550169153,-6.3949054919830814,-9.988856176171566,-29.33575006788533,-16.336384781043307,,-5.9113810143517185,,-17.466303068407342,-18.80255201913178,,-21.62524692290299,-28.974109552478694,-23.39228308658994,-26.487429500833514,-31.59955939684778,-19.423338940373014,33.18066188498233,-24.053506805950974,-19.786211113605532,,9.05908904732621,,,,
2024-06-13 11:27:00,14.915488962127597,-8.412342284269016,-8.377779291541174,-1.5468616458649649,-12.597797545040066,-5.666200158334959,-1.5941934186662365,-5.853004442956035,-6.65828526302721,-4.394672665449889,-0.4912216412142243,-13.16017257546173,-3.6637333370028955,-10.877847431911505,-1.5524044654987392,-3.0725650036922616,-6.724107482695899,-10.396564889934467,-29.4034252305305,-16.638092477202008,,-5.996083984577126,,-17.664989457872252,-18.92387537881632,,-21.82504662224619,-29.111336486837445,-23.755202556732456,-26.655380583214992,-31.860599858307523,-19.589238013176328,33.314553375725154,-23.851296393104803,-19.974700640294486,,8.474266826619669,,,,
2024-06-13 11:28:00,14.379502319884523,-8.586549121176631,-8.168199192802149,-1.8598980967840362,-12.79596503432981,-6.0220436616140205,-0.847965051257006,-5.405056894636573,-6.876996218621798,-4.601222661535985,-0.2904979139404986,-12.791842254595394,-3.846883470498369,-11.280681700029845,-1.8506440202868362,-3.4552946577201737,-6.975196671040635,-10.558885141692286,-29.861714104346675,-16.770878690752397,,-6.207044953235027,,-17.704897447184067,-18.92387537881632,,-21.823572062884068,-29.20282133601995,-23.7810237933154,-26.78525183135207,-32.03107789693786,-19.836480089017186,33.314553375725154,-24.210470895298386,-20.309434713535666,,8.021486205356496,,,,
2024-06-13 11:29:00,13.648329250588972,-8.480265768301706,-7.664875460306575,-1.7921797428500668,-13.129529309764166,-6.458903834217949,-0.5147293231752883,-5.571447966634423,-6.865034463001166,-4.785186071839917,-0.20830027686065478,-12.561533267180494,-3.8913206825131965,-11.280681700029845,-2.1796807307380277,-3.805497375407981,-7.219721445060827,-10.520364118605414,-30.17570201314902,-16.76548053592478,,-5.985251333855558,,-17.585173560563362,-18.939128991306006,,-21.84397022340454,-29.262643347704397,-23.917446612950243,-26.98073792362584,-32.22852898104293,-19.639566416723028,33.314553375725154,-24.5995772279648,-20.674599590583284,,7.39262571516997,,,,
2024-06-13 11:30:00,14.10776996116681,-8.551761544351393,-8.087442248795924,-2.2045280229740456,-13.383388443873855,-6.899047833949908,0.2918166709127945,-5.100339455261519,-6.78298267516243,-4.872010347828564,0.25456604856049125,-12.258503814847245,-4.167567450587285,-11.009188730571623,-2.5297549559811614,-4.347033565593392,-7.486915056282442,-10.611887242444169,-30.372259505190186,-17.178208059344342,,-6.291964930579752,,-17.79500856927234,-19.148646079198443,,-21.94303001510798,-29.313681109231766,-24.043919628009462,-27.026649871039808,-32.26317663850841,-19.99921450716647,33.314553375725154,-24.600289821052,-20.77271445420365,,7.273167905669538,,,,
2024-06-13 11:31:00,14.53377657984413,-9.678652296575365,-9.505854362187165,-2.9406093210382096,-14.040735780298064,-7.25344980045179,-1.615298991579948,-8.576813702372647,-7.992276687743242,-5.4248731791954015,-1.2465130210512143,-14.597450774076606,-4.821632485849932,-11.635939077026933,-3.4062776416167253,-4.8597092794208265,-7.974211472325237,-11.399371029050059,-30.776842764945286,-18.472674712920252,,-7.3975949956184195,,-18.83708910979294,-20.170343550493726,,-22.484013308802787,-29.670859841170568,-24.469085682846526,-27.370405559902792,-32.68410076550117,-20.702801435601486,33.31879905121082,-25.02006172528536,-21.17515354249872,,6.68834120298925,,,,
2024-06-13 11:32:00,14.877994770014425,-10.856365029830613,-11.205378406155887,-3.9628191116651124,-14.367232505205948,-7.790302488074303,-5.521452434415778,-12.542300262868366,-9.548996023674363,-6.845363412344341,-4.110851230197113,-17.049833057859814,-5.896871970215443,-12.751371867890157,-4.015432594576396,-5.41215079213066,-8.541453879152414,-12.609012001376527,-31.067921561725598,-19.550397767744016,,-8.777334354729874,,-19.7985736122655,-21.09677870464975,,-23.029421622925838,-29.876716558320823,-24.72140460920309,-27.92210212996315,-33.00006286405005,-21.75377933282607,33.14266258788484,-25.28215600006979,-21.61299378301419,,5.675817130297901,,,,
2024-06-13 11:33:00,13.411405156512842,-10.419785752882035,-10.2663943221105,-3.8918952361023003,-14.21597258248471,-7.822047910359402,-7.470172012639523,-13.181225543363325,-9.014187008123372,-6.799333519970332,-4.7809033848595845,-16.67627871735931,-5.733209789275179,-12.472246490157431,-3.808619115854981,-5.455490782977336,-8.538406183364827,-12.397413750127384,-31.074354640841193,-18.47442600335853,,-8.192514876099267,,-19.288249342341715,-20.3972362380091,,-22.450527733013587,-29.62859083301737,-24.447888764826985,-27.664279877238187,-32.83823488265807,-21.25077325303573,33.18066188498233,-25.28872640339341,-21.661115344665177,,5.229336144214699,,,,
2024-06-13 11:34:00,11.902669124084127,-9.281226417856487,-8.748032739628798,-3.1496912501106635,-14.298361188982426,-7.864686917588529,-7.803460017360294,-12.068855978841611,-7.468275320281236,-5.780704538846521,-3.023792400190814,-15.297710254800677,-5.193113528847334,-11.740345371896638,-3.044777749474406,-5.480781207251312,-8.413102822309497,-11.14315462761789,-31.089737301941796,-17.4744960449907,,-6.780448482197471,,-18.18465499493641,-19.477977548670424,,-21.956278841002586,-29.500148345984144,-24.32405965353928,-27.539631208668652,-32.76793509653544,-20.373401686906163,32.70807581445456,-25.6610365706631,-21.763251655793965,,5.380303629697323,,,,
2024-06-13 11:35:00,10.129675942450831,-9.191225494971604,-8.72428073263427,-3.1421470738218886,-14.9043937220315,-8.304850639187066,-7.2761386663135,-9.392514028685582,-7.4722701734785915,-5.788021977684366,-0.9207216905408586,-12.691481593121352,-5.635664204520253,-12.144038457170154,-3.7355906017405687,-5.8743239877622955,-9.029213489597623,-11.362255853083468,-31.544087626771898,-17.757223596412587,,-6.872449707148007,,-18.54556083456464,-20.039909907094625,,-22.50014562399656,-29.793085344558676,-24.6538393667106,-27.824991604251863,-33.197531852438715,-20.659284431441847,32.37784938241157,-25.9391917425703,-22.464108010710106,,4.3993206264323135,,,,
2024-06-13 11:36:00,14.25041108551909,-9.078366182255195,-8.722488115640772,-3.0098430643920437,-15.14146228048844,-8.65928401369274,-5.044351774500001,-6.970450583833326,-6.999657017076743,-5.226583631620542,2.3244224816976384,-10.784713756183919,-5.447467426810363,-11.82508667041111,-4.2394458537064565,-5.84905309842361,-8.89036693851267,-10.80524985828768,-31.863145743266386,-18.839034128943695,,-6.770537694346785,,-18.31476276066678,-20.20969956818044,,-22.536474241111137,-29.594389769031295,-24.459165040834705,-28.06518783162801,-33.49135724268626,-21.044152499237953,33.69451401603624,-25.956021728371752,-22.76939574854441,,4.682266464034683,,,,
2024-06-13 11:37:00,14.356299595699511,-9.134688223203739,-9.044557736857769,-3.64360238091831,-15.680351026172048,-9.027931700011209,-4.04867917523984,-4.9135725046173775,-7.2501152374643425,-5.406762638239115,2.7542758792988025,-9.341080860623151,-5.846880229317549,-11.817453437359973,-4.440040379552329,-6.48093058487234,-9.390820250783236,-11.144275803619166,-32.292062021538186,-18.666292774839803,,-7.033693938140914,,-18.591587478009387,-20.399548250411044,,-22.61668235803336,-29.792437129094196,-24.747948489274677,-28.494968053998946,-33.8054167787559,-21.002179981753216,34.02047084737683,-26.487529820929012,-23.3112796000853,,4.336462220690009,,,,
2024-06-13 11:38:00,13.455547509184271,-9.709419501959928,-9.69045648468682,-4.495587447274602,-15.989177304960094,-9.308830093586494,-5.006537841038153,-5.867845794771483,-8.437759626013985,-6.348972677087431,0.9947842824724376,-9.608758361393484,-6.651484041619597,-12.646169059886233,-5.0291059309859065,-6.827524766605052,-9.951876362670191,-12.057148841913403,-32.424840150472846,-18.704969903169967,,-7.911620025969114,,-19.382081012988692,-20.96439132915748,,-22.871914965746328,-30.123934178630407,-25.261770503328535,-28.60889292930233,-33.978765132509125,-21.302394922237,33.376077106500816,-26.575808917753648,-23.547846565887312,,3.770487584758939,,,,
2024-06-13 11:39:00,13.679371453710132,-10.872763354083872,-10.589572281072378,-5.278349527547334,-16.547565876207273,-9.84628405546107,-6.702313209821568,-8.459523603211665,-9.728129598432133,-7.303833706334672,-1.9502690532497127,-11.699334005614674,-7.234090546493235,-13.501201901713785,-5.842062801774091,-7.239257532587317,-10.386932961151729,-12.597109287650426,-32.9430693538327,-19.81346343835321,,-8.9848962005658,,-20.203057381694634,-21.636202468207557,,-23.376509966509275,-30.33075075332181,-25.39435629323134,-29.07831566883442,-34.41527452507671,-22.036426793002192,34.99939556895151,-27.117689309626257,-23.964150023752836,,3.5314956637512296,,,,
2024-06-13 11:40:00,13.906065862944956,-12.109145157818148,-11.650282362779762,-5.460650348918307,-16.4873667097454,-10.031953738356151,-10.794026226058804,-13.355289717921323,-10.400445229723118,-7.833611378513297,-5.315488954123566,-15.488538100164078,-7.554994258979605,-13.818495770506388,-6.080899546492219,-7.654472676168325,-10.440685778845818,-13.069991490466066,-33.028598408514654,-20.537830300434052,,-9.619637209037819,,-20.701159833197835,-22.107103557923892,,-23.741133488901596,-30.606221137374177,-25.857977341774586,-29.282118881737006,-34.57804947941713,-22.57304724550795,33.47045693109726,-27.221293561374296,-24.13984580416627,,2.820705945242935,,,,
2024-06-13 11:41:00,15.299464457938825,-13.07322374226942,-12.622300924030696,-6.074048779014447,-16.975969947622843,-10.677534837192411,-12.344034480632217,-17.09686606875175,-11.302123940698038,-8.519554510914077,-7.58951285604644,-19.888690236854927,-8.020559562595281,-14.187940787962134,-7.140430290858831,-8.09517810279715,-11.055259820978108,-13.854419411595984,-33.52903828125477,-21.992081399611834,,-10.538828047399193,,-21.298883197423038,-22.884198217233006,,-24.35246191205306,-30.945980986057293,-26.366139580060462,-29.740521388134766,-35.149556938789374,-23.428893600797892,35.2596970551358,-27.5836595649871,-24.727068917770566,,2.9401716265775804,,,,
2024-06-13 11:42:00,16.652283605258503,-13.666010867888872,-13.283331401581108,-6.425543641235208,-17.437941579310518,-10.992222571330672,-14.606863766033484,-19.276983185510062,-11.32738102908138,-8.649360590708739,-8.312027909551716,-22.88288019903166,-8.053755843999852,-14.091662601277449,-7.493087887311503,-8.431108961023028,-11.34375189858315,-13.890045864662682,-33.655419347634734,-22.958843002969388,,-10.956686807729284,,-21.55479995832775,-23.160002879929834,,-24.335198272050093,-31.080922020577418,-26.03527744497478,-29.9892559942964,-35.23827549671705,-23.8407627135648,35.413803297474715,-27.547228458371137,-25.14728628399598,,2.436872637597503,,,,
2024-06-13 11:43:00,16.994904564618082,-13.427629410944974,-12.656310723013576,-6.126239279425818,-17.52386386442322,-11.171864823324427,-16.233324354054048,-20.18487108431009,-10.174463216018466,-8.1546832897875,-6.73653867064877,-23.133113281046008,-8.138045313681005,-13.65826571187722,-7.489969495102287,-8.49976259329003,-11.490506461115046,-13.596251580864305,-33.83673527453584,-23.243963652031653,,-10.450733051796533,,-21.0901601316109,-22.967792915950668,,-24.325150997332912,-31.132089852819263,-26.081648069121457,-30.12131282796645,-35.49756765995744,-23.8813240599693,35.968041865415444,-27.869259990640103,-25.34858496140305,,2.556436174638634,,,,
2024-06-13 11:44:00,18.08537443571913,-12.841022257485747,-12.01268863811356,-5.8388205515204845,-17.83114616619173,-11.453574016599305,-13.91061908531401,-18.334899210398135,-9.184408973819927,-7.287896083044188,-4.0982619126616555,-20.967088124027214,-7.834123852289849,-13.126339747506108,-7.4783815825705915,-8.521593246364091,-11.596440768821935,-12.902352226571566,-34.3615138299549,-23.167730758857488,,-9.816529066641124,,-20.48111048679357,-22.547654663359936,,-24.28894248748975,-30.988191986234597,-26.185998784916592,-30.371180610306965,-35.72813806631575,-23.523547408527975,36.49034297418143,-27.82635666620513,-25.636396623820474,,2.5186550583830467,,,,
2024-06-13 11:45:00,19.70963936730277,-11.872483058137277,-10.55532504204939,-5.247194044423395,-17.76120688942683,-11.616911543100287,-10.223679311186515,-12.804069057780225,-7.884751265875593,-6.458037291935398,-0.7357813930498196,-15.99399328915979,-7.4186852641259975,-12.3033563326901,-7.176950569016753,-8.449343256678276,-11.461078850531862,-12.064120555183877,-34.232546374195636,-22.670095450914687,,-8.703830029617166,,-19.533354063461957,-21.72489101617657,,-23.876403236421993,-30.66998072619026,-25.784681666087636,-30.115237080166935,-35.69157667488298,-22.837136827450195,36.74788300161822,-27.990621953701975,-25.933816722815436,,2.3175031799069075,,,,
2024-06-13 11:46:00,20.00214332837504,-10.93894234263189,-10.46480554909931,-5.197532625003305,-17.915214698831505,-11.818869225727553,-7.54839325130888,-8.333036701354104,-7.383120205341129,-6.115841912261203,1.1237105736183821,-11.035512154743174,-7.549586591392199,-12.480691495419705,-7.322316292604455,-8.828548052151518,-11.898140592986124,-12.060145306007342,-34.49682437553611,-22.036541821139508,,-8.364512429070828,,-19.214689394611014,-21.43261065351544,,-23.545234914398407,-30.7015874968165,-25.68389806358755,-30.117303449664632,-35.71855760870312,-22.4549100387444,36.88160031921029,-28.33451843377452,-26.049692464653845,,2.1918291647277783,,,,
2024-06-13 11:47:00,19.740887235505056,-10.387830269252845,-10.091398629502237,-5.295429112803959,-18.351570778992254,-12.471863176432976,-5.175031297162377,-4.719531645137522,-7.219938297798308,-6.228620463856032,2.0984741207776096,-7.38558262781271,-7.864896307229856,-12.501120547570054,-7.7936224699633385,-9.280008569036795,-12.209597362844875,-12.017629895060537,-34.82875552437804,-21.758392784479838,,-8.245513190217707,,-19.096657876538302,-21.421617948994026,,-23.329229912561004,-30.578447987816617,-25.87475792645273,-30.210461600812778,-35.735959140730756,-22.11506604003671,36.88160031921029,-28.760945228215405,-26.658428050177008,,1.9214409558940133,,,,
2024-06-13 11:48:00,18.965066267262728,-10.382102919278168,-10.350630215249566,-5.549960403302066,-18.447182495730658,-12.768993212848613,-5.613683118173412,-4.942243597223751,-7.502654494405306,-6.34139919389213,1.675095648825618,-6.76659048071906,-8.287232472515598,-12.925468295326937,-8.083452215048283,-9.63393620734928,-12.648260471436174,-12.306079900295543,-35.13391654844645,-21.757743648435735,,-8.44407395633175,,-19.21740430974205,-21.417954409551385,,-23.546666560439462,-30.698304930710037,-26.01924772494658,-30.408070124858114,-35.71767895979019,-22.076403013032632,36.88160031921029,-29.082997322509755,-27.059971629251322,,1.1604750040314684,,,,
2024-06-13 11:49:00,19.544007098668544,-10.257078023085342,-10.086287562448433,-5.596779754831232,-18.815528498249478,-13.079026454800783,-4.576714453719433,-3.322802073538014,-7.491271564367025,-6.2296103896987916,2.2790488661116797,-6.944442519677523,-8.423962561206281,-12.930735931442314,-8.39785019944702,-10.002402785182994,-12.868409434268642,-12.399866597317072,-35.24505353074778,-22.10507235599198,,-8.493403116451418,,-19.087556337254682,-21.422996785930536,,-23.752681742560526,-30.695037024940575,-26.21280421553729,-30.49615693618489,-36.06756918091969,-22.213035110321925,36.88160031921029,-29.502988261311657,-27.584385747789383,,0.9089259177591202,,,,
2024-06-13 11:50:00,20.13278414596357,-10.1769872472114,-9.961876813034905,-5.854752178770923,-19.006770595847684,-13.668600287278537,-0.9616883519101975,-0.765678731231219,-7.408024921551032,-6.162641999025482,2.90053662550622,-7.220280080568045,-8.432024211075486,-12.978455629368455,-8.497774618828771,-10.450307886075393,-13.233721507573136,-12.349419159511456,-35.46213551636947,-22.338375137851926,,-8.45059682526903,,-19.135697802518735,-21.640738900762244,,-23.831686181311397,-30.746266698629825,-26.321666531011942,-30.744973444288462,-36.23816780567131,-22.41146828600131,37.08519793348387,-29.659961606565275,-27.991791355644295,,0.40582857989943477,,,,
2024-06-13 11:51:00,20.178500560047837,-10.181864197769755,-10.407452996155826,-5.961746139666502,-19.296191689995567,-13.99275172521061,-0.055995577779413,-0.7742870919914822,-7.535668719412797,-6.21569144991804,2.8189554253156075,-7.601364031144385,-8.863569383245476,-13.239159072317307,-8.706901703400035,-10.627278291368611,-13.638136495329263,-12.654221900355083,-35.56807140670753,-22.344004523736203,,-8.495834998047258,,-19.297342718087293,-21.70578158085982,,-23.831686181311397,-30.78768314706258,-26.525009341251916,-30.752115723291354,-36.23816780567131,-22.41589412838084,36.42490563259935,-30.18347989546487,-28.387474205319904,,-0.04062746129829975,,,,
2024-06-13 11:52:00,19.19878226288563,-10.05833104036219,-10.40225320150148,-6.3051279934147715,-19.615791925453777,-14.424954139017473,-1.1427093487232014,-2.1949881337866373,-7.8830892332684925,-6.700094580722634,1.8357777415494638,-7.874223334404178,-9.310837202220682,-13.721156268774621,-9.17281515919285,-11.183471497307437,-14.067002193685198,-12.846918606312641,-35.70858936583272,-22.24793356680084,,-8.829386921949663,,-19.472569658052635,-21.724051102690737,,-23.924942130639465,-30.998011011503422,-26.690029086259074,-30.991707702035455,-36.319114893476126,-22.372798197669454,35.456487037535,-30.48374026615852,-28.910760569418017,,-0.4242795930558714,,,,
2024-06-13 11:53:00,17.864022394465223,-10.503222921098768,-10.796290590676108,-6.698156917387905,-20.192105175869756,-15.046246102474015,-2.165416993695544,-4.15104408177217,-8.283812005965501,-7.128607820751768,0.8053747374394788,-8.769545888188532,-9.78780496416016,-14.075071547360722,-9.613334627122185,-11.55198506768636,-14.52525740309568,-13.104800809967173,-36.00224969110923,-22.248540024581416,,-9.06570058076636,,-19.67050824737771,-21.92136315216476,,-24.20950278430155,-31.20398464885602,-26.78010312582046,-31.000936490366257,-36.47144235814403,-22.5966653722935,35.08836484654762,-30.73052968747129,-29.386050903051,,-1.18525920299453,,,,
2024-06-13 11:54:00,16.87018869557494,-10.880062741939128,-11.13170036751626,-6.963201075002644,-20.52582010363858,-15.34338615119475,-2.054693506631338,-4.694960729414333,-9.000411904771454,-7.557115865109381,0.22867674506937874,-9.68318042227429,-10.12254698587276,-14.556302411979232,-9.983899339988056,-12.08290896144058,-14.9525547247855,-13.687749372322145,-36.27808050690237,-22.489911478916838,,-9.570988935205605,,-20.050063683553617,-22.297719115693326,,-24.359886713646574,-31.455731449432733,-27.084269424630293,-31.333689558337937,-36.59764755255446,-22.75134235358746,34.43232310649955,-31.14969164069271,-29.87305033487928,,-2.0847104514771218,,,,
2024-06-13 11:55:00,16.683049668624335,-10.812057445336904,-11.195532675383674,-6.999581881252652,-20.486057735241275,-15.604140528302992,-0.8581179707728097,-2.2830803591316453,-9.239600156328834,-7.549938348432988,0.7309867291467071,-8.98505613817315,-10.4778581864648,-14.760228786253037,-10.337574653502998,-12.335730107334712,-15.259099817504307,-13.76928973756847,-36.31898414115881,-22.718231896963516,,-9.684955395117868,,-20.0946133764146,-22.43513308012507,,-24.446026235617865,-31.474267824248727,-27.159224636619,-31.282496697126135,-36.56109954536987,-22.92979440828185,33.948089677421876,-31.217719290957348,-30.196169589513033,,-2.3111077021044366,,,,
2024-06-13 11:56:00,16.24308706329589,-11.18320811151807,-11.50119987088965,-7.5660789781582025,-21.0739892913125,-16.206712445739413,-5.398279414947638,-6.69994402077532,-9.637947045466035,-7.651687709686939,-0.0021229381168268446,-10.187562060184518,-10.82290435478103,-15.155881394120343,-10.752751132886033,-12.725997715686503,-15.655448376380832,-14.057830773806813,-36.665103498817416,-22.97769564596865,,-10.024341756382682,,-20.415178534391544,-22.655860525377193,,-24.57594808906333,-31.671549948066513,-27.32694933800667,-31.584629374881843,-36.73085694414749,-23.111987083850636,33.948089677421876,-31.338369165151562,-30.629361841008176,,-2.632014961012487,,,,
2024-06-13 11:57:00,15.842147850662514,-11.379713272883691,-11.978767869531566,-7.761902730203019,-21.27936152847974,-16.710617712111798,-2.8456465648689573,-5.755582412591366,-9.87718178444129,-8.039328680646122,-0.5043798379062991,-9.958441909273915,-11.005189989174596,-15.3461724976396,-11.053423576975547,-13.325671552177937,-15.991420579170722,-14.30785642644392,-36.78520683825559,-23.206050614284322,,-10.338608614012855,,-20.49786375108033,-22.85759678608065,,-24.834385283762458,-31.699938614790426,-27.613337381502333,-31.619461623798998,-36.73956841283507,-23.30162982316915,33.89411702866482,-31.473551192828836,-30.927905850759316,,-3.173239054588066,,,,
2024-06-13 11:58:00,17.040653783629182,-11.322705819851308,-11.568603400483426,-7.648007272080349,-21.421382777313283,-16.822297047133134,-3.039562619537037,-5.095399516628049,-9.384597675048326,-8.010709741438177,-0.29604475158248533,-8.737638844437697,-10.967983734749168,-15.138687646464632,-11.044338732486267,-13.376622754021241,-15.927978752184686,-14.226868243870996,-36.82875624540566,-23.25241146513781,,-10.021927494254669,,-20.13028690213696,-22.547863761536064,,-24.777881171980425,-31.719648863240764,-27.356603114441896,-31.57670897077287,-36.76401637505842,-23.27637634439725,33.948089677421876,-31.497123767073617,-31.17265169335144,,-3.280218278867551,,,,
2024-06-13 11:59:00,17.160431346446217,-11.175662422047935,-11.442245284137243,-7.801936994086191,-21.82264621306831,-17.20414545547044,0.057748798090642595,-1.8788693703338595,-9.227154407925354,-7.86090202019318,0.07754419873617735,-8.552133228947241,-11.246080357043184,-15.20781331893454,-11.386640198122223,-13.75984944828133,-16.335850936578595,-14.102712971036368,-37.068990872294535,-23.377952756950435,,-9.957447570153363,,-20.177672249219995,-22.621884121237144,,-24.918445639886613,-31.776475525364276,-27.70022252375611,-31.946470435565516,-36.86156592841189,-23.289858422660018,33.878135973735425,-31.685839521816433,-31.53333750155616,,-3.5887152740991723,,,,
2024-06-13 12:00:00,16.848481357026913,-11.264919641057986,-11.438377323218447,-8.510678587932262,-22.191231902060736,-17.703433242052824,1.7472699374945933,0.08544260766052503,-9.53442597789035,-8.234368079441083,0.1984937497509236,-6.944655821023389,-11.641652696139545,-15.326258532892552,-12.049633002967994,-14.348952842257518,-16.81715075015427,-13.978534683308283,-37.37689632101137,-23.738740416233213,,-10.291945459609224,,-20.404003301684952,-22.900568865630703,,-25.038569146599002,-31.887791437235137,-27.78603268544839,-32.071620886362325,-36.913871694521276,-23.519053096593325,33.77621878809168,-31.986187184339997,-32.02165411498413,,-4.060896916169213,,,,
2024-06-13 12:01:00,17.175453315241043,-11.798792832878462,-12.387898106386274,-9.111149737764435,-22.445533343011903,-18.283793222818076,0.4851679099424473,-1.9641979727143735,-10.151422527182376,-8.86732021100238,-0.8665506130214453,-8.28681634719851,-12.135187630539804,-15.869291492145976,-12.601186212916673,-14.695868121731223,-17.3539062881664,-14.529685438401202,-37.61451872825319,-24.461486385850094,,-11.05823718928832,,-20.991046764003386,-23.42642972008889,,-25.451787323129793,-32.08514414273668,-28.07521715239909,-32.34613531273817,-37.0836906568079,-23.99235337923801,33.74425633365399,-32.25568916441921,-32.41156362461106,,-4.740474284233187,,,,
2024-06-13 12:02:00,17.772840794529657,-11.601274929031206,-12.214487827903213,-9.364462292228609,-22.636880588592703,-18.44122874533116,0.6962995629517081,-3.1463753181158154,-9.849377075712482,-8.79668128289859,-0.6811766614819135,-8.769059772120272,-12.145492896888982,-15.791234061650357,-12.458945270973345,-14.789921748946654,-17.360392088275148,-14.775901530361665,-37.70263344126556,-24.34524816125122,,-10.842079760559727,,-20.737827332468896,-23.180204795523878,,-25.402397676700275,-32.003466618255516,-28.127029835246503,-32.364631184588234,-37.092411825810814,-23.900190815072165,33.23797617216019,-32.360954662573704,-32.55794101507968,,-4.828387348117303,,,,
2024-06-13 12:03:00,17.59643994328303,-10.796505094538588,-11.137723086203096,-8.788616966467316,-22.87958687782725,-18.841824503175303,3.026666907114077,-0.8051575430670255,-9.04178282317639,-8.277185418857016,0.3710551712515553,-7.336823685288891,-11.986813340522076,-15.317368207955042,-12.331113061047063,-14.869329539512478,-17.34241234697754,-14.137792469174315,-37.93760621095407,-23.63278477324684,,-10.056591682263615,,-20.058302341050876,-22.552883331779412,,-24.983555991774665,-31.834552347586396,-27.993265661165424,-32.2807160798061,-36.93920151362863,-23.366800619148762,33.39389432044254,-32.62953609039141,-32.77686718297457,,-4.8784127662785295,,,,
2024-06-13 12:04:00,17.471564083493718,-9.901419051708217,-10.175098395985515,-8.488384166159221,-22.77229101814396,-19.008593899866355,5.693388365480359,1.304809756036093,-8.163922896329495,-7.640998529889885,2.381617664576197,-4.7459145412422,-11.729239303241457,-15.127002282729563,-12.030331442816987,-15.151030951103621,-17.47122518520905,-13.651910009157518,-38.04618971650393,-22.944072032840722,,-9.328969266984814,,-19.538670862601975,-21.971698997767817,,-24.871267201196588,-31.619849486133717,-27.82817571718806,-32.23661751935833,-36.92093351586118,-22.817750255203464,33.21550982437475,-32.79376676580796,-33.208883944787544,,-5.010271254429313,,,,
2024-06-13 12:05:00,17.594599349714485,-9.760671365774215,-10.353172647087376,-8.723429501879764,-23.10608058771095,-19.274105946049872,8.309568893387677,5.275553606250469,-8.298121128944103,-7.659804876291673,3.36308271276107,-2.296027823572331,-11.991986871888457,-15.389257015543535,-12.429289201524625,-15.403899408807888,-17.869153932822087,-13.649938787449827,-38.20195092741301,-22.88977874228658,,-9.341535662570323,,-19.55865660407062,-22.089390344954154,,-24.939761964462377,-31.665635000766542,-27.871861983244344,-32.339028436725584,-36.93048107477034,-22.721027619247707,33.34943366614948,-33.13765644783575,-33.530783519736474,,-4.991179093434198,,,,
2024-06-13 12:06:00,16.460997143510212,-10.1491454151992,-11.158270404284849,-9.183057772549546,-23.65691045136282,-19.814458541900876,7.647813726736786,4.984537023161238,-8.944759021761683,-8.152663741281458,2.4723009696974714,-1.6511300406305054,-12.399980741722402,-15.982948249356241,-12.91689804423504,-15.761455696498501,-18.278584226812654,-14.229230916994823,-38.39865172692953,-23.28843513153788,,-10.058242315808002,,-20.236301626595832,-22.625294417377972,,-25.27101680753185,-31.711420560623083,-28.240304905461016,-32.5182478273191,-37.074144686023374,-23.01489910805094,32.51726474227189,-33.683893765925404,-33.85981360669393,,-5.50706136881297,,,,
2024-06-13 12:07:00,16.63395509959753,-10.683845484772974,-11.759430117960164,-9.49512196142291,-23.715286231150912,-20.07997822181642,6.184475996352148,2.906207952973091,-9.754640922820954,-8.637741712168236,0.8291768771237003,-3.6732776208436917,-12.626656384191165,-16.330102302849127,-13.206799123626752,-15.960210566345722,-18.405942171367542,-14.56037195574362,-38.48943858683219,-23.566596720329017,,-10.552787223911082,,-20.51422314849333,-22.90230856698281,,-25.53517662450531,-32.13648769875135,-28.64971249676273,-32.65336455468923,-36.974911101754515,-23.2774817189852,32.139154420273826,-33.51242505827145,-34.03663906068152,,-5.570112495195531,,,,
2024-06-13 12:08:00,14.802366197764854,-10.030975582198153,-11.155998598288079,-9.762883466562016,-24.01176820523824,-20.620335623802475,7.333217637868756,7.232585042951541,-9.699411966183334,-8.918476448151978,2.0352159843075697,-1.3958179797114099,-12.998564152751214,-16.684755312983498,-13.365869600695305,-16.216616568876702,-18.65204335111048,-14.905222405831978,-38.419122861554115,-22.956995929084314,,-10.582839775961475,,-20.509534752102354,-22.939450495256096,,-25.562667111004885,-32.103702071933185,-28.801236064861314,-32.5836615503913,-37.011446410906046,-23.454443172259744,31.632957894571064,-33.960634412304216,-34.278845401178614,,-5.95989916193696,,,,
2024-06-13 12:09:00,14.480549568532979,-9.463843679411639,-10.717895482812764,-9.43660007269068,-24.17986411948732,-20.74236550069861,10.30896562592352,10.493770173350185,-9.423492711364133,-8.544967013991482,2.7505731899120747,-0.11619218284249655,-12.711102082684647,-16.297143800829417,-12.911970461588453,-16.28133681285624,-18.70889153773419,-14.35799992006568,-38.695045509805595,-22.162944159796098,,-9.959107636802628,,-20.19951417737002,-22.333979339318375,,-25.32741878545812,-31.920567260490316,-28.653927819609635,-32.56730811962325,-36.88522430593548,-22.703781258197978,31.250799456876166,-34.09585818745927,-34.57161257465589,,-5.82709491016692,,,,
2024-06-13 12:10:00,12.507342025209596,-9.740799656909076,-11.03149342947745,-10.017691783325972,-24.67711091044589,-21.161576860694822,12.122000026223759,11.14667682932577,-10.297649938430368,-9.573881888505412,1.2576672900343056,0.2927013926341715,-13.547575811328443,-17.21863088557302,-13.578436384453653,-16.884669583993286,-19.216173119785026,-14.94245016529078,-38.54283983384926,-22.20025758189513,,-10.51803772904168,,-20.53269139503709,-22.82648225082812,,-25.753231351010527,-32.358618752090024,-29.17385505199036,-32.737949079283226,-36.76149924795163,-22.99525983721469,29.792327389800903,-34.220964722424014,-34.80082037654961,,-6.777694377156422,,,,
2024-06-13 12:11:00,12.572888361915943,-11.485740337242532,-12.692167809052535,-11.056983174538345,-24.961785234453373,-21.624646143752898,3.7195631961219533,0.413795894465693,-12.32802951444637,-11.070202608182854,-4.772690848596767,-6.251610924467968,-14.412902272720885,-18.203063110675885,-14.166591198465994,-17.22398164618562,-19.724876018259238,-16.3984689224213,-38.87750022205455,-23.040975438290843,,-12.084258688393902,,-21.94290143316357,-23.89632042630683,,-26.1832200411327,-32.713755170596414,-29.325364575138337,-32.986848373904195,-36.922590554008366,-23.686195918532576,29.844298180590613,-34.6029707520222,-35.124023463170374,,-7.053718607791552,,,,
2024-06-13 12:12:00,13.588231294988418,-11.202906832523695,-12.359712460987794,-10.923768792865076,-24.646811778609617,-21.30219058716625,0.012807433130319623,-5.7680063786367555,-11.197469708164363,-10.519333257496783,-5.189072935917466,-11.930578290875019,-13.877334457452434,-17.776065488412996,-13.943156455564349,-17.15871671828421,-19.284520221680623,-15.26635152122185,-38.90065265720864,-23.279130559013993,,-11.470318111329334,,-21.06345801006546,-23.097901734302923,,-25.73554397483076,-32.224399664774865,-28.86961501980568,-32.565857630295795,-36.57175093867227,-23.310000670388945,29.309996027643365,-34.56674940179141,-35.20952680913888,,-6.657590633452287,,,,
2024-06-13 12:13:00,13.759064686922216,-11.078142694544113,-12.29735793177133,-10.797119171562144,-25.185753277722142,-22.038354324448505,-2.5307865303418566,-8.143769843978816,-10.761306479941595,-10.290512013574926,-3.6865872022231088,-13.042535331640465,-13.976202741956058,-17.712388862886655,-14.42826310366786,-17.586224328099604,-19.862377677364293,-15.189298315400805,-39.12942019558477,-23.422846374018263,,-11.125924708712773,,-20.80648565648289,-23.029994060425906,,-26.054156481888185,-32.510190973151566,-29.25972513854913,-32.87668769735092,-36.93837579260298,-23.31451796395868,29.20398513790633,-34.507828227344135,-35.496484320120885,,-6.651560602640984,,,,
2024-06-13 12:14:00,14.50932580401286,-10.221805491527903,-11.198601980535386,-10.481108586368919,-25.118104547535722,-22.232127098471665,0.0012504797018664249,-4.116837800536132,-9.736049634155052,-9.80693954838216,0.7704061694726079,-8.36672927364225,-13.66927530371595,-17.236650923860452,-14.517039153023916,-17.831444551609934,-19.867439921346886,-14.602833456089485,-39.16147902374905,-23.052152065140945,,-10.505844879972756,,-20.237238559611797,-22.526617427102337,,-25.733643918265898,-32.145152810959644,-28.662060554415802,-32.646261899963065,-36.59457972215387,-23.127264033776555,29.25413228198181,-34.64403245181256,-35.625429743216955,,-7.085611160120379,,,,
2024-06-13 12:15:00,13.282240595665598,-8.955607852194134,-9.95368630693929,-10.220009266136685,-25.42632634785332,-22.616679532639182,4.275645277802141,2.6260391974105914,-8.681045951274882,-9.076029432738096,3.972428367600969,-2.4513230148113507,-13.480641336876943,-16.63675011461737,-14.252827448397966,-18.065461002224197,-20.05444161098501,-14.190097136290063,-39.279809638750294,-21.86389026132065,,-9.644052869355619,,-19.513105145596,-21.780767537553857,,-25.31901005358668,-31.787552918704478,-28.718092774615798,-32.6839250389653,-36.64316097497158,-22.256761749957604,27.823979918318173,-35.112972350879545,-36.09092490914975,,-7.524564107372839,,,,
2024-06-13 12:16:00,10.800448726608465,-8.181113756652394,-9.531103612474908,-10.185023418410083,-25.342287846550562,-22.980990196204175,8.515804802849289,10.9035394065952,-8.935147164078444,-9.083746051059052,5.43894409694326,3.744654378870109,-13.741124393347945,-16.988453523334556,-14.13430309381647,-18.33240650739475,-20.32128024750989,-14.60685257935009,-39.33586818253934,-20.74537548201306,,-9.456190803709887,,-19.648911061401577,-21.727815217486295,,-25.282818035774653,-31.91262404579993,-29.236806670457554,-32.635548315118285,-36.51693819399907,-21.82371733915761,26.54175286220834,-35.10377616424398,-35.99241966465297,,-7.096568908499535,,,,
2024-06-13 12:17:00,8.374129293435544,-8.115976205720017,-9.978401207694333,-10.715229726964708,-25.685534128830113,-23.545294327492343,9.564635352232244,12.548004179861437,-9.926105470907714,-9.783827924347179,4.67462054036082,6.529091688761582,-14.582462136404502,-18.032171507891917,-14.488964405223442,-19.02499296139092,-20.878846254695645,-15.322402749242173,-39.612623047682064,-20.242514990290147,,-10.086297537155815,,-20.26796812286466,-22.271419328193133,,-25.807449045002613,-32.2721302810869,-29.658487136529402,-32.771360326795275,-36.52030096104181,-22.15707263073091,26.035657873952005,-35.7605223095843,-36.678116844575015,,-8.183793645779247,,,,
2024-06-13 12:18:00,7.340613251787772,-8.84465323528957,-11.032662705888015,-11.237536279372307,-25.907299371099953,-23.92891725726963,10.173496372021646,11.660616114699451,-11.290631275890291,-11.201076023648966,2.2424130391800645,5.465656359961031,-15.240326305129429,-19.132453573780595,-14.659805485886636,-19.410597837133878,-21.182989343035956,-16.189739301299028,-39.83062114652989,-20.05019237765555,,-10.849477252328143,,-21.122948155178165,-22.81502343889997,,-26.118816931455513,-32.5803342913232,-29.994308888388787,-32.84675474495634,-36.46887625325462,-22.250386886529213,24.749920556897905,-36.37080624585883,-37.040573363332896,,-8.943933367599584,,,,
2024-06-13 12:19:00,6.273967980053499,-10.084270287251456,-12.5629859928913,-12.00888262560943,-26.32741108797586,-24.185933863192986,8.033811840940643,8.385739856211558,-12.915854702602019,-12.311536290804952,-1.9594861237601435,0.8620258338141866,-15.830184082197775,-20.457730547500887,-15.00846858958539,-19.767365601719746,-21.626009435535025,-17.439296619270408,-39.810145995093535,-20.4521973040155,,-11.97605789491945,,-22.12950836649634,-23.667624081639588,,-26.75423230045635,-33.144609464990026,-30.67521706292291,-33.01743145017281,-36.4523105489252,-23.0328631028201,24.78203461685689,-36.871517565998374,-37.2710453426439,,-8.767457172064383,,,,
2024-06-13 12:20:00,5.459500574201911,-10.484579144977033,-12.716070421806762,-12.494338382028218,-26.23874098286251,-24.537104534660557,4.931084818883164,4.629600902329003,-13.32903123113033,-12.727366677172313,-3.5739457916770334,-3.3072819149820134,-16.15651204995129,-20.89754984189085,-15.390312355934611,-20.117776613432625,-21.79585488657267,-17.560542910191714,-39.95698893826261,-20.617043568341614,,-12.264127520099692,,-22.36268528904293,-23.818839258058233,,-26.850256343730507,-33.13041621269804,-30.67250768322947,-33.01031315825139,-36.41661828823999,-23.24856538131644,23.791961867453665,-36.624780699303074,-37.42902849769223,,-9.270042689749857,,,,
2024-06-13 12:21:00,6.555993049295125,-11.441263833692119,-13.20959373991991,-13.329396356981306,-26.77082396524861,-25.00095436641527,-2.6944619325172425,-4.45762676486811,-14.202346752171024,-13.349800708898783,-5.91571188416151,-9.793566686835675,-16.88330051961634,-21.400367621277837,-15.96978755393502,-20.623383581675625,-22.267036652789557,-17.933692493103763,-40.10383199584021,-21.02945112120642,,-12.878830503487961,,-22.815496047353008,-24.17532245476241,,-27.359218590099317,-33.41369985670099,-31.032655247334787,-33.31531327508765,-36.632484928187296,-23.73109965425556,23.791961867453665,-36.88699131537737,-37.75801287177251,,-9.465283125003793,,,,
2024-06-13 12:22:00,2.07959475632083,-11.464817027974277,-13.190924150203955,-13.744275633714096,-26.880510767224905,-25.406149695420822,-3.5851729102309946,-5.493357025578462,-14.36178446134204,-13.491555195181945,-5.840926366547137,-12.437575386265507,-17.144720374870076,-21.408434951730214,-16.329316185899188,-21.186559420841206,-22.47561358031487,-18.058763361738045,-40.15098400034344,-20.832760655589937,,-13.063795118584949,,-22.809037079117388,-24.23156013476364,,-27.36063166988879,-33.48118758623514,-31.088662857855525,-33.22929495731887,-36.5515348725562,-23.97356746457217,22.19941697370814,-36.692895511093184,-37.92179658543182,,-9.968294418017535,,,,
2024-06-13 12:23:00,1.4296028078523477,-11.21766175920493,-12.8999107045056,-13.656858837985965,-26.952859814069143,-25.410773169123217,-0.6482625767871468,-1.621552249683191,-13.93064503029018,-13.307604696369708,-3.8158449893951456,-10.491997307445672,-17.167327375565037,-21.203196201764513,-16.360008094195564,-21.146511560302258,-22.476960588325937,-17.7299220330963,-40.15098400034344,-20.79587715312482,,-12.722955519433526,,-22.690158326875917,-24.224258482186087,,-27.188402808534192,-33.32536147485234,-30.918241207544725,-33.10844820622788,-36.46187610597008,-23.97356746457217,21.645129311413257,-36.760005488597244,-37.9638375993959,,-10.20059409205362,,,,
2024-06-13 12:24:00,1.2805112818933821,-11.273970467649633,-13.150778328903925,-13.72470548214892,-27.18156024336963,-25.856130642195353,0.8251953795902409,0.038578697205593926,-13.868581052677428,-13.3302908601554,-2.4868732385530166,-7.812228052595856,-17.165353902807965,-21.195723432365185,-16.624530460193455,-21.569261444296785,-22.842498139259533,-17.81353340544817,-40.21511119076308,-21.024618169012683,,-12.93234345753649,,-22.891671614191637,-24.48285969004064,,-27.359218590099317,-33.33085894503711,-31.047710687161725,-33.284731006844595,-36.604648860705765,-24.14816165127013,21.645129311413257,-36.820891753955266,-38.244981191499164,,-10.156695616502361,,,,
2024-06-13 12:25:00,0.8638072825965537,-11.802002542915034,-13.791394201733056,-14.583235172908871,-27.58297962640563,-26.5670306771824,0.672235723888889,0.4520461742529278,-14.70191450184916,-13.890698013268548,-3.1976355255087583,-5.55343555557738,-17.830717248108385,-21.590682024480202,-17.265060593779026,-22.230840829260785,-23.42687945293585,-18.47987668802932,-40.49991557569183,-21.621185991930815,,-13.619999716305529,,-23.436361461326214,-25.07607649536294,,-27.94301560633221,-33.70683511714515,-31.154011275081302,-33.391370234080114,-36.83710072100257,-24.5970960284958,21.645129311413257,-36.830146657734986,-38.71455511682393,,-11.050722043594078,,,,
2024-06-13 12:26:00,0.9787540559880199,-11.896214349633738,-14.276028223394405,-15.301041135045807,-27.89572897001608,-27.125104661810383,0.44069851729727816,0.3957077997622491,-15.052120864225571,-14.22727132623595,-4.414474442065739,-4.686590671099566,-18.28838338996684,-21.729961989994308,-18.019734148573207,-22.776545199421435,-23.81050154363345,-18.52406589555153,-40.86394626075344,-22.275550551127253,,-14.077584040731153,,-23.688131927734048,-25.275735382727817,,-28.016511830766376,-33.71235667173869,-31.115774965830497,-33.49802646483886,-36.94419981710462,-24.977663238310015,20.690515175510427,-37.36907378207002,-39.00152648139533,,-12.000578328759843,,,,
2024-06-13 12:27:00,1.8090858042676246,-12.563659018628186,-14.687876099218101,-15.519215803438328,-28.437257545915372,-27.507275898083435,-2.5183818076343414,-3.5849731773962503,-15.268349598745772,-14.357283871888285,-5.54582727702973,-6.174617797071278,-18.585420947930743,-21.678350800733597,-18.47084685769346,-23.08077330364449,-24.218616332829697,-18.608677948617526,-41.20133255072233,-23.051095318216085,,-14.418024630252376,,-23.76025961665073,-25.509885976617625,,-28.11334267666234,-33.727757506123,-31.155247455661083,-33.7860327612716,-37.1401494890747,-25.184389286047008,20.466223738055305,-37.4908945665004,-39.36823151963438,,-12.259024615309045,,,,
2024-06-13 12:28:00,1.8629594729762857,-12.99530985086676,-15.155427726959715,-15.982788681644251,-29.125908129456548,-28.204460897327067,-5.68807508490886,-6.625817968801812,-15.530017374929002,-14.690189408822562,-5.765515379542649,-7.55261782122443,-19.11011905118471,-21.874489709117825,-19.07257308379849,-23.807891936724786,-24.790301424773133,-19.026158198400992,-41.4034886058364,-23.65784695782122,,-14.924389679896876,,-24.19011996298741,-26.06267221867938,,-28.667106235270694,-33.876165905912785,-31.466143066512814,-34.185748212195904,-37.43535880630043,-25.742943068386012,20.69384562851019,-37.7996174740515,-39.881360982136584,,-13.014670801389912,,,,
2024-06-13 12:29:00,2.4792709172743344,-13.173981672268837,-15.605011791327797,-16.396902879899926,-29.41079810352994,-28.690170661081197,-8.20506799933105,-8.359117885886235,-15.593489839022823,-15.197219773598135,-5.172862275960597,-8.09762609406016,-19.26627649802367,-21.822384535012134,-19.905610994051358,-24.21335226295332,-25.295110739455367,-19.43989738214387,-41.77917626879935,-22.991325869282264,,-15.29625560157433,,-24.525006622729506,-26.449152478694486,,-28.999339651749324,-33.951627015473605,-31.41562705397837,-34.31318312236681,-37.46943551946242,-26.155232190275,20.88340335067278,-38.03298522377804,-40.19302933907045,,-13.984491182513466,,,,
2024-06-13 12:30:00,2.9350666012705915,-13.364247031660852,-15.790095837961871,-16.6716133901416,-29.92906507424368,-29.275368450283395,-9.095955520404004,-8.448576896146278,-15.516820177722138,-15.135656337287173,-4.752258272524614,-6.929474224011756,-19.42342125340997,-21.87007610591604,-20.20094814518893,-24.73739432567436,-25.648002368509765,-19.398614292612137,-41.94653414073764,-23.320805664038744,,-15.508803172607031,,-24.57745030639353,-26.599543096986963,,-28.986913799472404,-33.97576638896726,-31.205493344500155,-34.401429832053964,-37.66627663963345,-26.300645894355057,20.26132733573013,-38.13831454673641,-40.61339453368532,,-14.651408942920966,,,,
2024-06-13 12:31:00,2.7136585174187076,-13.36919640967426,-15.873347933435525,-17.107952152038024,-30.23272083462166,-29.842207294068885,-11.771418656805963,-7.920975323371977,-15.636380506198975,-15.333401718356072,-4.32588380916809,-5.073294813388202,-19.78660916088006,-21.94591979261213,-20.46011291147329,-25.01649236997298,-26.049863981552562,-19.560364608906298,-42.20475369794053,-23.614234506821504,,-15.641665643580609,,-24.706022759467032,-26.639567353033726,,-29.041577112173854,-33.80814640884273,-31.45106224408164,-34.442852851460884,-37.71864638584384,-26.43786690978186,20.26132733573013,-38.565818317272715,-40.827984172838796,,-15.231167527035154,,,,
2024-06-13 12:32:00,2.457659123257031,-13.38002233815132,-15.933729527518608,-17.51678338446186,-30.566542757172556,-30.116992852964927,-12.378212746917143,-6.9289380210266245,-15.468974201185802,-15.590633233598737,-4.064050494463345,-3.0354945216618034,-19.96823250661214,-22.107758482347663,-20.775088505651865,-25.4106681955829,-26.44655707370157,-19.731720687572704,-42.38099691839102,-23.920722540202405,,-15.624399022142825,,-24.67283386555846,-26.735631607252344,,-29.033328852775412,-33.83230724025043,-31.670732211249288,-34.44504324312675,-37.79881910090808,-26.415783522915262,20.085284146897266,-38.775433101572844,-41.162830151829894,,-16.080689169206266,,,,
2024-06-13 12:33:00,3.0091529586982233,-13.722948207338959,-16.320645032230914,-17.630686440296813,-30.564318799042212,-30.45447294475605,-11.309161479551904,-5.738518383231167,-15.547317228514657,-15.5698085059189,-4.136451742844656,-2.286818840521846,-20.05386921542822,-22.071682532349087,-20.616183133070535,-25.631314633848547,-26.556059985303932,-19.687495973446886,-42.53948856346187,-24.323428595452242,,-15.829297890800945,,-24.777605389275777,-26.72125312129765,,-29.138692342624836,-33.865123131708515,-31.446971753460275,-34.37968530809758,-37.92424906077031,-26.482117789966196,20.26132733573013,-38.85083000781151,-41.25415184710482,,-16.39547067185981,,,,
2024-06-13 12:34:00,3.5379217065425337,-14.229133822009771,-16.69618559315859,-17.97963629147648,-31.166680668674417,-30.80114211809348,-12.894950886301558,-6.101675101335786,-15.788883386079078,-15.737065876052611,-5.421891727227603,-3.30123640281181,-20.235520542170434,-22.24735674526528,-21.07336763029548,-26.094446956239608,-26.927113088918645,-20.060029300649916,-42.65698563554042,-24.883862475244314,,-16.1640994844945,,-25.143180252702678,-26.98843933417993,,-29.28648970796621,-33.91651680000223,-31.59434060273361,-34.40748534236354,-37.941714142045385,-26.69218481670032,19.601167443944632,-39.291714941364035,-41.52233560553134,,-16.84832113365212,,,,
2024-06-13 12:35:00,4.066532681617105,-14.29642533795004,-16.695287286258008,-18.141964876109114,-31.358178639280823,-31.03514966092507,-13.85205371581469,-7.467588230359297,-15.67107364543699,-15.825178986721767,-6.172609152848736,-4.844485409081244,-20.394655217294257,-21.962945536208053,-21.11240567758341,-26.343870906166046,-27.108852706134144,-19.89653350102833,-42.7362338345431,-24.960536746416892,,-16.09838024969622,,-24.99111286602556,-26.84566495168019,,-29.059297395135218,-33.716094138052085,-31.58207644977665,-34.358468440778324,-37.697986325747024,-26.534734550764824,19.271089611630487,-39.12033823838806,-41.619438905166135,,-17.42115198075976,,,,
2024-06-13 12:36:00,4.0628735913459195,-13.840321891686017,-16.186773951200394,-17.74784561042202,-31.617173936290783,-31.278332495262816,-12.193325973777519,-6.58553351776618,-15.123598937579118,-15.529214429825515,-5.355044328737449,-4.645341862309124,-20.263025384607317,-21.636573143442092,-21.05107450960577,-26.72321012244163,-27.18226628605987,-19.51736724439499,-42.874232431361406,-24.79008627647545,,-15.63520266873752,,-24.538245627757533,-26.516355381344056,,-28.85536490089453,-33.497092663872536,-31.404700784421948,-34.26043463760743,-37.67893076773862,-26.311900136764052,19.303282912398117,-39.359901367191696,-41.826743475797116,,-17.710154320902234,,,,
2024-06-13 12:37:00,4.346654298643216,-13.32221935812413,-15.838761003019044,-17.37890612327942,-31.689830157246206,-31.47158003690822,-12.194271135491817,-7.128562970185385,-14.489230360863758,-15.173833964410733,-4.516151664032577,-5.1321167971855175,-20.139965148343435,-21.359020033396973,-21.22953306832892,-26.977155702241078,-27.333142534262834,-19.156442848416447,-43.173498510843956,-24.85451511611518,,-15.297165194057925,,-24.188216781421033,-26.389004355613906,,-28.777358926289708,-33.29795628571674,-31.362454147646986,-34.1482638694838,-37.586838259521755,-26.166451152311765,19.271089611630487,-39.41365986549772,-42.02249357356027,,-17.843048871900237,,,,
2024-06-13 12:38:00,4.4691112934310695,-13.012394755830428,-15.505242910095149,-17.532055100098887,-32.06111345065415,-31.899339498021277,-10.453321131600433,-4.902258973875178,-14.408536721993869,-15.123375354226027,-3.255545404487293,-3.7670283651150385,-20.20220282538753,-21.442907980563177,-21.36617969726808,-27.580670667897152,-27.790542544695995,-19.102593621211867,-43.329248192659406,-25.124762604674288,,-15.347234929283331,,-24.217015944989726,-26.557647964621083,,-29.030630012566235,-33.32216014158803,-31.373401982787072,-34.29706393746119,-37.68529451056611,-26.2228508175981,19.47606296654294,-39.60055216432511,-42.23558307552116,,-18.31528124623742,,,,
2024-06-13 12:39:00,4.128477111508914,-12.972855092912596,-15.869574930556155,-17.87429865963054,-32.35057062788928,-32.11093210808542,-8.187765560580146,-1.4822814703688891,-14.708128068762335,-15.165984937437997,-2.3367010532340373,-0.9758040388560403,-20.568342015281814,-21.746555402778995,-21.711958895257567,-27.880703565065232,-28.004394640478267,-19.310598597212504,-43.408504731035464,-25.346952285699444,,-15.541320751786316,,-24.441836123442954,-26.726326188038456,,-28.960839283472524,-33.27636791252871,-31.370664498785118,-34.27851801352972,-37.68529451056611,-26.281931292269746,19.129913304444017,-39.840121377833384,-42.45444882024037,,-18.8565531595018,,,,
2024-06-13 12:40:00,3.7427876121400914,-13.175550247700357,-16.014899579173743,-18.20147377478952,-32.85988181521475,-32.281772980771166,-7.912781626518154,-0.042906052138050654,-14.908562452369779,-15.49877253928912,-2.172740292780645,1.2173236585435916,-20.61847022383722,-21.780606237282655,-21.89050136011747,-27.939298437553475,-28.168148728295023,-19.569683284710578,-43.578659053443516,-25.406256942981145,,-15.641521837633263,,-24.44972023823766,-26.644233775473367,,-28.60358365844013,-33.02150210001946,-31.206966518680474,-34.089532092599256,-37.69246332879857,-26.097823562517533,18.29696897361464,-40.20057847625549,-42.705321788189735,,-19.316582967135105,,,,
2024-06-13 12:41:00,4.249466662008331,-13.558560823922562,-16.291504451362925,-18.39040202070737,-33.15201355841009,-32.73615384137713,-9.783005551963925,-3.4204644448186627,-15.12769638459281,-15.817871777583605,-3.3636493839135255,0.030861565347095166,-20.786358900879804,-22.104571432959574,-22.096990546900997,-28.085251853918805,-28.366913073097066,-19.475443746838607,-43.74882333487926,-25.95414127122058,,-16.05331364982112,,-24.440601836687165,-26.7261768123376,,-28.83365179896782,-33.12005979469268,-31.097895913863795,-34.17301371192298,-37.672646647044076,-26.26207758783221,18.422008816778998,-40.26157792950653,-42.84021056890981,,-19.645063021389774,,,,
2024-06-13 12:42:00,5.342549771739982,-14.026444308465216,-16.646730029669925,-18.63703330034309,-33.54904419524746,-33.069171783288425,-10.451931265480653,-4.313765215317062,-15.144451399123682,-15.901534882889337,-4.923209779148237,-1.813683412256978,-20.909272347662636,-21.98214717426731,-22.465323543802924,-28.501434125471576,-28.713720468838687,-19.570989862034196,-44.00435246545089,-26.833715145796305,,-16.249272035325475,,-24.597482543165825,-26.93537863457368,,-29.033758311858037,-33.05836266026472,-31.047482390847108,-34.30552729625015,-37.761607159487085,-26.575031786141608,18.736007317984786,-40.40521731365993,-43.10264882790614,,-20.07999131070187,,,,
2024-06-13 12:43:00,5.569205346401077,-14.010037780934454,-16.578983253588376,-18.582847282013063,-33.68441793081524,-33.44751235822014,-9.363569539025775,-3.3299030616230993,-14.92958491368995,-15.63627330378631,-4.535146576168017,-2.1613778896517033,-20.917064306811653,-21.88144854080383,-22.415234757090957,-28.938331174995653,-29.02553041382805,-19.645273529007966,-44.13072797660243,-27.116492131537598,,-16.07720654517243,,-24.467474824400597,-26.903315833434135,,-28.87095130031048,-32.83932859187007,-31.05845865011088,-34.382370704263394,-37.6266149428734,-26.508274480089767,18.62703999336145,-40.710792653101635,-43.277947991218866,,-20.60194423628036,,,,
2024-06-13 12:44:00,6.618285789648098,-13.582003327451275,-15.950916998583125,-18.28886623148719,-33.54904419524746,-33.36643934226868,-8.801982387399676,-2.4815266183065887,-14.29488328257139,-15.165706355497832,-3.584729871014815,-1.4009062722348062,-20.87636430070188,-21.58409166106435,-22.09162775765617,-28.83370688481989,-28.958497257845693,-19.356288900320834,-44.07197336613217,-26.644969349836174,,-15.72491009373607,,-24.008463885981655,-26.351625426600094,,-28.41493186764137,-32.587420643836595,-30.707645826596945,-34.05866143191815,-37.42810779507954,-26.159820507151835,19.47606296654294,-40.72520808099421,-43.22860677557628,,-20.21156644266739,,,,
2024-06-13 12:45:00,6.794231699456191,-13.525872536549741,-15.965281857460468,-18.44450147935754,-33.91345069116687,-33.870768134993796,-6.884271330113961,-1.0210524360145428,-14.427265164990104,-15.407523453647627,-3.4721891966812564,-0.44590237749662265,-20.98461165392473,-21.79648932504324,-22.36772614909364,-29.155634768567495,-29.220237933446242,-19.387145019618913,-44.23937233460447,-26.867911839177395,,-15.709323628555467,,-24.08946271801142,-26.522838997906547,,-28.653216201211762,-32.77628862117717,-30.956158517170024,-34.34264998221124,-37.66158200941163,-26.117456205997314,19.424529185529536,-40.90601349085614,-43.52148547116508,,-20.476130167449014,,,,
2024-06-13 12:46:00,5.943484048750747,-13.661339478999707,-16.476280160592523,-18.44450147935754,-34.427144040190115,-34.21296030706469,-7.835555854781205,-2.487457204418888,-14.592737272411341,-15.49478185273415,-3.0855198722861132,-0.4454803879521023,-21.049560117231977,-22.214361252784784,-22.48490449751148,-29.604045488178826,-29.556542622676147,-19.641448349600267,-44.6301429025541,-26.994447921198116,,-15.953641889334904,,-24.229467161999764,-26.656005540064143,,-28.87095130031048,-32.8864883162737,-31.05172768011562,-34.44511074781576,-37.66158200941163,-26.23360821397864,17.717011333958453,-41.51104308405456,-43.86211772970137,,-21.300763983022875,,,,
2024-06-13 12:47:00,5.242797319292322,-13.909608540040153,-16.651401097616144,-18.511369644881142,-34.24735122593643,-34.541824310160564,-7.065229097338943,-1.7865840784661486,-14.81821278630241,-15.793110118945151,-2.2393590619519728,1.173824132792106,-21.1777322736325,-22.362578968948355,-22.630020448732466,-30.037496461507544,-29.740683769629186,-19.891936391992402,-44.70941294902104,-27.580023104721477,,-16.091511293045414,,-24.313469796260506,-26.641755206072048,,-28.691630951235766,-32.79057333568517,-31.034015540333712,-34.377546893040744,-37.67906765437556,-26.30739781899547,16.82266897006957,-41.713471974769845,-44.117187299960165,,-21.873039022909893,,,,
2024-06-13 12:48:00,4.699634606001268,-13.819734501100811,-16.502359537116718,-18.517142619758715,-34.438932812489156,-34.6678255952819,-4.5480595731933136,1.068777640533881,-14.704547202804633,-15.831904413214033,-1.3785075630673873,2.587337051049417,-21.228849082579018,-22.255457641847215,-22.752833621097807,-30.059350432618714,-29.91093843276178,-19.862172617202845,-44.82692328511507,-29.149666303231243,,-16.088456301056567,,-24.139458273469245,-26.354032549353178,,-28.442526212478697,-32.558605495727534,-30.786985032680604,-34.37977829664851,-37.60681199247165,-26.119722661938795,16.127481997129053,-41.81051579787277,-44.20274652633657,,-22.213120488123877,,,,
2024-06-13 12:49:00,3.860119506190358,-13.700984727775449,-16.631064926953968,-18.453724100925456,-34.602093568706096,-34.839098927164514,-1.0783936428840661,4.481847721454642,-14.826366230526446,-15.904917150751999,-1.2164505702319275,3.321326904210764,-21.039168169520735,-22.24945170300066,-22.79728229230591,-30.34446992113527,-30.028033104144583,-19.989173461933575,-44.83299215275565,-28.41948826500402,,-15.884711467416537,,-24.02846429543115,-26.23391637722625,,-28.32052959692146,-32.59012379594924,-30.662717276470175,-34.39165138685621,-37.59884180736026,-25.823427771393654,15.72683023333093,-41.996255179755735,-44.201135413072734,,-22.438821529287907,,,,
2024-06-13 12:50:00,3.9020649969496617,-13.638833319832429,-16.511331049738146,-18.414525575270318,-34.515360416164185,-34.91595068267827,0.8800971438058696,5.7469623012348166,-14.764380590686187,-15.85243756223258,-2.1367387184309337,3.843860106864213,-21.257387466192313,-22.20743659454638,-22.794385334831986,-30.31107620608219,-30.071689126033334,-19.806160217443193,-44.82133883878214,-28.286559801106705,,-15.873734627516114,,-23.90746673884314,-26.187548618444907,,-28.236957750407782,-32.36540965547192,-30.77600269088134,-34.338196276857616,-37.50036328197666,-25.73758708962623,15.569803355471777,-42.19638536455659,-44.37640181801885,,-22.507053350140723,,,,
2024-06-13 12:51:00,4.345547030393277,-12.962355655332885,-15.486211068188368,-17.781636016210996,-34.12316316978308,-34.51971523069221,2.8640885623415215,7.655576007690115,-13.972355626259514,-15.071593335521811,-2.1979956266170575,3.5305631534361055,-20.601924988991186,-21.784086229021796,-22.161177281143637,-30.01443622925956,-29.614105975757525,-19.060525436731723,-44.583540214286586,-27.35676062892253,,-15.104844302696847,,-23.220549809087515,-25.276886610094607,,-27.65224169269095,-32.00328943560635,-30.245009320417466,-33.92837140261463,-37.23989953829323,-25.02393936290082,16.435085723214343,-41.784354531355575,-44.003747608886556,,-21.92681625704836,,,,
2024-06-13 12:52:00,4.908874786979595,-13.131702681002935,-15.529713595867179,-17.984505174833203,-34.427144040190115,-34.848220343430626,0.9333329102842072,5.23005291158438,-14.204048857126736,-15.159937546272204,-2.7167372967282972,3.150065737783734,-20.867712333001464,-22.12987079047457,-22.599196493515137,-30.326053205664493,-29.765162250682124,-19.154982248108382,-44.82413053812911,-27.966117388345992,,-15.225521054685032,,-23.31043457690157,-25.6061342783928,,-27.949437316688545,-32.13773562394363,-30.32833974523828,-34.307753789745675,-37.418590078183115,-25.102430669421665,16.76509307971628,-42.22027905950449,-44.27931493875883,,-21.802524174652262,,,,
2024-06-13 12:53:00,4.703247592290268,-13.854138088101536,-16.37355048396057,-19.09138738676029,-35.41775031383702,-35.86119730914788,-2.474189809067866,1.5256699717408537,-15.269484006556468,-16.038490733756817,-3.196446451480824,1.625091023047844,-21.53981333853835,-23.019275141527032,-23.84648307630846,-31.278201927037514,-30.618691566248344,-19.773672891134538,-45.49655776030386,-29.330143091717673,,-16.207750571203178,,-24.050470647258408,-26.43259077067296,,-28.54264383185182,-32.20487041687102,-30.825467347617177,-34.79636585528215,-37.803026222406515,-26.051863310991394,15.880700417778371,-42.477712141932216,-45.07980245673673,,-23.157136946074957,,,,
2024-06-13 12:54:00,4.145165610278582,-13.88339161160502,-16.41717220995588,-19.359041338530915,-35.56078510322209,-36.10414724134796,-2.990672698749222,2.9977453892076937,-15.197491606070344,-16.09454060686903,-1.9563853877141355,2.9287128041582946,-21.685460789321723,-22.78343102203212,-23.93332647661623,-31.652072544356372,-30.867759099956288,-19.85484904679211,-45.66678245177695,-29.703992554888828,,-16.349080367441275,,-23.823474629895372,-26.30669727070881,,-28.34851757084789,-31.909859830233927,-30.80382067982555,-34.889266273062276,-37.89126153096913,-26.02028883692583,15.13712324140215,-42.636973956407246,-45.20897314543549,,-24.222942475986542,,,,
2024-06-13 12:55:00,3.23017327379398,-13.703630828726546,-16.650875333958084,-19.75478046632884,-35.81972925828802,-36.52320636731679,-2.8695584115157544,4.7909868482715865,-15.10051314155271,-16.292078285435082,-1.1981464732218683,4.346458644760787,-21.75831032269207,-22.55537582875604,-24.15114220749001,-32.2154675868307,-31.063614615945994,-19.76251471337349,-45.77867493449526,-29.73997182112089,,-16.473015127198323,,-23.69148235309558,-26.221186154933548,,-28.030972121561263,-31.727992031883332,-30.62639407544839,-34.896302423172074,-37.67600448696203,-25.910116334125178,14.20127417315689,-42.78555267695765,-45.44510883169971,,-24.870751172708992,,,,
2024-06-13 12:56:00,2.115506185704021,-14.064079885821684,-17.31716471999016,-20.314116080219947,-36.10922606061126,-36.532305466557546,-3.934457166812763,3.286542101559462,-15.704325361001565,-16.909518312605314,-2.7252239346644274,3.5149236735910563,-22.345531287729273,-22.945603717043696,-24.29874072592702,-32.45341336293552,-31.297768541332744,-20.394532908275067,-45.699396906419906,-29.6980449872558,,-17.006921922044512,,-24.105585973564757,-26.322173806704086,,-28.040379140534696,-31.726606798625653,-31.048118554150733,-34.89179705790457,-37.803026222406515,-25.773368042638594,13.348955779209518,-42.76883101766339,-45.450867673803145,,-25.456059284635558,,,,
2024-06-13 12:57:00,5.247626565939754,-14.499434787033806,-17.410802969099223,-19.70074398931638,-35.7177215917892,-36.4913595199738,-5.324858988396272,1.9721679549415967,-15.436314320327256,-16.711388676076695,-3.793048877794263,3.031229303381224,-21.843260751649723,-22.689374181420362,-24.014548184336718,-32.343279856519814,-30.933761190093378,-19.98526002314702,-45.566979480937334,-30.373907769424477,,-16.897935450992918,,-23.760597962607335,-25.94053803539373,,-27.8350804273864,-31.458791589188422,-30.544563536203896,-34.740059798501534,-37.638734704383296,-25.732188570133985,15.034470182004043,-42.69687225241182,-45.275618648528734,,-24.746575347485987,,,,
2024-06-13 12:58:00,6.205825283164472,-13.570142582740118,-16.06338175291239,-18.93378375721727,-35.385835291938974,-36.43757572970924,-4.1405466985581825,1.7349578544358337,-14.029662745193036,-15.669862596520943,-2.486981743501474,3.293477561517193,-21.43965499211845,-21.654290355160583,-23.68271987705134,-32.45132065198237,-30.468588286388922,-19.058255246119643,-45.37624024045954,-29.859898485442045,,-15.702974938496709,,-22.788172818454314,-25.033053310476134,,-27.228558728882945,-30.84733087784025,-29.916638522346148,-34.4326152704657,-37.477482876166505,-25.15838992111776,15.3424242116007,-42.63464825826259,-45.213091671441475,,-25.197902050181483,,,,
2024-06-13 12:59:00,5.028419675659279,-12.645597338069365,-14.964210464760527,-18.61307701064152,-35.54410891244606,-36.61793403127308,-1.8953462711965585,4.380082792855546,-13.11911788591624,-15.00538283181254,0.006950276900852259,6.674760315984713,-21.33474039042244,-21.39237508860947,-23.48158267621602,-32.56962758798227,-30.599527818178558,-18.48868977128643,-45.461569326877,-29.00775402083218,,-14.83654403876153,,-22.147835155023586,-24.47397451298093,,-26.78887906160753,-30.52092583588592,-29.874170825152305,-34.316353515481296,-37.388499555070666,-24.360654922130834,13.81121999367997,-42.98565764478917,-45.35213768638198,,-25.512045314288912,,,,
2024-06-13 13:00:00,4.253237327306124,-11.895391784350068,-14.154528441761158,-18.28088954686359,-35.716980014383694,-36.91977102735507,-1.0003850043142393,6.566934805649453,-12.58108620085568,-14.676010963656609,2.4351187473414484,8.953100796491526,-21.46806188839878,-21.371578927578184,-23.302796511624592,-32.67766075689343,-30.850726119587307,-18.236182604787814,-45.65554695013793,-28.234182562523984,,-14.427616406636616,,-21.744639484370964,-24.195608070278467,,-26.52993474652976,-30.291841122523692,-29.624336620267968,-34.351260433548305,-37.442501941652154,-23.93455773793403,12.94014653593058,-43.26956934948453,-45.66806676119813,,-25.617503281620657,,,,
2024-06-13 13:01:00,5.0156390590640285,-12.46443494369123,-14.914633208111809,-18.48847078495487,-35.862103637637006,-36.92860948194311,-1.5332188206923547,5.287729178925247,-13.406580409216076,-15.293534945090869,1.5662091157180384,9.593999391478064,-21.783330485819988,-22.05932363184297,-23.31947607712914,-32.76174014369434,-30.935879395202846,-18.72378808369166,-45.758152723135936,-28.663563050665744,,-15.088611866737665,,-22.399963070015474,-24.677330310827983,,-26.91060775388405,-30.558125484989432,-30.114544978343474,-34.51426533735912,-37.51399484799458,-24.102946075362524,14.016638564943605,-43.34502507561024,-45.65655116791129,,-25.77584970753412,,,,
2024-06-13 13:02:00,6.888166370701697,-13.881784056331071,-16.35293070185071,-19.46688664090084,-36.68291201599561,-37.55431408230686,-1.749540898844998,5.344647577107025,-14.80228310647567,-16.182242023787694,-0.31909466254728613,9.046965949507921,-22.335591689709645,-22.88508269540671,-24.500564361286024,-33.22667720404502,-31.421333301577647,-19.485428011255436,-46.16904867859216,-30.633087858375802,,-16.34748026353782,,-23.24460976874525,-25.729219009185726,,-27.63157174347407,-30.695442498983084,-30.321133763341095,-34.97268072149882,-37.880253757108676,-25.071214788942143,14.90387633153523,-43.522254270143094,-46.03835458583421,,-26.20711406844441,,,,
2024-06-13 13:03:00,8.71234235310601,-14.32542003123126,-16.704626579452906,-19.845876836637217,-36.93374642371066,-38.03154874383824,-2.6036143007722785,4.482806226858656,-14.884559510670897,-16.277483038603577,-0.9344446263985446,9.363392862507226,-22.21416840242614,-22.654670599658857,-25.07943945995703,-33.49953113381622,-31.528922435403047,-19.153258438094042,-46.48903090327531,-31.618276079982934,,-16.580760735779677,,-23.01702865443076,-25.67658261046654,,-27.485936732701248,-30.46196808083596,-30.112687180133435,-35.13781772980519,-37.931282715027464,-25.481910992238227,14.714665991119091,-43.54020214446609,-46.30827084160592,,-26.869738586563585,,,,
2024-06-13 13:04:00,9.508428710686871,-14.041274752530171,-16.582852819660275,-20.05073786129651,-37.275573637201205,-38.58539696431296,-2.1149576517689184,5.415963566920482,-14.04736901253591,-15.835830319204206,-0.3624756464589609,9.42221614600794,-22.116956631785797,-21.963946787967416,-25.390238229322676,-33.775836856712374,-31.8633035613301,-18.901898485914217,-46.78851183547317,-32.15671882126071,,-16.337472058982712,,-22.663323397412114,-25.447950499501076,,-27.366402014929918,-30.20134217672512,-29.829079456098953,-35.40555281653724,-38.1903859357526,-25.49705899899118,14.59585616966433,-43.60968313812282,-46.57245661474337,,-27.173536936133814,,,,
2024-06-13 13:05:00,8.40740892489373,-13.663461683004243,-15.822238681903855,-20.0671003063228,-37.63530172801097,-38.819616559821156,-1.3515819647629996,4.620377265333218,-13.539974016208589,-15.689068492687056,0.1797485054912613,9.131168841927774,-22.17234142084135,-21.857645395758254,-25.40118465850469,-34.04734394051809,-32.23598257586161,-18.8102803161307,-46.99418666677548,-31.092416173825313,,-16.05678697348185,,-22.701311114026794,-25.02894247287395,,-27.032190513061323,-30.207096717490458,-29.95348601500291,-35.39854426493548,-38.17213784349042,-24.906151163726463,14.522526230201947,-43.85051074130183,-46.68273864099638,,-27.897859304376425,,,,
2024-06-13 13:06:00,8.166309072337867,-13.40420147128134,-15.860454582217699,-19.918325455090326,-37.52559775246107,-39.008842584981494,-0.5832840351329196,6.218360744086112,-13.449088911374929,-15.637890084687115,0.8409950922718963,9.79139801685642,-22.52065674410619,-21.928383010723564,-25.350836241192837,-34.18893024348603,-32.20511969631514,-18.934711853666926,-46.817893940565,-31.044134358703104,,-15.807676436325664,,-22.483109713826252,-24.81590759511755,,-26.87869328442457,-30.06958465182788,-30.090046501110464,-35.38923416781154,-38.08235679632571,-24.564506849595546,13.151237280950681,-43.91640410876994,-46.694240643273474,,-28.45905485618823,,,,
2024-06-13 13:07:00,9.069358272709565,-13.57028350481869,-15.928544785179383,-19.960337713486297,-37.47712654104714,-39.14837844797216,1.0280817050002042,8.696825234704875,-13.42340974355966,-15.963827999331215,2.0522569674592432,10.817019514640833,-22.6346429034013,-21.898237369752223,-25.480006157695925,-34.291578392300266,-32.28931875346382,-18.810488912310177,-46.979332877293245,-31.800417767297404,,-15.850958512405214,,-22.28241306415066,-24.724868415434685,,-26.77641814368326,-29.7516451597553,-29.72295659622705,-35.354199232495375,-37.918847547849964,-24.475201691321217,14.160240498463281,-43.87327689596714,-46.82347022813724,,-28.654825778800046,,,,
2024-06-13 13:08:00,9.201452634409293,-13.950555961971986,-16.072484831758175,-20.237884728783,-37.69947576732818,-39.37355707901111,3.1372177470475435,9.354150501364302,-13.618739342890649,-15.95179922354373,1.5912147118538087,11.677602161570576,-22.889954727054374,-21.74825394180084,-25.815454093790095,-34.498871967354546,-32.4533722297806,-18.73440623700361,-47.07032547803101,-32.1937853846689,,-15.970758743831766,,-22.27273166180248,-24.724190830957014,,-26.785147856584445,-29.717336892771527,-29.74789159152715,-35.38444940866475,-37.9363665669548,-24.490090725726077,12.631896057202084,-44.03862851174222,-46.92800885594022,,-29.336347966489484,,,,
2024-06-13 13:09:00,8.063620344678156,-14.317847748711301,-16.61113322923393,-20.825561665039686,-38.0404596629445,-39.639367888298466,2.5359795289605245,8.064781964748136,-13.954337759836335,-16.227951840384776,0.007842198401704081,11.35160732189388,-23.366766572657298,-22.159245585221925,-25.949450824217138,-34.821037651779136,-32.88145996828291,-18.987178622357504,-47.0409419320456,-32.4538394687288,,-16.289005915210964,,-22.57212556341392,-24.70866378474193,,-26.694783117342013,-29.717336892771527,-29.794340889003706,-35.41708326224443,-37.900598425974295,-24.52525974534319,12.061262527988674,-44.09135118352356,-46.92225942299899,,-30.073864095829435,,,,
2024-06-13 13:10:00,6.565748285103268,-14.60680460329786,-16.731559681853014,-20.939087221721365,-38.0404596629445,-39.833133655594,3.137800377670146,8.176941841308462,-14.366915644410028,-16.64018679042624,-0.8549076470953878,11.133741392070533,-23.66941825151048,-22.605451694038038,-26.150446139343103,-35.04198572422837,-33.03477258767737,-19.186886142374902,-47.193860016722056,-32.490366386353344,,-16.591847789212807,,-22.63741194989052,-24.781342211615538,,-26.520645774305194,-29.55259680189465,-29.521186987843066,-35.389142461692245,-37.712274719522156,-24.48288528721423,11.003441188687702,-44.15723744755178,-47.152636180946615,,-31.024922871862827,,,,
2024-06-13 13:11:00,5.289083217842062,-14.250922942564557,-16.029060085781566,-20.969053976032683,-37.65007723850056,-39.62139070134003,2.69977718457676,9.178663129471715,-14.25264875543644,-16.56738100859161,-0.7290597689525384,12.55737551375114,-23.357883494408497,-22.712130890625076,-25.770313705328363,-35.03370313494281,-32.88881651296822,-19.068156353826197,-46.906040283171706,-32.07288223805108,,-16.265486330773683,,-22.273768145542363,-24.30860995590774,,-26.10791256857965,-29.26319536641222,-29.652221859801557,-35.19581337174168,-37.56046540970328,-24.202910975649047,10.256686106304187,-44.387257629411124,-47.059593022701165,,-31.395006120339417,,,,
2024-06-13 13:12:00,5.035654322150094,-14.068757820428345,-15.750635939099993,-20.600406681099003,-37.439583629514345,-39.256511190744504,1.3895091484673685,9.853881662783806,-13.7282423482161,-16.248045780057737,-0.6989131425484629,13.198647475103826,-23.27512106271638,-22.40121648168656,-25.17525989809178,-34.68282854724907,-32.68752104399243,-18.729507029618333,-46.85612427859451,-31.486019130757086,,-15.68338799542039,,-21.82385183617953,-23.822527983572854,,-25.984285280399035,-29.18009442291759,-29.4990298894827,-34.92090639568232,-37.345158419703694,-23.6078708736959,10.381524218704726,-44.30458535858634,-46.949308061629154,,-31.060223199089478,,,,
2024-06-13 13:13:00,3.709857138602615,-13.948148962142568,-15.35488313589758,-20.538658537700485,-37.72423516286585,-39.59449602930647,1.9177572206635887,10.292738147887576,-13.65082748534951,-16.141516209025895,-0.49021362029975535,13.479455950437568,-23.59601920291402,-22.629610041112755,-25.378426072241837,-35.0254222914794,-33.11755962913787,-19.029328537237404,-46.97966094067169,-31.08055812869634,,-15.552628230740766,,-21.869545977550388,-23.80783266833987,,-26.038775414367592,-29.215893843738286,-29.67374211462584,-34.967580355712926,-37.43642805326408,-23.534975516079157,9.751158873921668,-44.6100791108895,-47.094086483952196,,-31.651281882743433,,,,
2024-06-13 13:14:00,2.474076634880703,-14.048644934862295,-15.483333533990844,-20.55114581864018,-37.80531354449215,-40.01356521756975,-0.39865028982057993,7.907763211960628,-13.994263038712461,-16.214186578181852,-0.727712871049107,12.046809479372769,-23.826280189965473,-23.254225918655266,-25.58200383433723,-35.11835964670064,-33.32717988831291,-19.057232576551996,-47.00620406118401,-30.886934831526105,,-15.582071118704562,,-21.924495770939302,-23.886212261669698,,-26.023502647583427,-29.205855602997417,-29.61899431107304,-34.97002399602252,-37.428429477331065,-23.48642081494654,8.572225928119224,-44.88560667191746,-47.208415061169035,,-32.13508680853715,,,,
2024-06-13 13:15:00,0.5600119709356477,-13.696986736820236,-15.579370676209237,-20.916809894597236,-38.14132325358082,-39.97760695868567,-2.3960882012349884,8.680167187547795,-14.281265745891915,-16.320528425478415,-0.4373681345002751,12.547021933876294,-24.33817455008375,-23.524348786143037,-25.768498132980767,-35.05606731545032,-33.530419854621414,-19.05998302078646,-46.99451909003028,-30.312410926132543,,-15.590983048905628,,-21.95329651008433,-23.74315820911397,,-26.034170247299244,-29.204413853368806,-29.788169311740603,-35.0423353949227,-37.42994132362037,-23.353130825868448,7.252281757437686,-44.98264146806764,-47.37213171550309,,-32.530255142424835,,,,
2024-06-13 13:16:00,-0.4947062486911591,-13.841840957484237,-15.467752995599312,-21.06769376974512,-37.99408597358513,-39.824473159997524,-2.2131130521254363,7.444571982164007,-14.725714496671799,-16.653045439101106,-0.77871139851527,12.92090533737246,-24.342088209861004,-23.766228379985478,-25.71509807107691,-35.21129178250925,-33.549517240987484,-19.264264747648696,-46.99451909003028,-29.943619846897036,,-15.670449933070358,,-22.06424794821487,-23.794124219704372,,-26.020260312694518,-29.15284795414391,-30.00931325594138,-34.97950431787967,-37.412444916958066,-23.241656945754585,6.643325961004393,-45.01137066079605,-47.40832304256628,,-32.52370472829955,,,,
2024-06-13 13:17:00,-0.6021372042247322,-13.632126106517262,-15.570013834829751,-21.12975156481889,-37.95654436159771,-39.75243596289897,-1.0210895058826281,7.866642821188634,-14.783476319944157,-16.904778135110973,-1.8182783255908816,12.475014380097946,-24.3316487893851,-23.802135190188437,-25.75405903690762,-35.04438461059891,-33.51964387736268,-19.35586815531991,-46.95345479080356,-29.955749226615353,,-15.637422408531847,,-21.941075246838864,-23.751196516540404,,-25.91464966108697,-28.946584691671433,-29.75112234709195,-35.01215194688757,-37.43070038807264,-23.233178174646582,6.730112448222371,-45.064088654089346,-47.38937426426435,,-32.54129234840957,,,,
2024-06-13 13:18:00,-0.1763280048469369,-13.891667481426794,-15.684020110326856,-21.257804726691802,-37.9634665568874,-39.94165149801711,1.4001184005546747,10.826794513780214,-14.988450909844687,-17.028619401234437,-1.7067136321454655,13.528560799045408,-24.39585568344137,-24.092761539844105,-26.10293102596961,-35.07309232876747,-33.72825644350871,-19.357781443027733,-47.07982246320921,-29.943667338234263,,-15.801988452972182,,-21.982131724980263,-23.97259868955689,,-26.020260312694518,-28.965203112734343,-29.96010594974041,-35.27541471436325,-37.431461546727405,-23.271931119419605,6.974267474002318,-45.198251789583765,-47.45600835972948,,-32.89366986052664,,,,
2024-06-13 13:19:00,0.3262075750933491,-14.247604844124908,-15.654865368752326,-21.638776585868527,-38.171948291717285,-39.91901707943225,1.1914611953882286,9.808927125023047,-15.34486307933139,-17.214412713768297,-2.5756921620243247,13.32441477381144,-24.610936367926797,-24.33320886535762,-26.457509101988535,-35.233191250198956,-34.08280816045942,-19.36271015944908,-47.11488002539022,-30.40916304617349,,-16.092146031618086,,-22.166389284905108,-24.16788039398807,,-26.016250535693416,-28.956604806430278,-30.081742498552558,-35.4058192803418,-37.43070038807264,-23.505677398936314,6.974267474002318,-45.17793405061411,-47.42727252090492,,-32.9012651894534,,,,
2024-06-13 13:20:00,2.1335349739277945,-14.66171285602286,-16.18199240088734,-21.63033823861724,-38.219365158066125,-39.9684275744213,-1.3130065388231742,7.306748132248686,-15.48485830617301,-17.224031661887693,-3.4527276058017833,12.703235133313228,-24.408949880568798,-24.118574857373233,-26.53687293798248,-35.2716656887082,-34.08628671085967,-19.31186253804009,-47.24693582683199,-31.328199679006502,,-16.31248506636075,,-22.225881587809454,-24.31718214463126,,-26.04010572195193,-28.74889495188245,-29.67927935604166,-35.39865970009305,-37.42918435337242,-23.780747187108318,6.974267474002318,-44.985087203894864,-47.428981718718774,,-33.05437765447573,,,,
2024-06-13 13:21:00,3.070522684556977,-15.640654662839552,-17.133702332050234,-22.258193687176345,-38.69177074976767,-40.21160894737534,-6.808554806444363,-0.9944038004948652,-15.997859457949971,-17.86003726557692,-5.431482456177491,9.069571420438479,-24.78979301517529,-24.265435322683516,-27.397936369679428,-35.44689361591486,-34.26120183106343,-19.772275197555558,-47.32908206519596,-32.713162228339115,,-17.0378653808948,,-22.60595538179041,-24.885729711543263,,-26.368443922503957,-28.793347403221105,-29.634539905300244,-35.55932333629107,-37.5539512978271,-24.440042785185142,6.833094115089807,-44.97194861457069,-47.558222458599175,,-33.61683308368106,,,,
2024-06-13 13:22:00,1.9854564606807799,-16.190981865954654,-17.87514808886999,-23.008165513006816,-39.06834350778536,-40.6846562160373,-7.895415464709913,-3.77512062278538,-16.234957999432254,-18.180975745917976,-4.841122346252632,6.584028468807901,-25.13202888453452,-24.271153122320356,-27.867521399044108,-35.8196966211014,-34.76818693393568,-20.31379463516666,-47.546454742987635,-33.457342960242386,,-17.629630768360357,,-23.274179936461678,-25.228002573237063,,-26.530712627383764,-28.963858899923707,-29.9707867966722,-35.885491841715066,-37.680224667357834,-24.997722077169783,6.2971333342125035,-44.965993719850985,-47.698960746871876,,-34.34245170470217,,,,
2024-06-13 13:23:00,0.3246866608652681,-16.411728566096826,-17.889850682468023,-23.251989361494225,-39.28579421337486,-40.58094263897476,-4.8630891109835375,0.234595092661948,-16.25360245234583,-18.46383562881124,-3.185549497801958,7.109523829444697,-25.326349535647978,-24.420015164621418,-27.91218861072366,-35.98325444303299,-34.93326381031227,-20.480669100247155,-47.52876697865781,-33.415048355200724,,-17.759710229554457,,-23.197198532531274,-25.17436695032029,,-26.356562810264677,-28.707413615069072,-30.014462360835296,-35.750344553212926,-37.50869257518616,-24.897193668859927,5.360480605227167,-44.83899550442652,-47.68747024472202,,-35.1119187844713,,,,
2024-06-13 13:24:00,-0.7376196585807975,-16.078332550333926,-18.041767009005525,-23.329491395540344,-39.133564113248895,-40.5584294249403,-3.66770377884518,4.409283175433302,-16.394305622776074,-18.761476869223316,-3.46010642451256,9.85364428900175,-25.3592346601763,-24.491106524453244,-27.926224355319846,-36.030472439335654,-34.92690898816818,-20.572319842901265,-47.320236792239484,-33.130753820526024,,-17.750111778520022,,-23.155049572086682,-24.899166802217223,,-26.027564202282065,-28.501104991573357,-29.66885454258272,-35.56162842186268,-37.329160316992784,-24.5626609885785,4.1862782740408875,-44.620913530508005,-47.516284116604425,,-35.72927629499861,,,,
2024-06-13 13:25:00,-1.4013018737620087,-15.846154955910606,-17.9217048109831,-23.54540211509675,-38.83903300296697,-40.42325337781119,-3.2397425429792293,4.744084400914744,-16.31550403070196,-18.780334135275552,-3.6981386151312563,12.275815621989295,-25.240399875498724,-24.46285515041086,-27.58548548862882,-36.06937046079247,-34.927838374292946,-20.484472292505757,-47.13225090731453,-32.94931651303932,,-17.597959022806663,,-22.893627601091794,-24.67408737551932,,-25.80691008819167,-28.34493725849734,-29.521186987843066,-35.386934022031255,-37.23140706692902,-24.31065558368573,4.1862782740408875,-44.70955409573321,-47.350849622472765,,-36.06201855668678,,,,
2024-06-13 13:26:00,-0.8175683198425077,-16.32104225983312,-18.047899042479912,-23.189062374938658,-38.69475174182912,-40.477223850504174,-2.254124485411239,4.382591814959142,-16.591704549315182,-19.008164480128244,-4.732446626371711,12.377735309010859,-25.217976703655268,-24.497787092407634,-27.524216728466627,-36.13510147952627,-34.902418388996125,-20.399739340536968,-47.146784868067016,-33.288162554964856,,-17.628189288486283,,-22.899884875706448,-24.71362325492828,,-25.78100983011973,-28.21743970976786,-29.41891760644603,-35.30533905646962,-37.12262963451121,-24.361599847147772,4.1862782740408875,-44.43400730196822,-47.20032723287875,,-35.95040138492766,,,,
2024-06-13 13:27:00,-1.6692956818245648,-16.446098630360666,-18.124284813343365,-23.314136844736595,-39.06834350778536,-40.52677419186273,-2.853384340950697,5.099487665302831,-16.45945847799726,-19.00563193982748,-5.6092837041596795,11.862561642175024,-25.54012770724148,-24.667321890906123,-28.06341237595734,-36.4066977333822,-35.238015744232825,-20.314998022243344,-47.252625758894055,-33.6089002343756,,-17.637788757875796,,-22.94412496967334,-24.734121339892226,,-25.796339816675754,-28.200266790368914,-29.249740778768683,-35.30533905646962,-37.10513439746728,-24.495067725461013,3.5424054319114475,-44.41123846827759,-47.266967757032035,,-36.70682747860724,,,,
2024-06-13 13:28:00,-1.9990364828859128,-16.55922825294192,-18.033621609859438,-23.392657493453953,-38.80642116894546,-40.23389762745103,-3.9756846353234323,1.3867541614458787,-16.60439615444716,-19.204912868057363,-6.227847975185796,10.352338624687945,-25.487050597562074,-24.62508519140215,-27.84262623532868,-36.081088467031236,-35.085636052813584,-20.27142345738733,-47.02640991095609,-33.83294411609768,,-17.579707347832482,,-22.942034305268862,-24.72211032765881,,-25.580959973669906,-28.056976521648266,-29.160664921770604,-35.05377014569467,-36.835862411122434,-24.289024424613217,2.1515619626179614,-44.372887114259356,-47.07109084311821,,-37.00895199325896,,,,
2024-06-13 13:29:00,-0.45189062544579883,-16.56720109074422,-17.850325711326605,-23.104492782061243,-38.78371115735081,-40.17066724388553,-3.1894887369164735,0.6156091228574496,-16.131324886783432,-18.832394723649713,-5.531668867362214,8.081886274664157,-25.191076480286256,-24.24835247828605,-27.619890600781446,-35.67426885263865,-34.86428841105078,-20.14048824927349,-47.120246441465724,-34.10600095225391,,-17.416017695102937,,-22.695223301773694,-24.5500286016686,,-25.527838834667364,-27.756120329151145,-28.837199535733816,-34.90687906111134,-36.91534084871728,-24.23361248871379,2.37847146696231,-44.06018898467573,-46.94525715476402,,-36.56234160246868,,,,
2024-06-13 13:30:00,0.08580270985964944,-16.51894143131858,-17.88640738837921,-23.019931536259946,-38.83118620301002,-40.64378154151564,-3.4174511112321397,-0.19016863373940396,-16.08887442585842,-18.764167218542752,-5.134011023584435,8.161510890916361,-25.122328523006445,-24.14809669946112,-27.95300624774859,-35.92888603685071,-34.88692756170519,-20.06834421408678,-47.12309226990919,-34.57849181888059,,-17.47797701437048,,-22.68672913133605,-24.686361098628367,,-25.535270139521344,-27.71318521949661,-28.88259941196202,-35.19341038310404,-36.932835311842155,-24.407312154880856,2.6760824111256625,-43.837337551964765,-46.84241704385556,,-36.81638297102472,,,,
2024-06-13 13:31:00,-0.2398916762049339,-16.65068947722102,-17.787692075031828,-23.19263525979636,-38.79857226717127,-40.59413682906768,-4.191672816509936,0.33939068693121044,-16.394067665455623,-18.93302024658965,-4.913994173858782,10.18667895007593,-25.368322293679057,-24.366929998969226,-28.308535214191807,-36.052042031521694,-35.19807027511263,-20.232654061729903,-47.29939789581658,-34.86935339347883,,-17.767048027444844,,-22.95456073128753,-24.92506168301452,,-25.52343461234841,-27.69602089738237,-29.04797304118665,-35.21203506177926,-36.941583071331934,-24.530102560722753,2.0159565599092275,-44.1812154559143,-46.94695760058653,,-37.29592195785767,,,,
2024-06-13 13:32:00,-0.30845484595988637,-16.543505943402124,-18.019450603612768,-23.42726058315702,-38.88062785652721,-40.63917304447898,-4.086052500607593,0.9691575630129137,-16.396617229895128,-18.91165907456434,-3.8672565499450684,11.313968457005558,-25.530559445741346,-24.52983023979641,-28.272149498297267,-36.14988881909983,-35.106447214857326,-20.68535916531485,-47.21409351676084,-34.58533745053228,,-17.812676172610736,,-22.81747392805346,-24.826269209148904,,-25.41242609975825,-27.558460766737426,-28.818459821128727,-35.28192387169247,-36.93207416726,-24.344804363475305,2.0159565599092275,-44.055418802783834,-46.84411521532229,,-37.58605967480014,,,,
2024-06-13 13:33:00,0.34787164706267504,-16.318736506073492,-18.04040073298347,-23.089471208227906,-38.91624673768922,-40.58500685115894,-2.4050357875332793,1.754029159986203,-16.132091168283296,-18.95918367308377,-3.7569401547250436,13.889880107711633,-25.387803474815655,-24.380360545991834,-28.275363925783267,-36.082282823889045,-35.233443071554575,-20.30911469008987,-47.14932693473111,-34.57982144446396,,-17.5952278546647,,-22.7035878892616,-24.728993138664464,,-25.272907787314125,-27.3220783159677,-28.747735713689053,-35.218965727140585,-36.94006462737525,-24.226299000429663,2.0159565599092275,-43.764254226718776,-46.73552046251109,,-37.60580861881044,,,,
2024-06-13 13:34:00,-0.020505495190377587,-16.433054172465745,-18.012049767471126,-23.33146197871497,-38.90933324813932,-40.702128135907515,-1.9508982340660168,2.6613155608765737,-16.118552295519294,-18.94354980766252,-4.226354963240283,14.201706160567028,-25.297419352423276,-24.237883625392442,-28.32902100874594,-36.318426172377656,-35.306019856327225,-20.106697853827427,-47.08171017348468,-34.87700546373162,,-17.60058700757395,,-22.652993054297895,-24.681888721829182,,-25.284356278991254,-27.204625256460076,-28.74393968922459,-35.30749644586285,-36.903551625947784,-24.104207176694217,1.7205370376332212,-43.83974753407688,-46.66887288615021,,-38.041618770106766,,,,
2024-06-13 13:35:00,-1.0066055556399078,-16.248229678522875,-17.626023007692766,-23.338810097647183,-39.086227434591365,-40.557966394012624,-1.8617708391923316,2.91458072234218,-15.832784091974872,-18.884469542757643,-3.573448366089906,14.72579663555689,-25.49111597115757,-24.194781241005103,-28.485410717760033,-36.433254611758684,-35.32507230431338,-19.63867486500328,-47.07886242815107,-34.81086017039206,,-17.48009191430333,,-22.438912840743797,-24.451203946975966,,-25.039066121376436,-26.948117649318192,-28.66869222495461,-35.191021354912664,-36.72477784329067,-23.985707103317964,0.8356376116289539,-43.77863031248262,-46.716572955937636,,-38.809043859983376,,,,
2024-06-13 13:36:00,-0.5141443552246301,-16.148198184641387,-17.805164750674066,-23.395754974830425,-38.70372404396528,-40.557880070994315,-2.771636800656097,2.656707876744804,-16.007503659884833,-19.022291357686754,-4.015242189247601,14.286316190786238,-25.502320619751117,-24.07412589761043,-28.284338263941436,-36.27459150411653,-35.227091558836946,-19.726559811247967,-46.896549501881736,-34.95041680164604,,-17.582430391213848,,-22.443152503547935,-24.44419607628288,,-25.018435538601807,-26.906551322208088,-28.41037734939664,-35.149071347839254,-36.688261409875395,-23.936155715131008,0.6454906062281225,-43.62166263431254,-46.486181143024396,,-38.57700707673166,,,,
2024-06-13 13:37:00,0.13108920927197687,-16.149357122619676,-17.885150148148114,-23.187071193351812,-38.65531986666292,-40.3955405651933,-3.4029858888400213,1.2087591230952057,-15.676796044180719,-18.730201418011802,-4.367838656323329,12.595183110672224,-25.000666685102487,-23.761420818540046,-28.248634750096926,-36.42123059866992,-35.21257028256798,-19.654364505659885,-46.949321655738686,-34.963161491195024,,-17.341432161424564,,-22.230123654586805,-24.362493606402495,,-25.03120657192494,-26.711718966519584,-28.255050687689163,-35.18396466554668,-36.68674001026511,-23.810489416909604,0.959359891945951,-43.37002761855615,-46.42697316809256,,-38.389904719822766,,,,
2024-06-13 13:38:00,-0.6683576226471359,-15.736308775873567,-17.249033020273146,-23.33585087072015,-38.518863864959826,-40.41815057419103,-2.4760105465206834,2.7808369476201733,-15.213715033548397,-18.47915446930756,-3.4819091105377993,13.558499750076862,-24.969236942686393,-23.371437240603655,-28.153507833098047,-36.293113428593415,-35.12184585200282,-19.48622441446858,-46.71739318279765,-34.35770030666663,,-16.992717740813305,,-22.024412390841007,-24.10614118571266,,-24.832409764019758,-26.555500440206288,-28.034860853298596,-34.92769452220091,-36.52699303401414,-23.526708252928984,-0.03095580239278206,-43.606084893299794,-46.25985159984566,,-39.27667655594098,,,,
2024-06-13 13:39:00,-0.4035275796971973,-15.1892814386174,-16.85388154009297,-23.02161436895858,-38.26185811182188,-40.14321025553875,-1.1124438711751736,3.1074441751327413,-14.75403118058125,-18.193612240225093,-2.209708564431139,14.541024181817647,-24.830126576624025,-23.37872312754712,-27.801125054581235,-36.050177009691026,-34.92771576791097,-19.44572259770257,-46.44407653638905,-34.2069861666173,,-16.58981519435406,,-21.688993825984653,-23.740469333895362,,-24.530460891677194,-26.42075611629798,-28.09069130211992,-34.83918216635902,-36.41897173110374,-23.05759842554062,-0.1850037598437666,-43.71871879522587,-45.91916803453273,,-38.86599635169557,,,,
2024-06-13 13:40:00,-0.13806049857328162,-14.953524713925162,-16.82835132626269,-22.6837569184122,-38.51989236802649,-40.152059935471925,-1.726139513101998,2.7175509233868524,-14.713293700281383,-17.87191405294834,-2.197599709352744,14.890424480961883,-24.773341230241158,-23.34287483166031,-27.804328414040356,-35.914951437583966,-35.011156235144654,-19.10027815867153,-46.57898708032849,-34.365004697921904,,-16.58409489827659,,-21.436894590757674,-23.72797213422291,,-24.52258292909164,-26.19867334111177,-28.14166318664138,-34.83208825621432,-36.42618245632457,-22.986489444804192,0.629253238293586,-43.571340241290045,-45.93978183482761,,-38.628546514838035,,,,
2024-06-13 13:41:00,-0.3022797198063927,-15.158792384162552,-17.212800988980234,-22.94545337201521,-38.50606086193193,-40.31432138684397,-2.287743084834574,1.1799815925605799,-14.962663245900103,-17.97198874725609,-2.0230781207435484,15.344510897957662,-25.008228305177,-23.36329551515223,-28.15166145903345,-35.9773046605585,-35.14452189350732,-19.32152763460644,-46.54075170525289,-34.68623157031925,,-16.72102077117188,,-21.68377192410344,-23.779702895698847,,-24.730239188661017,-26.214491341768735,-27.949220067075203,-34.934623888018905,-36.43492976757943,-23.10075666507055,0.14509938547644197,-43.571340241290045,-45.970231270185536,,-39.22869802968478,,,,
2024-06-13 13:42:00,0.11436148072868946,-15.851284396266237,-17.71258962245065,-23.487646326315826,-38.94602871925645,-40.255620132234526,-4.439628626853391,0.011150539283107719,-15.725413962089306,-18.566149296902495,-2.7204464163830835,15.267426987568797,-25.392841142859197,-23.674126555383737,-28.613328909626034,-36.029472193634945,-35.31510106568089,-19.681951770111624,-46.78154061314831,-35.62568113857833,,-17.38117614941052,,-22.077411586013568,-24.27156730636443,,-24.980548693524725,-26.220264088674412,-28.047710087316318,-35.102382614507405,-36.424656350042824,-23.666355998883773,-0.5675263536991224,-43.65643358348984,-46.05750630800139,,-39.58365668436818,,,,
2024-06-13 13:43:00,0.3311734105488995,-15.963009794834761,-18.23303967589709,-23.765274272456963,-39.1101956396833,-40.61616720577479,-4.858311429006108,-1.0812464434302456,-15.914069557529956,-18.70504221677561,-3.1149212137695486,15.453066183049941,-25.419322389540866,-23.48828121347492,-28.82423345008783,-36.31629006767639,-35.52199257454788,-19.557778047234365,-46.8725544598567,-36.17240497709554,,-17.639939981484076,,-22.175826229705763,-24.409909499036075,,-24.986906211024234,-26.04407490406402,-27.706509051575722,-35.15130762352646,-36.477912755898615,-23.977854548505547,-0.7902471882016471,-43.74751911453495,-46.24764956793342,,-40.234275749930134,,,,
2024-06-13 13:44:00,0.054983428972605,-15.705663437682688,-17.771714947091823,-23.645461286598675,-39.0518738234764,-40.638692824606665,-6.19034282726534,-0.5235654786815758,-15.327851257412476,-18.450649262068737,-2.0693093547097305,17.165350850540108,-25.364026861690263,-23.23935544634196,-28.65122088988869,-36.34160682940717,-35.46664538205789,-19.524160294244183,-46.802082010896356,-36.21580446831513,,-17.43494116295824,,-21.94275224136254,-24.217368764382627,,-24.784173222671143,-25.912257990454236,-27.505718127568343,-35.158301742459116,-36.4238964382057,-23.77823807054392,-1.310661163808163,-43.716351034588115,-46.167802126790434,,-40.63724176816197,,,,
2024-06-13 13:45:00,-0.567431991161925,-15.910671388614446,-17.894817070149657,-23.498578970200924,-39.058785223640825,-40.6612187942834,-5.681076032156852,-0.04757074991539412,-15.37959740924748,-18.389889977510393,-1.2695932486112724,17.903858392732218,-25.277965529347284,-23.338772716236917,-28.466658617907342,-36.37031778051551,-35.4793428337116,-19.69122217799881,-46.71391731853464,-36.34298156295881,,-17.554048750141874,,-22.201257249266746,-24.395969679950667,,-24.98301670616729,-26.016854268744282,-27.843145698137505,-35.23288364776954,-36.424656350042824,-23.852294301028905,-1.9385048738154183,-43.769081154202695,-46.076449574542494,,-41.015021734014795,,,,
2024-06-13 13:46:00,-1.3899217905794785,-16.112975576294502,-17.800527148732726,-23.540771676919576,-38.918378939826425,-40.571040646512756,-5.310030705285726,0.6745555183565557,-15.583946022626606,-18.447260920505414,-0.757916061772903,18.863854290392283,-25.444567649220517,-23.701376786841365,-28.390593674165757,-36.44626755591622,-35.52834095201308,-20.020314912942496,-46.67283594571745,-36.081943232167305,,-17.631670407233287,,-22.47333826538761,-24.468966167196413,,-25.014045455383894,-26.075582810028664,-28.017912355634053,-35.17928827631613,-36.43416654283965,-23.864997399135518,-1.748200300949975,-43.7834558473146,-45.95464621442693,,-41.33045961252458,,,,
2024-06-13 13:47:00,-0.40575467693258815,-16.520291636781167,-18.489947533281793,-23.619361273289314,-38.59413974880624,-40.399720740646444,-6.627851057085081,-1.3113748084540475,-16.00579551635883,-18.627108179131483,-1.9012408911635248,18.4462803174888,-25.38927179157122,-23.949769528195702,-28.27633492626569,-36.0850431730114,-35.24615084910272,-20.179746822837217,-46.469963096618585,-36.40933901599783,,-17.969509458408993,,-22.614760620568177,-24.644066782416303,,-25.1044347202851,-25.983849464557807,-27.956545088986786,-34.999841835687675,-36.33488536682307,-23.895110247541197,-1.8132145253152885,-43.522221248097594,-45.66907707344819,,-40.89032604168199,,,,
2024-06-13 13:48:00,-0.3437536604660636,-16.44435119656282,-18.15179317332786,-23.575247089950153,-38.70192856164442,-40.372592914355096,-7.5878333519756325,-2.965677310128285,-15.883097099477709,-18.61337204706797,-2.010450806425524,18.18221730481264,-25.341624848741276,-23.72891879170993,-28.526163776210296,-36.14062044546222,-35.379552132782806,-19.938604608193486,-46.522735983044186,-36.65938428329491,,-17.7714210286058,,-22.188754259982943,-24.23643907719179,,-25.024325389028945,-25.711634714249158,-27.705512623735103,-35.058082018834284,-36.17131199539881,-23.65823697840915,-1.9872665753619003,-43.49346629126717,-45.67074970118779,,-41.31972940322589,,,,
2024-06-13 13:49:00,-1.8116826147274878,-16.185728166291938,-18.266530604541003,-23.798819521951827,-38.98469900032171,-40.42668812784905,-9.23458636245914,-3.53000134811532,-15.827084669203941,-18.523076418693336,-1.5371097053873655,18.343817494066116,-25.458469263842517,-23.877433746269617,-28.688392037727453,-36.11530247321258,-35.62455671315854,-19.905015459963636,-46.27593377218432,-36.53852303169606,,-17.592756127974326,,-22.073840371602728,-24.192981141569362,,-24.95070900314613,-25.59267268548183,-27.496375949358935,-35.11402470181338,-36.172075479279556,-23.606734582107947,-3.7070021771978645,-43.71755968323964,-45.80982286833489,,-42.227712929429345,,,,
2024-06-13 13:50:00,-2.395181585327009,-15.637793708680874,-17.56934753866244,-23.62005140815927,-38.52694669638868,-40.255358509407415,-10.6004737883693,-3.8720962355907886,-15.250935647557299,-18.31947768721011,-1.4108967300528548,19.050653315490308,-25.17856911852664,-23.678841382740757,-28.358169320994648,-35.96339467124676,-35.460296656231094,-19.521518415348936,-46.03480976745868,-36.08506622767209,,-17.17864434376088,,-21.51452257354731,-23.7699223719801,,-24.53753302319592,-25.422059079444807,-27.462023160779154,-34.8063941888513,-35.97350602338338,-23.156800488066438,-4.2439152624601775,-43.27655816746051,-45.51273301706112,,-41.98780466270591,,,,
2024-06-13 13:51:00,-1.010160361736098,-15.342574722249083,-17.138369176887863,-23.281177683505803,-38.58439923929723,-40.187610980318254,-10.97057776168299,-3.908040198502931,-14.755742793827267,-18.185932447109053,-1.3975646543758558,18.68055701293042,-24.706790569603072,-23.244849933946398,-28.459865726024873,-35.929426627634655,-35.46942258643753,-19.237832218219836,-46.0404855365166,-36.57239582290731,,-16.810079827437903,,-21.112771111749225,-23.523442557618637,,-24.500031906607546,-25.141244177641966,-27.114228847463437,-34.84364779773796,-35.91719479247604,-22.986852881806044,-3.3040200775899393,-43.27177148625901,-45.40577324373953,,-41.97174142372455,,,,
2024-06-13 13:52:00,-0.6101506637747889,-15.318398996912038,-16.726950298198062,-23.120110343777014,-38.76630515296142,-40.30485200218607,-11.299899842698096,-3.163057772917,-14.209279032053928,-17.62688071185562,-0.514502671086575,19.430879496150283,-24.573758496911523,-22.74016956557466,-28.58896165998476,-36.03749768015916,-35.41407015764048,-18.90283337705091,-45.97886739468049,-36.689188709573045,,-16.60223643229824,,-20.86174520208897,-23.297874231905553,,-24.419957883754705,-24.90051704829466,-26.869713474796754,-34.77372738216991,-35.89094843565999,-22.905281901820672,-3.3768027827813967,-43.196267347447474,-45.50864679043741,,-42.68363462094476,,,,
2024-06-13 13:53:00,-0.025921799959860437,-14.73383851560584,-16.28309697435361,-22.66420460812924,-38.54680822832279,-40.142557010668384,-9.482896300563425,-1.0952023484192068,-13.556550072145683,-17.078401525850495,1.4049835660555345,20.3017837096927,-24.454065499154012,-22.33539439829633,-28.20068170935656,-35.83494281658602,-35.31695619949096,-18.403358164753428,-45.75543401729101,-36.472938610794245,,-16.102086383687492,,-20.387905100495573,-22.87637837334114,,-23.97699113768931,-24.72987832140052,-26.57972147030341,-34.43111356473719,-35.6653597834802,-22.53092940078568,-3.950113528300335,-43.090804579200494,-45.41153016916587,,-42.53123210647561,,,,
2024-06-13 13:54:00,0.08097141679013475,-13.77401179689241,-15.277976909472272,-22.253395552949314,-38.64273107958991,-40.020790725560914,-6.978013231749173,1.6596153196035175,-12.48592885121252,-16.398364678254893,3.5873680926324596,21.351258795163176,-24.098579876747635,-21.959438998572523,-27.884499096353693,-35.701549327171904,-35.10824310852138,-17.812076351103684,-45.57909303152155,-35.70443057930288,,-15.312423712616464,,-19.685865925091093,-22.154949862673675,,-23.517240429778212,-24.441762163109615,-26.454169174899107,-34.26328282286113,-35.520796146323846,-21.93784116409097,-3.950113528300335,-43.07642292283549,-45.28395896490838,,-42.43709450747622,,,,
2024-06-13 13:55:00,0.17183737573793678,-12.889323165687529,-14.443731152432974,-21.490837335017204,-38.38954300733599,-39.72334668641804,-5.588869812504527,4.798747172350204,-11.715003264871939,-15.704377814787449,5.389090057393787,23.538988135089767,-23.776052143713287,-21.392466337764745,-27.45659157137311,-35.62406406988481,-34.80877848284945,-17.355993023271907,-45.338321804011,-34.57684877334941,,-14.471720318640791,,-19.09460299384864,-21.565484717390973,,-23.278341772673684,-24.134990842980642,-26.175287392656628,-33.88340569330194,-35.20697709999877,-21.325785597223785,-4.837276269051472,-43.00691923008981,-45.16624214704177,,-42.48492814776307,,,,
2024-06-13 13:56:00,-0.9669201640515439,-12.269101977367427,-13.81455316168649,-20.89694873991084,-37.85559085896921,-39.502658416412714,-5.48530693864177,5.554485371253804,-11.588653483099733,-15.135453630891107,5.784309085877339,24.8736004257662,-23.502147008989596,-21.30879838119108,-26.88503996974805,-35.29191088360557,-34.70900229576068,-17.390708611152718,-44.862468254118085,-33.787259582291426,,-14.037227573188602,,-18.95626563406404,-21.396124546714873,,-23.059029893137904,-24.153527470952667,-26.285273928870993,-33.899964639991595,-35.08460403490653,-20.809410294954432,-5.758704664791821,-42.8835131845849,-45.09050568512998,,-42.448026922389204,,,,
2024-06-13 13:57:00,-0.8827906592802037,-11.866335386752326,-13.40077486357086,-20.646548738664478,-38.01972753288226,-39.46203005791813,-6.803341387867249,5.198385921353747,-11.613298657190398,-14.899092549374018,5.723049314862692,26.04494348497701,-23.36601318807243,-21.643273185945418,-26.833977709830833,-34.981311408753754,-34.703568319469014,-17.404209117550835,-44.87414026546344,-33.454154462096994,,-13.887789715096915,,-18.870781424694087,-21.51602471676324,,-23.026915076839032,-24.170717275290826,-26.282504043337212,-33.65522441342591,-34.99405512221438,-20.612378462434663,-5.584412745708505,-43.04887635288537,-45.04853586041634,,-42.01990284955616,,,,
2024-06-13 13:58:00,-2.201593307768235,-11.142205524281962,-12.740725184428356,-20.463447524276262,-37.740903536939186,-39.489193452467816,-6.119020305124877,6.161832400139474,-11.075308784653771,-14.541318113752823,7.034933308386371,27.75646402108532,-23.290478585547135,-21.42374586672031,-26.685863515610663,-35.023645778020295,-34.569295376877335,-17.230347681505293,-44.6628030198699,-32.75122626237771,,-13.421251150890612,,-18.364234440680775,-21.14865434512194,,-22.808737231548548,-23.891205005544634,-26.07891214465235,-33.50615855337901,-34.95910412960211,-20.538339701857694,-6.3661140690078355,-43.17470661272887,-45.22958557682773,,-42.09291551080457,,,,
2024-06-13 13:59:00,-3.1164225060833814,-10.87475592813098,-12.578997452535077,-20.28243039509607,-37.50461755199376,-39.430693828264566,-3.573589573188883,8.445314563978172,-11.21976515371648,-14.530112423170522,8.401601963094436,28.48828840277156,-23.480460447362475,-21.65909762058277,-26.612492194892184,-34.8819669956294,-34.65099207960452,-17.068096560012606,-44.62455611495329,-32.592902263359974,,-13.379987910034288,,-18.414973285412543,-21.358918269474543,,-23.107200994180857,-24.246679140152537,-26.466705784865553,-33.71139913156412,-34.91542330770426,-20.28318396071154,-6.108610467401377,-43.092026544411056,-45.10778325689989,,-41.82660361983119,,,,
2024-06-13 14:00:00,-3.875897664352806,-11.56365498482046,-14.06462061392267,-21.367246047628214,-38.31437574790266,-39.91278394477695,-4.591619742522653,7.993054182123615,-13.082527907063195,-15.754781766495626,7.0531139096731295,28.525678272161713,-24.255249112224192,-22.679767560946402,-27.680563514264804,-35.52127136637313,-35.4439411668759,-17.935360729652416,-44.78274501485794,-33.36181750000287,,-14.685877073998881,,-19.362586329588794,-22.23059484306941,,-23.583493281403207,-24.385721214483056,-26.724000415760656,-33.962833954928556,-35.092553716004204,-20.9551904873465,-5.637207386861519,-43.283748125237025,-45.55061248541995,,-42.2040728498323,,,,
2024-06-13 14:01:00,-4.094480741236339,-12.35206280735565,-14.622548472550534,-22.08093329644248,-38.67729678618571,-40.78728080270946,-3.4319131750223733,7.524767060589284,-13.8777566822057,-16.358088638722393,7.091472543367672,27.92274112184714,-25.01908593710209,-23.310220671968864,-28.785313616993335,-36.1270381121202,-35.92490781080846,-18.72167511401244,-45.123742256796504,-34.192286226182205,,-15.644029253208828,,-20.01377681135682,-22.98450143066657,,-24.24698192323376,-24.68680682819422,-26.917197030170428,-34.67590104431929,-35.434122873753495,-21.727279647339856,-6.433519822620838,-43.232218006736275,-45.97119947238309,,-43.638195368695165,,,,
2024-06-13 14:02:00,-5.262310627581428,-13.502766587638234,-15.913814321012069,-23.07176933998994,-38.888785613476216,-40.77837276875664,-5.275817680415912,5.818382571046413,-15.2456554492137,-17.35309483857486,4.3812733118313645,27.51805067569512,-25.59569358033218,-23.764725020784454,-29.08335731888883,-36.272446319929884,-36.11807733512592,-19.48555029176734,-45.00055072648388,-34.541620778026754,,-16.71198530418087,,-20.84530555410538,-23.43200029786476,,-24.283238157400774,-24.971958475317024,-27.131160380753954,-34.105175203198996,-35.33797594996258,-22.241090543496284,-8.654114661230324,-43.55936886997824,-46.121777390262764,,-44.643011175995525,,,,
2024-06-13 14:03:00,-4.958599697913087,-13.390672028443532,-15.281928038586557,-22.44101339381905,-38.247172102454215,-40.44921495648214,-4.628688166308393,5.787792601840465,-14.50833470692146,-16.932774066549882,2.823417728929826,26.721834185808348,-24.694430158565638,-23.047787952368253,-28.56108313853838,-35.76085101939901,-35.67622632160783,-18.778645876266495,-44.694576531234816,-34.33098537416299,,-16.0221607657777,,-19.952555808234138,-22.759140447203208,,-23.597595997789085,-24.40865537710488,-26.54365089945759,-33.79972063477044,-35.092553716004204,-21.602161483078362,-9.262328749602148,-42.89546351191075,-45.75227278086231,,-44.00143582493706,,,,
2024-06-13 14:04:00,-6.027396145953844,-13.413751317849801,-14.824527821981974,-22.166890783857525,-38.29362796641567,-40.3815559999241,-5.240346406563049,4.8661011772037455,-14.018624446205195,-16.557592333933826,2.6294866909399843,24.984117699005765,-24.565006416541564,-22.96291444373969,-28.488271004134504,-35.833407201053376,-35.71798654999543,-18.69455379001448,-44.43893155057458,-34.33060455577288,,-15.764590489382726,,-19.869161507772333,-22.731487923680106,,-23.774496668738266,-24.418700509542305,-26.57243375172493,-34.05376545582476,-35.04806838256309,-21.68337231033911,-9.367500943430969,-42.66297406479407,-45.53910002851512,,-44.02131224812956,,,,
2024-06-13 14:05:00,-7.03053292653658,-13.040208545744008,-14.173619591247643,-22.092240571512775,-38.024680660938316,-40.16969215984432,-4.62642097834123,5.609649485234968,-13.48902607503669,-16.166062227011253,4.03356944129132,22.568242769872086,-24.56718596285191,-22.743339962647724,-28.44357700439309,-35.68489717474466,-35.564643022987866,-18.518717908732356,-44.253734729026974,-33.88813530548805,,-15.203820075077374,,-19.68445966860645,-22.47500058316382,,-23.752547393664827,-24.32696173053,-26.657063013345123,-33.9675565688367,-34.92177338434203,-21.503627242754646,-9.20931438525804,-42.24470934227793,-45.375319669434134,,-44.343433157925006,,,,
2024-06-13 14:06:00,-8.379071090786283,-12.42896385526683,-14.006187405839228,-22.270065251521146,-38.06226003723714,-40.133598649763144,-4.453314924074903,5.4142109739434545,-13.438953300952562,-16.35736402814109,5.0406227942498845,22.05399922885408,-24.893259980906578,-22.934895657259176,-28.54125331672003,-36.00723768823519,-35.79148433566036,-18.355486268943906,-44.23601219515922,-33.464565982216754,,-15.10002495120898,,-19.682344635504705,-22.47500058316382,,-23.7731913731609,-24.468865608454962,-26.706310264948115,-34.00249848760268,-34.92177338434203,-21.305975019000016,-10.356549363304566,-42.447240683380414,-45.449410670726934,,-45.05664304631637,,,,
2024-06-13 14:07:00,-9.89678906816107,-11.96385471655367,-13.911374308454924,-22.73229262391237,-38.16809014880789,-40.08393582368842,-3.875581034986908,6.61236907101852,-13.801290136710804,-16.57163212360979,6.369314854250433,23.39512439526061,-25.119924652634154,-23.232872045087788,-28.940988794440727,-36.03749768015916,-36.10909823389795,-18.522554256198077,-44.203374312778806,-33.09480534100703,,-15.20811283260582,,-19.70028150148346,-22.627560533566793,,-23.793836068287874,-24.3828793433172,-26.627230988316114,-34.270444562448574,-34.983736752995355,-21.267161285405564,-10.756185930923493,-42.26983519423811,-45.66426769142538,,-45.4875389687146,,,,
2024-06-13 14:08:00,-8.505891764900412,-11.623703027471493,-13.849522908337349,-22.612442864901368,-37.99504649523658,-40.08845869725974,-3.8916815735894943,6.8064669991713345,-13.660431346571158,-16.542066443841122,6.983727695095467,23.933376853003665,-25.03244399582036,-23.16174808071696,-29.036157679450525,-35.83494281658602,-35.973908476419865,-18.39218622320101,-43.98316889016883,-32.87112007587439,,-15.206681215590606,,-19.48183643381526,-22.429859372842657,,-23.74602350779969,-24.255317246889717,-26.374386985674846,-34.18423070057315,-34.966257754706476,-21.275815138110374,-11.13692703065044,-42.26865421627963,-45.65107876422928,,-45.556471047453556,,,,
2024-06-13 14:09:00,-9.343384068687556,-11.180010419715927,-13.335545344187722,-22.38355716595106,-38.08993001402405,-40.178737209569476,-3.208827174673843,7.164232689113305,-13.7563203697257,-15.937303166289439,7.641156494911002,23.33493499971837,-24.88567642284511,-23.063415614627047,-28.735861837674292,-35.792965021394934,-35.939363061759536,-18.319639019592785,-44.04800890601655,-32.1670552026726,,-14.722383432001607,,-19.269760402704833,-22.140715961675596,,-23.450493907772852,-24.266752622071635,-26.553029490259178,-34.03056755382113,-34.93209823398047,-20.81934984921918,-11.920305873130474,-42.595859941480285,-45.74076276336791,,-46.09987785756596,,,,
2024-06-13 14:10:00,-10.882939388775412,-11.390772725211264,-13.403936945557234,-22.4607361579624,-38.162095132602644,-40.18325973443223,-1.8218929608740382,9.081421672415217,-14.458816380760027,-16.151996011279607,7.809690442423971,25.69833114943549,-25.360285400984367,-23.625642720498035,-28.82053205801708,-36.00229915420289,-36.099924327905455,-18.981765877477557,-43.901062026495765,-31.795467699724213,,-15.012586466657012,,-19.827006408967463,-22.519471052758945,,-23.866512943594444,-24.722534338353398,-27.12943461826717,-34.340585493239814,-35.08618999734108,-20.762624092770693,-12.18092613509316,-42.7756220384872,-45.67985555040195,,-46.188718331372456,,,,
2024-06-13 14:11:00,-12.54138293977303,-11.607162724389582,-13.557980082420727,-22.731370551043256,-38.28566979043171,-40.241877094165375,-1.6304804319652249,9.910601852298441,-14.949093810260138,-16.522284455910267,6.757055318958919,26.511136763734612,-25.440181410593823,-24.236790627885284,-28.811528265714514,-36.0850431730114,-36.14891943602686,-19.355159687511588,-43.86001070819748,-31.497853688086707,,-15.339710765125801,,-20.154150608258078,-22.75928613924316,,-24.079773531922456,-24.794191966411745,-27.118349529562238,-34.35462203343059,-35.09572213888896,-20.987651491121596,-13.605327593159018,-42.73728059810469,-45.74651777211511,,-46.19535860839858,,,,
2024-06-13 14:12:00,-15.99652279777058,-11.667020281469377,-13.598035738606995,-23.042245096051147,-38.41615607231756,-40.42668812784905,-1.48823812643559,10.329839740061061,-15.446943496887116,-17.01491559904275,6.769850223430467,26.012151248129612,-25.735433798223994,-24.514186910125545,-29.068078259013873,-36.677509057818554,-36.37027188862635,-19.528634460857916,-43.789572150355525,-31.036898642892083,,-15.552053101329193,,-20.179629980838854,-22.820543647388604,,-24.196064254455905,-24.857255590606655,-27.272672742618397,-34.478198063884975,-35.0155064788305,-21.096321177140908,-15.166293256407698,-42.86431234730321,-45.874085849612015,,-47.518385531264244,,,,
2024-06-13 14:13:00,-19.870784532968855,-10.867422194091432,-13.429792921410353,-23.370737743513473,-38.09976316218888,-40.25100847972794,-2.120343365720828,8.763587471742994,-15.629343802055473,-17.227064583177935,7.375016100990251,25.781479451268297,-25.977551689429447,-24.73501135707238,-29.114558971604993,-36.530833904169015,-36.3538727590078,-19.64896605632461,-43.57826924022834,-30.182414241131937,,-15.554112010697281,,-20.202060575908035,-22.691266121644276,,-23.94726444846674,-24.739776930399785,-27.050834228609347,-34.16858165020312,-34.946447549566074,-20.988091928204994,-16.90243275621424,-42.78644668743232,-45.712712794774575,,-47.85770465917403,,,,
2024-06-13 14:14:00,-20.536697412231092,-11.258644516641652,-14.11633957240474,-23.816028091122917,-37.789345497159275,-40.53947399237927,-2.314305008929523,7.759113357931028,-16.711138365500346,-17.97701705579675,7.069530318477746,25.373799648551085,-26.488098383304987,-25.22482472992897,-29.572110460338536,-36.535789909950836,-36.42101571141734,-20.11382437214968,-43.46350764898966,-30.04817656479463,,-16.16784011045388,,-20.76964527141581,-23.18740090504525,,-24.15397790690804,-25.0407529635836,-27.32407325805525,-34.26178845927916,-34.973449899423485,-21.310204362751392,-17.110108905777906,-42.64503318320385,-45.66499399546615,,-47.278403695585894,,,,
2024-06-13 14:15:00,-19.33180412469244,-12.244558506084104,-14.710137465618573,-23.874938321841228,-37.47891288660924,-40.45381386188694,-4.070594908389012,6.2669459712205935,-17.4240122668366,-18.494443691799006,4.467762003086136,23.072083058978933,-26.43354073075602,-25.260104947121818,-29.61175896160171,-36.32307914115967,-36.15614460801385,-20.51719885785144,-43.2311886949235,-30.592442239516004,,-16.708876331232887,,-20.76964527141581,-23.480288647084762,,-24.397954753307204,-24.96766281987766,-27.050834228609347,-34.2640598125231,-34.93690772645141,-21.59615179889579,-16.450784324056258,-42.429307703309405,-45.5012198631822,,-47.148620223414355,,,,
2024-06-13 14:16:00,-16.801289386193048,-12.111063144454874,-14.848821728411167,-23.39674033153028,-37.29994244699026,-40.250836507607914,-2.6882882697107107,4.824230815831015,-16.58738839689113,-18.01020898121419,2.502687530301273,19.8390409244912,-25.784931001318682,-24.308162101283415,-29.714192532002926,-36.21317931117994,-35.730680518030454,-19.639422302922355,-42.96617173530285,-31.077699845581265,,-16.3732060355851,,-20.11119824490379,-22.987096370622112,,-23.914762955029346,-24.3427631452696,-26.163005989832982,-33.38771852977834,-34.519889375628736,-21.603761434780154,-16.12052598751916,-41.661056443572534,-45.20577793122379,,-46.956540604407905,,,,
2024-06-13 14:17:00,-17.591320848164628,-10.498501723363006,-12.999403409027764,-22.614515506689486,-37.2514822047641,-40.54829463368844,0.3565339152660272,7.862567222020971,-14.462425769307856,-16.570243022064005,5.271710312196092,18.979333816761027,-25.26919187063413,-22.3844760237248,-29.575912161228416,-36.16069928422684,-35.56920809458188,-17.976525431750957,-42.96895682434706,-30.043960708603663,,-14.724124424896672,,-18.565649603007387,-21.56333505799512,,-22.612977762143146,-23.12727603111125,-25.011187734409305,-32.97489471846393,-34.27280958016445,-20.297850997033493,-17.71590125670582,-41.23787259945948,-45.16547213501565,,-47.66991351354022,,,,
2024-06-13 14:18:00,-18.444399498038024,-12.502719080569932,-15.13297039688041,-24.176490442732984,-37.80220694203342,-40.570894181418,-0.8130099187810629,4.795944382278321,-16.839560963613167,-18.2297467135013,3.6929124229866375,14.85781386308554,-26.66972483827203,-25.06610158196486,-30.59214642905522,-36.71772965704861,-36.37225629968498,-20.483555419326763,-42.50812118590329,-33.16252794189404,,-17.270833678490362,,-21.19532352251281,-24.554681185740264,,-25.158942798439057,-25.249945831704736,-27.372215941250033,-33.90528492065505,-34.58832717734185,-22.775264578743645,-17.615358411865145,-41.156617169664514,-44.70369384287733,,-47.68077831770279,,,,
2024-06-13 14:19:00,-18.557604113488424,-11.795368182201855,-14.791925083679416,-24.538197406214067,-37.03396117954833,-40.33642247930004,-1.1517280476557517,3.749768881723412,-16.250287616045398,-18.27970504351697,3.5422052253034053,14.846835841527081,-26.042119881613644,-23.361638993324732,-30.373704741117308,-36.45435451916819,-35.574666216639,-19.098700536905483,-42.20479765418963,-31.87359317476148,,-16.385821931353348,,-19.231919250079045,-21.976607309906285,,-22.178044825936468,-22.430959178554076,-24.629625510641745,-31.556165585719555,-33.39195206990735,-20.98465452513983,-18.48138737020963,-40.742904525904805,-44.58682199076077,,-48.52545295971663,,,,
2024-06-13 14:20:00,-13.79559632521864,-10.565212180459184,-13.234274695634213,-22.932181463204415,-36.128412079738155,-39.2503071069342,0.19031902636379527,5.97377181135289,-13.937098123644091,-16.795233670009566,6.084216356211755,15.963141889078997,-24.664180849963714,-22.100553645326727,-28.675668881122874,-35.40980050193673,-34.35874585513625,-17.93316644622493,-41.439116754416546,-30.906013543683457,,-14.880968766182832,,-18.102142207113957,-20.973818104127986,,-21.695978677345465,-22.333598366547903,-24.74426739426599,-31.596286885290283,-33.18344001617788,-20.204462327174497,-16.973541761207798,-40.12741619015992,-43.70706010499009,,-46.764151885380784,,,,
2024-06-13 14:21:00,-16.840332333427796,-7.757930684797429,-10.323433399881651,-21.48870647512331,-36.22430095221739,-39.732608772890785,4.214058831592183,10.615415902889708,-11.399259683031232,-14.767058360707551,10.961578487999304,19.864120585897126,-24.44354475487421,-20.754422762794775,-28.328336690314018,-35.85719093670815,-34.61101063136323,-16.22549159180815,-41.585436523268754,-27.65347882008882,,-12.346055400608293,,-16.03950114455938,-18.943415865786392,,-20.412621301398758,-21.088073574844657,-23.495274507589784,-30.808910793424275,-32.595570049095386,-17.98084212162894,-18.91772284408171,-40.481963301148426,-43.917692110459484,,-47.0146378647396,,,,
2024-06-13 14:22:00,-21.177492285896278,-6.367735353673652,-9.320642496668825,-21.396574577149295,-36.14315010221253,-39.646834380864334,4.688703725422329,10.807512411798598,-11.407682463322317,-14.623799269838855,13.390753805701706,22.369859877186173,-25.028125759747354,-21.410148282302544,-28.379960707849705,-35.92788577312837,-34.47488380718255,-16.855975852476945,-41.39685969663719,-26.326941982790686,,-12.045284828981721,,-16.487294020619174,-19.640788581481047,,-21.204743781263915,-21.89665915957721,-24.291896819377143,-31.088166921379525,-32.79246182788438,-17.891176718171664,-19.297096935030822,-39.77463657483304,-43.71353168462747,,-46.894259551353116,,,,
2024-06-13 14:23:00,-22.946548599075868,-7.751890968319458,-11.341122640271351,-22.99128821884483,-37.16545044025543,-40.38599952679226,2.839775018859882,8.190479697826504,-13.600549374044704,-15.93882028057942,13.648615841418177,22.31755862232967,-26.1144942954827,-23.08905245650635,-29.84824205036034,-36.4880307344805,-35.487576761261266,-18.18966277427387,-41.707920304162144,-28.500089618789843,,-13.847715229301684,,-18.242525048115567,-21.648010747810076,,-22.618862375356002,-22.366491376213617,-24.826500521402068,-31.59108342198624,-33.05126445711767,-19.51412935884582,-20.251020142378366,-40.11481772707111,-44.040262108451316,,-48.20600956013118,,,,
2024-06-13 14:24:00,-22.400422781168004,-10.69275212856337,-14.551639464971686,-24.481413148597767,-36.82431275289457,-40.597873458906065,0.18149633348207317,3.7709793820808954,-16.557798893827112,-17.882837270382197,10.60249941600614,20.5774090254381,-26.8949815749927,-24.221719612438164,-30.685700045149133,-36.655102793601884,-35.51119115103347,-19.651289729465304,-41.45227761302249,-31.10934362033686,,-16.59698126582589,,-20.201752890059197,-23.222303152889708,,-23.163438464754563,-22.72770896174916,-25.202182124897718,-31.60519385164298,-33.01553617630452,-21.398092126597476,-20.319031599119626,-39.718082588495236,-43.863291088782944,,-48.96613302273727,,,,
2024-06-13 14:25:00,-21.214780217768293,-11.661530588978621,-15.809442881645282,-25.417595166596357,-36.4941062736749,-40.20569968493396,-2.912190577756519,-0.7577297797613483,-17.379650307493876,-18.992755368088865,7.574583340404615,19.802226087938834,-26.89428495305833,-24.27828920600996,-30.36954306539974,-36.41206785414306,-35.176297621113804,-19.933305642566523,-41.28481053101041,-31.236478771280417,,-17.345693872992115,,-19.984428183369346,-22.52906358658538,,-22.115536631580653,-22.015624642097464,-24.707296680817763,-31.30953977807394,-32.83606441447046,-21.13511504239341,-20.322481023431465,-39.64261195682366,-43.57026662522833,,-48.21931414647145,,,,
2024-06-13 14:26:00,-20.651062464200322,-9.876153299564066,-13.560420978257298,-24.622498833473173,-36.231002936229515,-40.22814452590649,-4.937519413596192,-2.8000781571838615,-15.223895175566213,-18.026269915882494,7.152800280824749,20.575014443883447,-26.005817965345386,-22.916441731698797,-29.729824479674562,-36.43556603806627,-34.82511080893096,-18.1049128736681,-41.17551352492637,-28.954698725508933,,-15.251385837354519,,-17.701839772960284,-20.22052077538001,,-20.935227218642467,-21.010625953124418,-23.798741594362127,-30.877879019174088,-32.43718711490101,-19.22338102185722,-20.322481023431465,-39.450650350375554,-43.335621054815306,,-47.893191060579625,,,,
2024-06-13 14:27:00,-20.90686475104235,-7.9556104411581146,-11.515904991676052,-23.78813624532654,-36.147850928745015,-40.36332011143065,-6.28697548628611,-4.231803423396286,-12.927957786413344,-16.438641667208913,7.356406563333849,20.808127029017214,-25.55801237052492,-21.85886609585509,-29.81502821739332,-36.68020156743967,-34.80334139878255,-16.770808405939988,-41.363505006191644,-28.586377955561147,,-13.477688293508436,,-16.59376897071843,-19.942260235832237,,-21.39136295193657,-21.056064532608616,-23.67731188440939,-31.01718782049602,-32.64200890988832,-18.851436181321787,-20.21854477255056,-39.391841250068865,-43.50106224701358,,-47.895996745643174,,,,
2024-06-13 14:28:00,-20.548006805082423,-8.212287721764369,-11.61307392930894,-23.443892116870302,-35.984642441760116,-40.54809325929443,-7.477773506058611,-4.439127888618032,-12.779351830238056,-15.712343868704465,8.734501207029552,21.019404191214562,-25.750363971962997,-21.86523075112973,-30.028575414029092,-36.83374163475662,-34.85055391424294,-17.059434727396564,-41.242576457178984,-29.791785202406118,,-13.729204739819124,,-17.403679450494565,-20.9816634413869,,-22.085748714614965,-21.38144388085084,-23.796239544330547,-31.070693473828214,-32.47829954551071,-19.859326575063278,-19.80171457247843,-39.28255239226587,-43.4606930263883,,-48.19452114592184,,,,
2024-06-13 14:29:00,-18.848643377837448,-8.665443406917348,-12.339624110896693,-23.164472137083067,-35.51604786227722,-40.14699441803725,-7.565842984633946,-3.9137236971926086,-13.525046742818176,-15.920993407092283,9.759965854194888,22.19229277956174,-25.77917985368208,-22.206947924618362,-29.401215913738724,-36.636336130059874,-34.43667310498461,-17.8182429000951,-40.63821601621498,-30.03950658642634,,-14.432972782738489,,-18.150946380185815,-21.23221854563826,,-21.894091151237262,-21.446293591707217,-24.0050905163921,-30.85931049264491,-32.21411596241205,-19.76912035229998,-19.16072226458664,-38.75924771611449,-42.83933577802088,,-47.38403018986946,,,,
2024-06-13 14:30:00,-18.964879696379853,-9.142091576848088,-13.24239339036194,-24.280180061467036,-35.61600337493837,-40.32285856615431,-7.370858909005392,-1.8716633527972135,-15.104304651061739,-17.361731585523557,10.897534452121135,24.488142409542434,-26.44167159138692,-23.100953706708196,-29.928435568675923,-36.963946547786406,-34.928570461106915,-18.350164147530222,-40.75577849062256,-29.71811075905316,,-15.378632514194805,,-18.32618289001448,-20.979457625677696,,-21.380772094432814,-21.1140567073453,-24.044591968124678,-30.636135570376155,-32.00765057715989,-19.63694576606167,-19.67686646554057,-39.410117295383316,-43.082979197161194,,-47.49006777600141,,,,
2024-06-13 14:31:00,-20.39910969227344,-9.348356841064742,-13.61315620870164,-25.06416788643628,-35.72779512193574,-40.30937348092243,-8.380194930610287,-3.092675100140241,-15.995579025582629,-18.355452813745842,9.682691360116223,25.31739448284634,-27.198569949834337,-24.039131312295694,-29.85652217537745,-36.97072515532005,-34.826018210232974,-18.819948171529063,-40.617707711192224,-28.821114685667,,-15.620322365615266,,-18.561077924569418,-20.97253320076061,,-21.406228244989506,-21.23050415114676,-24.40658600198276,-30.85309325219214,-32.045943802268994,-19.392887733163207,-20.149554283141697,-39.461714492511646,-42.99738323406177,,-47.49532127450607,,,,
2024-06-13 14:32:00,-22.422609727550366,-8.367920119040264,-12.458408723593038,-24.794012275987598,-35.700928831450824,-40.30477334862678,-10.720833969170144,-5.752397788449798,-14.878046372426752,-17.832255633857358,9.018754089826416,25.206936498557752,-26.711801796941472,-23.30240340284672,-29.630604435729992,-36.76973602481081,-34.44394250521816,-17.645345768748683,-40.573296200474715,-27.74948335539102,,-14.435873413824083,,-17.432956609965913,-19.980245218882374,,-20.94146933085949,-20.66849862542358,-23.65789238072057,-30.309577526412795,-31.56514477555902,-18.693531251378772,-21.24357344686905,-39.25420377992236,-42.91338996533909,,-47.3787724942614,,,,
2024-06-13 14:33:00,-23.77792536541449,-7.933964083867522,-11.708965127759257,-24.487200110569802,-35.55157634866259,-40.48508477266148,-14.092579831630246,-8.13586198366579,-13.923879727708254,-17.05519992560926,8.929357985078468,23.27582569674314,-26.380160211419934,-22.85410717356558,-29.755461016515028,-37.08538763370461,-34.41669650170911,-17.145415971846603,-40.44684803854989,-28.240468408293054,,-13.799836073867482,,-16.908116287781013,-19.85920660416332,,-21.025676193158233,-20.249614717236454,-22.99107712468549,-30.10894760175779,-31.384823742118897,-18.54080664567664,-22.44177666400992,-39.09717100828993,-42.901848584128174,,-47.885498529224606,,,,
2024-06-13 14:34:00,-24.00342351013319,-8.284834721457628,-12.290919259808561,-24.72071663690508,-35.75323136721124,-40.80511781879886,-15.26483778331908,-7.056824960151971,-14.195846778526175,-17.0522305189088,9.614289740705772,24.306046153988063,-26.402458128706712,-22.88000768364691,-30.282690330532887,-37.28282477908965,-34.512904724109035,-17.265084055665994,-40.52000238761343,-29.94333040173069,,-14.411717751062724,,-17.43761620507894,-20.678703791687894,,-21.35278277916177,-20.41138871287103,-23.202914811667597,-30.276439642403602,-31.428396945615987,-19.394627702140042,-23.79444267960116,-38.77699155000323,-42.939679812849704,,-48.21588089288207,,,,
2024-06-13 14:35:00,-23.611922118821894,-9.725030883277668,-14.30794437726081,-25.679516224354757,-35.74831487815243,-40.669858686299335,-16.661386855654428,-7.825607626133888,-16.17989652772394,-18.69163862352366,8.809453528445601,24.491569208547844,-27.347656809746468,-23.99386547823383,-30.80991304636973,-37.681268770225984,-34.856905078599425,-18.89387249696901,-40.291006950028304,-30.990391762401487,,-16.179721505414136,,-18.894580604223847,-21.698227713752658,,-21.614139733227603,-20.659826938983315,-23.631920353244823,-30.353766350266596,-31.18707596864533,-20.359657992411485,-23.865691832485936,-38.37191220986324,-42.658198318213636,,-48.432187527918586,,,,
2024-06-13 14:36:00,-23.144149431871483,-9.758434617154307,-14.717523056754544,-26.448442233149308,-35.71479411566668,-40.259637214822874,-17.939636436058663,-8.63572696481151,-16.73775722033247,-19.5629824194325,6.393487510526029,24.265172778551005,-27.808574009442964,-24.250266128847443,-30.515207699691473,-37.48041768483074,-34.772483912750204,-19.05673511398075,-40.19735738906866,-29.572606251383604,,-16.34631621600556,,-18.4371856330049,-20.782518986883133,,-20.604293375341513,-19.88775611580786,-23.28752888850704,-29.73425282779499,-30.684453726058564,-19.610024873215934,-23.72319455333036,-38.39968563755929,-42.498553267826765,,-48.15358500545415,,,,
2024-06-13 14:37:00,-23.783294810942152,-7.696194653741259,-12.380899141280679,-25.466317574140703,-34.64601772781157,-39.786393334887066,-19.156325570492754,-9.556808727049884,-14.640522251629136,-18.45387620357019,4.924796141798197,23.87527760594776,-26.809721622675625,-23.046811560335072,-29.035660303629356,-36.83055340343083,-33.75783610273095,-17.47646130310136,-39.63076364257381,-26.90230990477039,,-14.150600441143297,,-16.332013115202244,-18.597526870169986,,-19.193145095275668,-18.933565247180923,-22.158886935110786,-29.010119736761226,-30.056459698901563,-17.522729892580628,-23.949585255449165,-38.13397600738108,-42.135707054718864,,-47.618834178692055,,,,
2024-06-13 14:38:00,-23.990479917074595,-5.590923370488326,-9.450693683691043,-23.586754703987253,-34.29380394721875,-39.6330441816408,-19.451836998578983,-9.120148754223692,-11.780266058739699,-16.157360145614348,5.856477803143434,22.846953575740827,-25.46771844842897,-21.302717868921036,-28.080726339229386,-36.48439356536147,-33.03990895592858,-15.560870839599659,-39.498151626463596,-25.49798059162049,,-11.584669013735947,,-14.430654673884419,-17.230257015118696,,-18.91626870718619,-18.554854604788034,-21.546617568529655,-28.47350775887253,-29.603406557913786,-16.35557416805068,-23.77988484590287,-37.9935532022148,-41.680466970592306,,-46.65335174991708,,,,
2024-06-13 14:39:00,-24.034034285270877,-4.8444571879513205,-8.861688303133178,-22.84351369464298,-34.195845586366204,-39.484214642709844,-19.309377310607715,-8.76521886300975,-10.833054997751333,-14.88938141561789,7.122720073370829,22.424290942923562,-24.682787328825725,-20.699371964950387,-27.96969029874208,-36.499540515033175,-32.848322317099814,-15.353330356697086,-39.25414345188119,-25.970315874271364,,-11.299310029516846,,-14.855344042069646,-18.0128035978737,,-19.415457501181663,-18.710991149688653,-21.706505360074516,-28.459315326975684,-29.423078780821925,-16.8535835431735,-24.023514576775142,-37.485264826514594,-41.486182373642805,,-46.093757836318105,,,,
2024-06-13 14:40:00,-23.923812605419812,-6.32295519859872,-10.74874323304175,-23.508203032248957,-34.27709668402167,-39.45727494029995,-18.907352675717448,-8.36812062471381,-12.750339444006613,-15.738275136272705,6.848038111560754,22.21886531077962,-25.963447968053742,-22.02533382623392,-28.587013399984016,-36.64651032093343,-33.02176915117491,-16.810540112492276,-39.16943356144225,-27.6655015155643,,-12.957262343357343,,-16.55841906300293,-19.567145856471143,,-19.959620175094642,-19.12015711363574,-22.255953106421657,-28.642075482866403,-29.399709122161312,-18.008708832443517,-23.170112451068235,-37.5946754631193,-41.28300757697946,,-45.9545030541675,,,,
2024-06-13 14:41:00,-24.229074152226417,-7.384948093222647,-12.57225837406304,-25.212897485587973,-34.79128079253951,-39.822394178934246,-18.6436025528958,-8.420785227484657,-14.94151911744575,-17.781291636311607,5.8015340295949045,22.91948320254005,-27.035605167830226,-23.351041003819546,-29.706691455242208,-36.91828711709269,-33.55450524371577,-17.736093764258953,-39.3600929796869,-27.9499847296006,,-14.533650084418241,,-17.21861651171912,-19.821995099969627,,-19.575610328390667,-18.820998665569732,-22.361192492280225,-28.634975280800518,-29.443195465916233,-18.303243201807163,-24.160420875050477,-37.806558030843235,-41.4252728717787,,-46.46642645747079,,,,
2024-06-13 14:42:00,-23.797614404636988,-5.678635579150068,-10.985074009566233,-25.387756120848053,-34.69413361269494,-39.88988051634601,-17.440432149686103,-7.204496144319364,-13.617627360577671,-17.575312049475315,5.936179055804132,24.839702302061596,-26.51381795025918,-22.421601127161694,-29.30527849634882,-36.86245663680995,-33.44824462047677,-16.3182554659557,-39.468043754518476,-26.20083121062453,,-13.294701509701326,,-15.521509519363462,-18.26892546660156,,-18.788718071321,-18.031899238427286,-21.553501777351357,-28.44512567964648,-29.339359476341542,-17.102044954133362,-24.52279656658675,-37.73542978939781,-41.53866112741537,,-46.34315482332329,,,,
2024-06-13 14:43:00,-24.57052108557002,-4.054999500212034,-8.928010695384728,-24.657225605688836,-34.72351900134504,-40.04750270685474,-17.00401377697426,-6.98548997022931,-11.462887462681465,-16.020492524334486,6.474466810032027,25.423367509057698,-25.877840626839543,-21.05823612748827,-29.39701332822301,-36.956801415606094,-33.22204316094019,-14.815257969535054,-39.617034040872795,-25.953459410034156,,-11.632615246128353,,-14.458332542948483,-17.911845684615855,,-19.119700873366583,-17.946018383755018,-21.21167273216315,-28.567322404249808,-29.388019698529206,-16.692113727204287,-23.865691832485936,-37.709800769734784,-41.64051996097987,,-46.36712738764845,,,,
2024-06-13 14:44:00,-24.145542993576896,-4.557336810822562,-9.603907600305774,-24.694413364740967,-34.87257029384614,-40.2953048929586,-17.82288180032242,-8.118479767680128,-11.4593388586311,-15.435285812131951,6.448689489706339,24.611727519722535,-25.98262942940346,-21.03333488736098,-30.197644726489216,-37.1862360419978,-33.38168979096304,-15.016186251587044,-39.73666929847377,-28.360055014704358,,-12.296347705221933,,-15.29922457199973,-19.21414970829892,,-20.133004640438685,-18.335171142847685,-21.50145992844682,-28.841352644420567,-29.428054911950312,-17.949689409105304,-24.281951774372374,-37.02591387811913,-41.614784147600744,,-46.84217680332404,,,,
2024-06-13 14:45:00,-22.138598082281078,-6.017322267009604,-11.795873117449446,-26.11871884098946,-35.334404370529455,-40.93104805313396,-18.463852428697237,-10.322105570637405,-13.602117515290729,-16.821121686884,5.583578233916569,22.55426721101867,-26.84462269048322,-21.98720260488858,-31.739412396713533,-37.57454492421567,-34.008211344344204,-16.563833238430306,-40.03273132805043,-31.084471883352762,,-14.642271259431027,,-16.763946779597063,-20.549049936449137,,-20.537652610912573,-18.30606650421987,-21.392169869445297,-28.989970969086244,-29.424580381949454,-19.268187709248195,-24.763868447571895,-37.08296133458521,-41.6252997977366,,-47.6198535591916,,,,
2024-06-13 14:46:00,-20.221808864679588,-7.423100591241564,-13.257602204419527,-27.794135779579165,-35.80033551863369,-41.23768752722958,-18.498642543058168,-11.578658613525704,-15.169556994975892,-18.505213963411734,2.5967444482721476,19.366840317798506,-27.649664541143466,-22.574180870247346,-32.48541728163559,-38.062654970021754,-34.49593567948057,-17.442079673676204,-40.07651243136638,-32.62220642929424,,-16.043798741908176,,-17.272554268176464,-20.796402588430738,,-20.235111372183837,-17.991819278493494,-21.4578541273645,-28.961736229618964,-29.377543579786106,-19.683270523136798,-23.912446871725024,-36.84532935399284,-41.542845882407164,,-48.33264291550836,,,,
2024-06-13 14:47:00,-18.41904320053402,-8.043919626118623,-13.480899141416103,-28.443818363398805,-35.83196097306279,-41.273742084404375,-19.924131565371,-13.624232429493532,-14.76910966847322,-18.950680675504827,-0.5989866728994002,19.061475769367462,-27.645804617589874,-22.147070601410633,-32.47588148232967,-38.246779592135056,-34.56052156247097,-17.111652930683164,-39.88784718240004,-32.886604478103436,,-15.838639843879491,,-16.73088378708644,-19.999820361490038,,-19.667739725790852,-17.45377877968167,-20.964451311883295,-28.690826526904402,-29.01417381451165,-19.280086941116224,-23.650787934686832,-36.376165613113244,-41.302273643858825,,-48.61552542344896,,,,
2024-06-13 14:48:00,-18.032489163721834,-7.425257668526683,-12.783692467629407,-27.679471660320814,-35.638989839179885,-41.305294709801956,-21.29953810040547,-14.886824642353076,-13.1722862070676,-17.899220405728784,-0.9601019209308106,19.88837842901785,-26.890679856801626,-20.945797564374516,-32.070660164011315,-38.12683667120598,-34.200977873123975,-16.193403506788513,-39.857816789455,-32.86126360695562,,-14.794965473088496,,-15.651588235395138,-19.2203167390021,,-19.372724006392673,-17.096203926705584,-20.45875135837423,-28.391705912886664,-28.73098194249269,-18.622380833273382,-23.962837096098156,-36.40107174148943,-41.1226194061494,,-48.94749904888761,,,,
2024-06-13 14:49:00,-18.153329922471812,-7.480380600720764,-12.15038769122475,-27.41951720762836,-35.663713659298196,-41.409036835935126,-21.021297340378624,-14.849017662764027,-12.427951353006392,-17.261538733291218,-1.4601616837398979,18.94733982013622,-26.960571118538383,-20.77389829932622,-32.2047562308112,-38.14543539045263,-34.33195489168622,-16.22423443457916,-39.913249107464935,-33.02951358307746,,-14.682611787655333,,-15.896700817565034,-19.83772070205896,,-20.07415311215118,-17.471606457692815,-20.912997806763087,-28.48698829609839,-28.683106157152906,-19.103576809283368,-24.187272683785523,-36.0745218476568,-40.94295127838393,,-49.337999332467916,,,,
2024-06-13 14:50:00,-16.920323347523208,-7.412754378464797,-11.960597258292637,-27.227098253882332,-35.455887355312825,-41.16993506685719,-20.32672552114741,-14.470397572827096,-12.326711341527016,-17.18501363345854,-2.1641396240299855,19.85223954674302,-27.023171421971256,-20.95065768800623,-32.16938625122384,-38.15389089742871,-34.14032900019993,-16.487192585926095,-39.58367609331094,-34.875860184271914,,-15.059745435258264,,-16.112363930375977,-19.9747505428968,,-19.95783523032742,-17.37118329891473,-20.831023082709635,-28.18140530190476,-28.420763385084683,-19.34871575377292,-24.187272683785523,-36.00733291481106,-40.70653232944767,,-49.36600077900482,,,,
2024-06-13 14:51:00,-15.671274105551674,-6.97518998474925,-11.526794309835623,-27.16552273110915,-35.179779068171456,-41.165422305859465,-19.057685052233865,-12.969693262255987,-12.041551692115263,-17.010244627134398,0.35768058585767903,21.779272974673404,-26.8724308611977,-20.652368407437507,-31.665362636412056,-38.05588474073079,-33.919555625838825,-16.099425542079928,-39.357327539876906,-33.606433731718425,,-14.430292714867164,,-15.391859082028986,-18.940333973498127,,-19.036476659141044,-16.742998317821275,-20.334512361073394,-27.710339181480776,-28.015436092199707,-18.31189777839836,-24.08325097851548,-35.87081319207323,-40.401814402456466,,-49.28368105370646,,,,
2024-06-13 14:52:00,-15.513315979164418,-6.611343141457837,-11.309639544781476,-27.10650754606536,-35.29855219390379,-41.088730750206764,-18.535253846247315,-11.80968241659798,-11.609808459918213,-16.890335118794837,1.4195366578896937,21.414182750759664,-26.646021849507633,-20.276122387909936,-31.147257081987846,-38.05926340408672,-33.748725133063544,-15.52121342330986,-39.2841427684607,-32.70954358437393,,-13.746728700772337,,-14.686119434958982,-18.152480477858717,,-18.53252801781855,-16.473291340877495,-20.081517747925773,-27.444507358390638,-27.736500335043274,-17.4483533162379,-24.138089973354,-35.989663162802344,-40.38868919832976,,-49.14426663398399,,,,
2024-06-13 14:53:00,-15.87573592691217,-6.742526248836839,-11.481090953857802,-26.695990861342125,-35.27083137580871,-41.07970418208083,-18.13897675753651,-11.852402549553744,-11.450042068973062,-16.61497685330687,0.7946536265876603,20.115360347085698,-26.49725901750685,-20.44004358673169,-30.867050204459247,-38.07447379122249,-33.74237205272186,-15.598588932844024,-39.251343074102124,-32.36941652315227,,-13.512415228051623,,-14.68294791529479,-18.147370228783075,,-18.754814451823222,-16.840437936738,-20.340016609402028,-27.38614320410079,-27.690310502552165,-17.307236165142513,-24.364818183561056,-36.4538049362302,-40.384468353546595,,-49.21328059793973,,,,
2024-06-13 14:54:00,-15.775911962429177,-7.801774839809241,-12.09555384797568,-27.163817245892233,-35.174780203200726,-41.296252682026875,-19.911401146913704,-15.208147309592505,-12.721798373289403,-17.015497546449524,-2.2872095122672818,18.21089076906037,-26.654629253332132,-21.14219118018559,-31.22478673366686,-38.111681282391544,-33.86612343897309,-16.405958270894985,-39.31501551102201,-33.80348705912775,,-14.5384960946094,,-15.578925785519004,-19.223221709012705,,-19.577887937814467,-17.21031185474294,-20.541352741703577,-27.66775681656236,-27.84731581917913,-18.024042137843935,-24.346137496820575,-36.34651670958601,-40.34712460678804,,-49.44333608979173,,,,
2024-06-13 14:55:00,-15.209131124442251,-8.641318768209658,-12.862537689992223,-27.802142414013588,-35.158937807847224,-41.30979675513424,-22.842133992488698,-19.33508911681929,-13.472927592702263,-17.651379827003893,-5.615900463218395,15.648409001267737,-26.991378376148077,-21.438828573552428,-31.917175816140116,-38.628887559922475,-34.00987135894843,-16.68063390047186,-39.405991804998166,-35.44838589724395,,-15.472204595772382,,-16.06865220583495,-19.700468716867363,,-19.70712386476771,-17.026554959286386,-20.446003705526437,-27.683859449754436,-27.773270898894225,-18.684064404620585,-24.762253127551958,-36.12326807436784,-40.35447390228558,,-49.8977167589328,,,,
2024-06-13 14:56:00,-14.005134062664297,-8.831616374981877,-12.977425202412178,-27.99149098936482,-34.997593115404015,-41.17443084985268,-24.231945442926644,-20.001881715345462,-13.101636287718975,-17.421481045805194,-6.321626716260653,13.796303257255204,-26.769778541238338,-21.110914538292263,-31.804052132467177,-38.574809611896114,-33.82627972939406,-16.437843787553646,-39.17961543673778,-35.94642908383639,,-15.264677731102665,,-15.53129447293395,-19.115471817059642,,-19.18626982647902,-16.71524852886887,-20.169701876975523,-27.315324128527664,-27.457677039154987,-18.531789313328318,-25.317584182203973,-36.21936155099024,-40.13535948622848,,-50.294735163598034,,,,
2024-06-13 14:57:00,-12.245128204086313,-8.570159574360787,-13.065571826626638,-27.613433219228,-34.76891980815594,-41.07064927085514,-23.50519694997024,-18.83193724708508,-12.399010327573478,-17.00473132897605,-5.3699613684314045,14.492304863528716,-26.072689989458468,-20.51349716293157,-31.16077130752751,-38.17426833047972,-33.371040387523294,-15.809887620264902,-39.04696216035859,-35.712716036845904,,-14.758616147257726,,-14.941780683860998,-18.46959339364821,,-18.740325859275345,-16.51007123653517,-19.86344790174644,-26.972173804865633,-27.311266748465187,-17.987421821024327,-24.866286323521308,-35.89785430890106,-39.80746060760157,,-49.702531766847414,,,,
2024-06-13 14:58:00,-11.985868667762475,-8.774590980454832,-12.742463639362995,-27.275522495932364,-34.89363482414865,-40.9668624804134,-23.98582776475223,-19.292932571551546,-12.580481120230843,-16.97726083610246,-4.327895303309106,14.531588531277976,-26.093784395678767,-20.477902901619245,-31.060597964505632,-38.125275657159364,-33.45473689983919,-15.890171379187194,-39.00253152693608,-35.73754846394968,,-14.791978690322821,,-14.946118538753126,-18.485224836839734,,-18.8230705178471,-16.369439222010897,-19.859527793076268,-26.88335922267015,-27.165702431386762,-17.743525316118394,-24.89907720754036,-36.31039371206862,-39.86997131814974,,-49.636252591728066,,,,
2024-06-13 14:59:00,-11.436463989548542,-9.370854866534955,-13.1823145432013,-27.843075130141642,-34.99262961415707,-41.04357645782932,-25.928196464417624,-20.767881285270278,-13.34828201731898,-17.456653869664024,-4.787787225665852,14.476327161403333,-26.36192462199665,-20.967601448839332,-31.29736090760639,-38.294352640426496,-33.458479774281955,-16.64495926236313,-38.819937204549205,-36.31656597536403,,-15.468023834838277,,-15.278391014025601,-18.8117155256582,,-19.037686860625854,-16.55448430981187,-19.855622339967795,-26.88788918659202,-26.939045434427953,-17.974952267998106,-25.178396203305056,-36.2515112759811,-39.694443802067326,,-49.906022452215666,,,,
2024-06-13 15:00:00,-10.299380938613467,-9.866925418287337,-14.5401204497266,-27.87595286569399,-34.81245054440046,-40.980399017832156,-26.97409977586517,-20.547102318232874,-13.726074820733402,-17.67324315586643,-4.588683858775312,13.440651233790959,-26.47802513464285,-20.974100334319246,-31.13942016329588,-38.31970863688218,-33.23038401111569,-16.59758788619547,-38.65236561585539,-36.91478029608652,,-15.88207044027331,,-15.391963870411018,-18.895173819324555,,-18.921377466041122,-16.42678843908152,-19.794142834385184,-26.752530399058287,-26.794320165435238,-18.072081282006366,-25.435666941642012,-36.16047704114385,-39.572530430131565,,-50.15309316570756,,,,
2024-06-13 15:01:00,-11.195076580395835,-10.291841114226827,-14.75463488175501,-27.47975650881608,-34.472892357056935,-40.8766063992465,-27.35387883572571,-20.641811687036125,-14.083220940869978,-17.700593507598796,-4.243941059554118,12.88044227135424,-26.228441513386542,-20.91718901825311,-30.791816257827122,-38.12361454513979,-33.053114458647315,-16.652755996494193,-38.446497475573324,-36.87661291973154,,-16.04853564899213,,-15.38977138446944,-18.63465162445209,,-18.74941585948136,-16.270410212721345,-19.69557424508821,-26.544964495410113,-26.57807999876968,-17.88829210671156,-25.76659070717369,-36.406481663721934,-39.578315931249904,,-50.23406361746095,,,,
2024-06-13 15:02:00,-13.743884285649074,-10.43779138355012,-14.618819873995108,-27.49000763752474,-34.45703370675733,-40.58326839757399,-27.790428777404713,-20.342927097659867,-14.186880240773917,-17.90889610591671,-4.670069293821825,13.460111990203131,-26.16637280780924,-21.350969552245488,-30.497271520484446,-37.961346856931186,-33.01586283477218,-16.934384133492898,-38.363751181450425,-36.75482173119053,,-16.051170458071283,,-15.386485276768326,-18.55992654139618,,-18.777830171680762,-16.34358335191837,-20.222230853602014,-26.58924281473037,-26.55019686428068,-17.59496899649912,-26.548920594479114,-36.22044369814125,-39.48843036426126,,-50.12924318293312,,,,
2024-06-13 15:03:00,-13.37244231760235,-10.711403366218747,-14.93114914715943,-27.58439849481215,-34.64512475024935,-40.799882060678215,-28.101568181804623,-20.75191203760255,-14.854086908188037,-18.302406071014502,-7.44857169302054,12.536682237263449,-26.347026827195805,-21.741439867173767,-30.658601632805357,-38.19127488971611,-33.02594125699545,-17.227732781302308,-38.40753893155488,-37.24779258923263,,-16.374896973534305,,-15.557078447389358,-18.659009709595466,,-18.834752399293393,-16.2589100742739,-20.13639645355397,-26.537664490879706,-26.494433710168778,-17.738040085225748,-26.305654023434272,-36.55026058265457,-39.61190064888967,,-50.10677137991581,,,,
2024-06-13 15:04:00,-12.030912568966187,-11.725127273210546,-16.15761779285549,-28.238066872432682,-34.685718241637915,-40.89917245826575,-29.248342296963756,-23.44426980604908,-16.141380996613407,-19.277051984958916,-9.88074651630427,10.184241920968361,-26.722129127812195,-22.046257748505695,-31.092227473375488,-38.26232473644251,-32.90059454686593,-18.024617390536577,-38.41303085729305,-38.51304999564127,,-17.44987697278998,,-16.094929942773888,-19.267102632948536,,-19.12834609713991,-16.458357597877693,-20.1790637604704,-26.654182395090174,-26.456133242841133,-18.28593975374997,-25.906712625300315,-36.35699929647444,-39.607671739727266,,-50.585171693772054,,,,
2024-06-13 15:05:00,-11.109974559303737,-12.348551275454156,-16.72113804299488,-28.534314167041885,-34.74018403171908,-41.030069423055465,-29.96997971248311,-26.318133260912646,-16.31029312463056,-19.580881206835556,-10.973288935562096,7.886310137455439,-26.606816798703903,-21.981484968083123,-31.175919122192226,-38.286041267069265,-32.97884302576824,-17.88850816060838,-38.44794072000332,-40.33028366031931,,-17.785936660267907,,-16.101547516641403,-19.427467450128006,,-19.04452810749399,-16.121188571108632,-19.92765254724509,-26.541994284975317,-26.336740821196145,-18.581329531814845,-26.131215977401098,-36.51633017465997,-39.597660294619914,,-50.91607176635114,,,,
2024-06-13 15:06:00,-10.954045388223335,-12.77101826005719,-17.006192369633027,-28.449312199314363,-34.61443663207706,-41.0571639797555,-31.32124400231578,-28.834435858325605,-16.00135692103072,-19.503415030380438,-10.915858373022502,4.542094761109638,-26.439883654983305,-21.682396719255166,-31.16061730627348,-38.31313821136803,-32.86620489847837,-17.77155974332507,-38.333033813004704,-40.69898248696836,,-17.789479488726556,,-15.893881310140841,-19.179398403650794,,-18.94513601039216,-16.022212126716113,-19.714436894491428,-26.539524542271465,-26.308027943372508,-18.53557570006342,-25.886598088794017,-36.32196856910059,-39.483073141365026,,-50.93217467471641,,,,
2024-06-13 15:07:00,-11.200284665600975,-13.10906390588525,-17.250813756016214,-28.673938308488687,-34.71742117906956,-40.781832130948146,-32.58350877075304,-30.48917100562676,-16.437915386346276,-19.606653636982173,-10.352168304957104,2.9975110804825817,-26.580892062726434,-21.660942372885074,-31.062774057080105,-38.20494083600278,-32.68801023567403,-18.190921030824143,-38.29473082446543,-40.70370509497252,,-18.039217433609565,,-16.152935353132307,-19.179398403650794,,-18.811961939657976,-16.05953736895799,-19.830761210372657,-26.539524542271465,-26.118780348509063,-18.337562329283173,-25.521480642588358,-36.25368395250621,-39.33065881370453,,-50.92024886990521,,,,
2024-06-13 15:08:00,-11.941863065607322,-13.530010825748832,-17.73299315378199,-28.8197826559624,-34.61048865604607,-40.73218452845083,-34.50235561052136,-32.33098041075618,-17.112504655522798,-20.202593758232524,-12.128041396352273,2.85096414143527,-26.733663270448005,-22.172831174550765,-30.85293613007002,-38.18468769467114,-32.61348889774865,-18.64709956782636,-38.073795465450985,-40.8850307755697,,-18.50011315721258,,-16.374029574563792,-19.438165156890136,,-19.011086592855918,-16.38958154761758,-20.086675453262615,-26.47183430976611,-26.072600938757205,-18.54261092591105,-25.57065198966575,-36.471898466367975,-39.17979380306758,,-51.10639351109944,,,,
2024-06-13 15:09:00,-11.936897962116063,-13.696443717959028,-17.72505769287727,-28.601530497563317,-34.23615861085386,-40.650935764064,-36.17917203132879,-33.64919869428877,-17.120160558792577,-20.432323533512545,-12.305375460939786,3.121536757012109,-26.36229875750928,-22.215378324938,-30.746837275094776,-37.82285026639778,-32.44076492006582,-18.56967300017584,-37.78853453544775,-41.00119165751312,,-18.3671449885901,,-16.357299986977523,-19.255844974943102,,-18.94513601039216,-16.188710612475006,-19.74603066180589,-26.24308967714387,-25.919116326781477,-18.53205860875687,-25.067356755151195,-36.300296859512855,-38.93592416823026,,-50.5895768740354,,,,
2024-06-13 15:10:00,-11.282438090467735,-13.755318685594375,-17.59528379592348,-28.29421757449927,-33.78856498223831,-40.21310944637662,-37.64587811574938,-34.52073639390619,-17.07714179049526,-20.192544831742225,-13.679311354080937,3.670441340668731,-25.92749375267772,-21.746134932039695,-30.007672221113808,-37.57935644639224,-31.97520853656556,-18.109653640168602,-37.656507125187545,-40.843840915786586,,-18.211826810689672,,-16.0580431728431,-18.88928226502958,,-18.530002910662915,-16.009317907215518,-19.420316056986394,-26.04249355745742,-25.586803355134634,-18.123617347130676,-25.31081941675984,-36.22261218165977,-38.842933483272645,,-50.391528867828015,,,,
2024-06-13 15:11:00,-9.860417092833814,-13.285603360363893,-16.99469901843804,-27.58647231653049,-33.53109783701302,-39.83396151352349,-38.21259451012065,-35.62660570457433,-16.403660777603818,-19.716444427904435,-14.394779803508982,3.253775188225518,-25.34297288262519,-21.561494368903823,-29.245029973729288,-37.13635833230461,-31.565141740523927,-17.513963891829434,-37.54774381158927,-40.21138298741607,,-17.54227566280929,,-15.51087230460189,-18.383612700036792,,-18.226080205364724,-15.76104689821932,-19.426940627563454,-25.792847686388086,-25.370520879545438,-17.6638821994934,-25.571946901478896,-36.57411304453149,-38.707888528117564,,-49.89587736952103,,,,
2024-06-13 15:12:00,-9.712280869941878,-12.96690175306685,-16.251090049604045,-27.09709139276697,-33.339002166154614,-39.92424449328064,-37.77588359354627,-35.9801943833761,-16.126122712168353,-19.362284188067406,-13.44217674683091,2.041151689504659,-25.226825894290187,-21.70411293768916,-28.966938037343198,-36.933462064139064,-31.375120613845297,-17.731725556058706,-37.56553031999579,-39.75259538245109,,-17.054291557878287,,-15.399245276145848,-18.353881411959264,,-18.322972391176336,-15.957629989266024,-19.465152348057927,-25.78127008065576,-25.326033111413835,-17.571883945809077,-26.04233014763122,-36.70849440749407,-38.80512451315758,,-49.37774785208899,,,,
2024-06-13 15:13:00,-10.885084402401048,-12.832181626467445,-16.251347956389054,-26.973434346311024,-33.32914507138321,-39.748232285630365,-37.4494216835742,-35.72025682485332,-16.300729797913164,-19.39963087958904,-12.169957231172475,2.2884097504470446,-25.44729941278524,-22.145279274824816,-28.764336896282657,-36.97236037554518,-31.443311056591483,-18.0694263705374,-37.52449031041692,-39.34097048008789,,-17.089472174178354,,-15.644958555772973,-18.414432799386304,,-18.378480154609406,-16.09822929968186,-19.596417809854756,-25.78605423730096,-25.326891371777037,-17.45869447392579,-26.164010993519696,-36.894520509820495,-38.93284142242396,,-49.31396993782437,,,,
2024-06-13 15:14:00,-11.765776640091076,-13.0790618901583,-16.711469183542704,-27.435962755436776,-33.23601688847316,-39.820437170736454,-38.07055736722623,-35.47711234331405,-16.863929047863394,-19.757336893132788,-12.02147119906408,2.7851790923837143,-25.49076946125888,-22.628683529125965,-28.82325247834251,-36.80665194524744,-31.36330306798004,-18.31815200855752,-37.54774381158927,-39.296873289943505,,-17.33918356317622,,-15.783405793750262,-18.504684614497364,,-18.359070520133173,-16.16280719363749,-19.831823876529597,-25.779006473393565,-25.334759184550876,-17.363242810103657,-26.02468890510727,-36.872856633701986,-38.92126449601221,,-49.16386821072524,,,,
2024-06-13 15:15:00,-11.206546786288413,-13.461813456845903,-16.702508509799827,-27.44146216723334,-33.124077318295576,-39.67598975447993,-38.92063729744723,-36.87347923473885,-17.24503892270718,-19.884030092810463,-13.319493724955692,1.8813818620706115,-25.334888756094642,-22.443474059244636,-28.93973375665246,-36.793111475726505,-31.14690349589364,-18.188616606757847,-37.54158545137534,-39.81494106652235,,-17.661872094647606,,-15.75432233635047,-18.51180899588917,,-18.281574875501974,-16.017913706347827,-19.41476811397979,-25.776491156328575,-25.27897841522781,-17.45515993305753,-24.682792054369656,-36.582429244404466,-39.050525626178455,,-49.04564436825615,,,,
2024-06-13 15:16:00,-10.098834045764875,-14.223460739473921,-17.386817638422144,-27.61406946089801,-33.274544924737256,-39.9016519197354,-40.89203017934915,-38.317489242762804,-17.66258840024352,-20.109786821113858,-14.194866695359678,0.6625701805023709,-25.361636098857616,-22.478509160871454,-29.302654733723102,-36.75082229964852,-31.21235764906737,-18.349609722156345,-37.54432139299661,-40.6986875333273,,-18.208233384111963,,-16.028980626241264,-18.925609530303518,,-18.48859108127499,-16.019388391844586,-19.457458212615165,-25.79738713194365,-25.07928806070413,-17.95731333094909,-25.156316986386173,-36.77787985080158,-39.09412991039494,,-49.319356146093696,,,,
2024-06-13 15:17:00,-10.697500444943785,-14.691532695667775,-17.938019135036484,-27.779602417647084,-33.28148366078722,-39.97838146686274,-42.74908377834345,-39.942688315558826,-17.98882127779234,-20.244747379918863,-13.297837866852433,-0.32818968379979196,-25.348012079373575,-22.691605944750563,-29.345065533901106,-36.74405171602234,-31.261458701284937,-18.264521320422148,-37.44718243058287,-41.009629482644414,,-18.54857839625106,,-16.235577283694965,-19.00395253990291,,-18.530002910662915,-16.01509223396124,-19.428640597694084,-25.788073477835496,-25.070560460900197,-18.08471836361514,-25.8499479546781,-36.62073179841468,-39.09412991039494,,-49.42697898843312,,,,
2024-06-13 15:18:00,-12.661465698324832,-14.8830493407404,-17.950410147372168,-28.005041540574666,-33.106173866017116,-39.88809637560826,-44.20680784122851,-42.41389413698539,-18.345960400489048,-20.543693239638515,-13.329646460824506,-1.1032617929931803,-25.598348918714237,-22.96172978588561,-29.487727212173468,-36.806604460590506,-31.37784697763061,-18.724523353285235,-37.48822696920456,-41.09978374239927,,-18.78712040844357,,-16.395252403699487,-19.179398403650794,,-18.48859108127499,-16.019388391844586,-19.408150162433685,-25.80442949134749,-25.07928806070413,-18.088239546110344,-26.090790393114276,-36.696244110266434,-39.076768179824626,,-49.76315495462927,,,,
2024-06-13 15:19:00,-14.243232788846285,-15.009011504334012,-17.862082402927626,-27.878123103235566,-32.836819308113036,-39.89261489031719,-44.935224673456105,-43.467838530413474,-18.313999317828348,-20.67400867714582,-15.075812297603761,-2.0732117098468734,-25.534340132809575,-22.791177477836754,-29.033861133616938,-36.55634465318411,-31.120521895423394,-18.691545912920162,-37.44718243058287,-40.801336701134005,,-18.588391832753587,,-16.006645054716955,-18.88394376373344,,-18.095467622539672,-15.936136934275055,-19.40537479454133,-25.58976347946418,-24.827229845403963,-17.92376655441467,-26.977565553884688,-36.79342242126745,-39.08255542334814,,-49.83888939109954,,,,
2024-06-13 15:20:00,-15.015536794538889,-15.158607637658406,-18.222527138933856,-27.856095464723694,-32.614922122552116,-39.558579529230656,-44.66259968255304,-43.41732694709299,-18.555396761772045,-20.836462897730144,-16.895817116214403,-2.7328375718575444,-25.50081463978836,-22.698684584705006,-28.96186964459139,-36.49206830916336,-30.854993762555637,-18.728345391674452,-37.3999798840141,-40.966418465660354,,-18.702626029442172,,-16.088157999926807,-18.918722258082653,,-18.160133297684297,-15.822804340476523,-19.212630724614883,-25.49161810054602,-24.8167880701144,-17.84597181800109,-27.81524837801635,-36.57630147136979,-39.01580007415316,,-49.63828054678095,,,,
2024-06-13 15:21:00,-14.305042343913556,-15.314801781248207,-18.638638783744682,-27.83639027175218,-32.38723577078849,-39.531538904599756,-45.875305773558466,-44.6761898240336,-18.986395953828833,-20.988066608538702,-17.843042478317784,-4.344600942292345,-25.206995422254977,-22.66310261550325,-28.499729113388184,-36.13192817481996,-30.70860951857958,-18.770876883461597,-37.188609874736585,-40.9596740025504,,-18.87035635263419,,-16.14397852661932,-18.871721831388186,,-18.033368568929745,-15.771110120921094,-18.98936393144959,-25.28878566364756,-24.593488551492555,-17.875995657298517,-27.08162761695712,-36.5285909619904,-38.842933483272645,,-49.23831944211611,,,,
2024-06-13 15:22:00,-12.133524255920861,-15.876626920527997,-19.216413252538587,-27.826150775215183,-32.15754086571724,-39.33297132654445,-46.94712189273946,-45.60542152211292,-19.72164945911254,-21.569384502171033,-18.524916458029566,-5.331401282967363,-25.435589545355015,-22.997309411602828,-28.395997789070407,-36.11334340511888,-30.58041511524368,-19.225138594981587,-37.20640020764972,-41.4691464750872,,-19.36600209245603,,-16.44432877049894,-18.98982958663737,,-18.039787462436834,-15.773948075463068,-19.135589797043394,-25.284274106263638,-24.423419147734876,-18.096973645981507,-27.535789946473415,-36.66297159832743,-38.92126449601221,,-49.060272659680095,,,,
2024-06-13 15:23:00,-8.561253576860736,-16.31255956215682,-19.510888338658333,-27.686662536927315,-31.92172677556846,-39.01245453209947,-47.84335151228288,-45.20572097282957,-19.991823104901187,-21.784518848005746,-20.33383181877889,-5.8167937686416735,-25.327492922305055,-23.07554913770082,-28.359467895527587,-35.97635322275636,-30.456730638138424,-19.35203181962828,-36.99432991498111,-41.736877484038814,,-19.506369390440796,,-16.46554759051969,-19.04716104907493,,-17.95443647150978,-15.535741987545407,-19.042530630113106,-25.225885208370983,-24.323126346531808,-18.058077912328372,-26.491867616264244,-36.18431808947162,-38.66003668794815,,-48.73343179860876,,,,
2024-06-13 15:24:00,-6.285058007914472,-15.521334861085961,-18.209835409130392,-26.48539702407652,-31.48321583787333,-38.49353467244498,-46.5443367412779,-42.49927221549092,-18.0373108169606,-20.396757322144367,-19.560591596764198,-3.8372279467721455,-24.177104364826164,-21.73894489858185,-27.177158343926976,-35.452283904366425,-29.722112557504715,-18.23538409727618,-36.79805833076307,-40.70542779278503,,-18.113824101713817,,-15.137977268120721,-17.709445036201487,,-16.94465012139699,-14.778053689973603,-18.411619076589886,-24.512013454184398,-23.79377360944636,-17.15641987125673,-28.006257471618937,-36.16554276167858,-38.479878228503935,,-48.02798704447969,,,,
2024-06-13 15:25:00,-7.40761519358955,-14.24673164550859,-16.38796049310031,-24.432464698178592,-30.684355558383913,-38.073947894495404,-45.292324294312266,-40.18381767174333,-15.998156209946728,-18.27798591418332,-19.32068876776475,-3.306343574055518,-22.912218312718323,-20.31068014428024,-25.621660853107187,-34.82684933053372,-28.945855048817407,-16.984060369891495,-36.31313107193341,-39.01471252389001,,-16.199986802071635,,-13.796230948698394,-16.52458632019443,,-16.075897907663602,-14.340416586546326,-17.833956532749653,-23.838022529090267,-23.344693924361763,-15.876540967937672,-28.42739883930244,-35.953526239151415,-38.13576910252198,,-47.28819454357631,,,,
2024-06-13 15:26:00,-11.317676844068615,-13.082443448003232,-15.113145550626541,-23.195528516936065,-30.17918810218316,-37.63615534485973,-44.69324400617734,-39.17023362069381,-14.908215247194676,-17.06315476030045,-19.3497243972015,-3.4488776878356475,-22.15280473475218,-19.82035019959835,-25.094955549764563,-34.15385842009056,-28.3866599668371,-16.223039906895252,-36.150974189913086,-38.1281158030647,,-15.294706564682883,,-13.187967007234874,-15.980902627100477,,-15.836756153581973,-14.056280011599029,-17.632863868364893,-23.578718482038767,-23.090877394476593,-15.378076153070197,-28.86262246180513,-35.58759641001507,-37.84407081141501,,-46.73424744535669,,,,
2024-06-13 15:27:00,-15.488433704281078,-11.579540237031779,-13.835054615049103,-23.03459838794106,-30.078304094193527,-37.338288275006676,-44.33948463748311,-38.10593567097226,-14.301894688672519,-16.41263639331828,-16.85601535153296,-3.066545298910569,-22.07977875270649,-19.913427828568956,-24.912500030998444,-34.11334709026016,-28.306630353349988,-16.235612153137538,-35.980696204201195,-36.87426846903236,,-14.752760375229855,,-12.970820696442388,-15.809023399915532,,-15.645508872306436,-13.927157497498229,-17.554802268496132,-23.464548341001773,-22.920867036872096,-14.9664481977361,-28.5643523047911,-35.45938120544338,-37.64230534809133,,-46.28658097531229,,,,
2024-06-13 15:28:00,-18.211767668911307,-10.740988548597215,-13.752649041246514,-23.680391641634287,-30.13885426140041,-37.18942537980104,-45.163144179332676,-38.95892571918898,-15.214279869837583,-16.785240270606664,-14.690854925832582,-3.6893518160431995,-22.571813032495356,-20.376039475181415,-25.02947273546806,-34.07283785964131,-28.356724892776015,-16.726313485574025,-36.15716911212462,-35.79465299125013,,-14.922784965717256,,-13.092082771472633,-15.854334868435672,,-15.568105115568414,-13.783720325405739,-17.523271623148503,-23.425176930473754,-22.82235015526294,-14.59222963705406,-29.136571878430004,-35.52657225717621,-37.84986589573873,,-46.6027047035044,,,,
2024-06-13 15:29:00,-16.98745933248631,-11.133772902845067,-14.713917715628668,-24.437400192116456,-30.158307124758494,-37.08536187201776,-46.879154923354236,-40.36817167169988,-16.729349902656395,-18.36343676975025,-14.511650426490405,-4.5557275496980765,-23.19873742591244,-21.257156386571523,-25.492259838037853,-33.81053834043405,-28.50301244832508,-17.607081416400092,-36.20360780214787,-35.998487677040885,,-16.035502089190913,,-13.77182771288426,-16.564610313329922,,-15.940369269651455,-13.95874952738086,-17.668359021846754,-23.53446516410031,-22.81962948252658,-14.998865910674795,-29.156346355798178,-35.22993675334283,-37.76722900916809,,-46.60653499456737,,,,
2024-06-13 15:30:00,-14.608294727707744,-11.572423277075814,-15.494679902598364,-24.924768424763442,-29.980847345206485,-37.02652148864945,-47.682036179107854,-40.49911827257006,-17.445358171097723,-19.060073796032157,-14.94474843300327,-4.786307092121206,-23.061743721696303,-21.121387592393376,-25.805029235904158,-33.852572627296354,-28.297251088756752,-17.612013240650555,-36.238444169122204,-36.367949322774166,,-16.5741224000858,,-14.02152874038893,-16.79379778101338,,-16.009964461678464,-13.773521667637851,-17.49484755842741,-23.536260816554204,-22.826538448236533,-15.378580053999485,-28.58048962758221,-34.94050444950017,-37.59314092973034,,-46.3008070616537,,,,
2024-06-13 15:31:00,-11.325042613875326,-12.120751132920304,-15.925177582244032,-24.659460781989765,-29.765802902848918,-36.638302754026085,-47.93758239791032,-41.218154490584766,-17.15927102706746,-18.90281649894382,-18.720413786785002,-5.7267171970243,-22.509730547193158,-20.587157721705353,-25.63092745517247,-33.55994291083334,-27.859727118152023,-17.14471436347614,-36.211741981051546,-37.460730480849634,,-16.790474113119217,,-13.848873371042828,-16.790394527831268,,-15.987827713933711,-13.492151819236824,-17.152961026053163,-23.302610721906603,-22.58141163481605,-15.57962720756177,-27.93319646936061,-34.544520240069915,-37.326090175514196,,-45.8410563710047,,,,
2024-06-13 15:32:00,-9.723940112470586,-12.81466171919692,-15.956923054552135,-24.431889242944862,-30.017009774409416,-36.777952596587625,-47.99285483822882,-42.6606722322299,-16.786094678322797,-18.53328226531721,-21.915070006331234,-7.743825466970975,-22.271311528264278,-20.0737518595472,-25.916598513014833,-33.51905776071362,-28.0767029986406,-16.600792845065826,-36.27253705642033,-38.83809364761191,,-16.7882471708308,,-13.64385644954018,-16.89335666906527,,-15.914068481019058,-13.202171769171855,-16.801601316643882,-23.27394682810518,-22.62230362651644,-15.968286450097366,-28.10856696909832,-34.421536327942704,-37.342181504545806,,-46.05213523465784,,,,
2024-06-13 15:33:00,-10.42999773347617,-12.825573481955871,-15.825542488708834,-24.77224039799148,-29.98012044829352,-36.76873052435303,-47.599115036030526,-42.31559399350658,-16.53136869576906,-18.312351632016316,-22.204642816499472,-8.41142862746301,-22.442715511177312,-19.83864543711661,-25.970628379428263,-33.53913012123212,-28.166554742438052,-16.563079516567143,-36.40182667919362,-39.127006867064665,,-16.821727110303982,,-13.850360212258693,-16.923084812791785,,-15.94643189056842,-13.18637291940604,-16.919573020052212,-23.374057149169403,-22.846456279638005,-16.081493289966602,-28.21265522685053,-34.01102339130625,-37.22173788564328,,-46.49171316208776,,,,
2024-06-13 15:34:00,-11.993891510543449,-12.481896272121958,-15.928215917914713,-25.068688445292537,-30.280108672057395,-36.74150122416563,-47.272876299928384,-41.536425807852766,-16.69239207014266,-18.68065385636828,-20.710405133375843,-7.8716827215898775,-22.80189022093191,-20.37204551749005,-26.09434173770478,-33.52209638633161,-28.404747016914598,-17.069578922633696,-36.41889376675181,-38.7565429558681,,-17.05172536723876,,-13.902942134663135,-17.093260414180804,,-16.031804285798444,-13.50360013622685,-16.994923314239713,-23.46038783941958,-22.665009655197537,-16.099152477911503,-28.453639479812864,-33.997595169991655,-37.11438332756006,,-46.78648360615148,,,,
2024-06-13 15:35:00,-11.946682349221419,-12.528273503869968,-15.979817681389704,-25.29088601293529,-29.653671116464466,-36.38907260211488,-46.80419885706533,-41.43350162393244,-16.855391154356994,-18.95087871123428,-19.440001318359236,-7.548157278325107,-22.721002742924156,-20.172441655712646,-26.01489350930501,-33.141164487161745,-28.051609876160683,-17.197540241992016,-36.1123427027469,-39.095495704311816,,-17.051376792309156,,-13.718487498034847,-16.88672028025985,,-15.865034397575982,-13.139033399503205,-16.554395631196257,-23.15645588515963,-22.282895342364554,-15.915277108763348,-28.697654667798815,-33.20645323102849,-36.604862698688294,,-46.65862969945033,,,,
2024-06-13 15:36:00,-9.547793047505024,-12.601360210372604,-16.09837256715764,-24.610949096382456,-29.133697189366785,-36.018923556150185,-46.184989936705506,-40.671778756707,-16.52670022696566,-18.739618923338185,-19.741607419367483,-6.95776676309697,-21.896034572720282,-19.14710051521456,-25.650880459648533,-32.57957719528633,-27.497540029155857,-16.562295505100707,-35.77438542390769,-39.83335818706337,,-16.794946465847488,,-13.26367824545423,-16.48243696264217,,-15.312886388940115,-12.56342209389004,-16.029040764095043,-22.654451190666805,-21.832774273676932,-15.79875764780627,-28.850945129707725,-32.717288138497,-36.201222405260296,,-46.3928551096343,,,,
2024-06-13 15:37:00,-5.418527486103585,-12.121255425082836,-15.277739550147999,-23.275641199627216,-28.145327128113195,-35.07560636097082,-43.91256746574345,-38.61925420090324,-14.885295220155513,-17.712173617485632,-18.9422311350595,-5.679470947064601,-20.164766438117113,-17.880235866542534,-24.17149297830929,-31.715500508493392,-26.58448666305128,-15.604116277986776,-35.177888414139034,-39.59113430994694,,-15.91111803025251,,-12.311844455602568,-15.549273416017513,,-14.49532910217431,-11.920265585928973,-15.316987435728606,-21.851754900679225,-21.212611514202308,-15.130281390947403,-28.052696700764955,-32.391603900869995,-35.552244874555186,,-45.1055353419049,,,,
2024-06-13 15:38:00,-5.078809820952074,-10.720194142288165,-13.4866691552038,-22.21864156799984,-27.863635161531192,-34.57484793961237,-40.625104172059764,-34.798294633549176,-13.229163708074339,-16.356596606602352,-15.721421582827361,-3.830308163497193,-19.555885342284682,-17.390563910105357,-23.01439611212504,-31.049638459267555,-26.32489206271748,-15.11108734763755,-34.896137348746834,-37.714496604231044,,-14.50268549171733,,-11.642124248757227,-14.537303360651094,,-13.902879041708275,-11.838481909913753,-15.383696875805072,-21.677340294701935,-20.90049737277559,-14.086575307660041,-27.759592125474228,-32.54577355423157,-35.17770967094111,,-44.13348799186133,,,,
2024-06-13 15:39:00,-7.337624813700472,-10.310930880562864,-12.824948709747787,-21.637702776444485,-27.952692753785186,-34.27236009954538,-41.056146909375,-31.906288177569195,-13.196015536089817,-16.035982712215173,-15.16898441118542,-4.029877144709644,-19.98991670483383,-18.103219107143786,-22.653643654602774,-30.770589019657905,-26.294978981739973,-15.194562826778622,-34.939849396693035,-36.68706275484237,,-14.072603407475981,,-11.638308697758475,-14.471116058949065,,-14.037547566001194,-12.01510376699025,-15.78877821534752,-21.79420731298842,-20.846419097395938,-13.602288506666355,-27.169673013710508,-32.67397420636712,-35.09931022078456,,-43.62315405535901,,,,
2024-06-13 15:40:00,-7.872086861607613,-10.355571036287984,-13.143239815115976,-21.557992334077653,-28.023530271812433,-34.03265466315213,-44.52706474950901,-32.854922361527315,-13.56401356999163,-16.408764463554462,-16.66153963439956,-4.312157494603525,-19.88965450882506,-18.57966478065555,-22.755566768813196,-30.682165580558888,-26.16267462901169,-15.48510166079393,-35.03619572815296,-37.125795313050276,,-14.326960338892604,,-11.802358117651693,-14.811698330052877,,-14.27417773096795,-12.017909823606715,-15.63571407715881,-21.634830989544753,-20.815703048315754,-13.722548796699357,-27.28874508508534,-32.579794169834486,-35.03540521312664,,-43.41927768849621,,,,
2024-06-13 15:41:00,-6.672803167180064,-10.798609049908464,-13.619124298169027,-21.760151898829918,-27.859893886660302,-33.96025748938507,-45.68260687258339,-33.08073693582219,-14.463343556815289,-16.805135460444944,-17.559087895258017,-3.482486412424805,-19.882828097709762,-18.450814669823785,-22.880700364470158,-30.715776860227834,-26.049561032628503,-15.762080468958743,-35.03619572815296,-37.98713905410523,,-14.930231305696907,,-12.094656034761101,-15.140211082447877,,-14.52115158488914,-11.99778841883699,-15.66609472205937,-21.443145444490256,-20.724954853006693,-14.180438362033783,-27.236779355087947,-32.295394689763725,-34.840857033169186,,-43.35790927622179,,,,
2024-06-13 15:42:00,-6.290262897882712,-11.219483340214538,-13.885595197085877,-21.784957470581276,-27.635077904259788,-33.684823731867596,-45.69426273541967,-33.539007065124906,-14.694752374880863,-17.070786066082064,-17.233771380651206,-3.0228978817144707,-19.7798645380617,-18.293738522303784,-22.57348847576168,-30.338641706213537,-26.013243870275687,-15.652607210201296,-34.75360885880582,-38.0928995509571,,-15.079131952081298,,-12.139230827647225,-15.058616506888939,,-14.314190579911156,-11.809725224450176,-15.151311675394027,-21.209844971114308,-20.328038407309123,-14.171528801819022,-27.96364371630989,-32.16818779917162,-34.65792805701119,,-43.642262745305175,,,,
2024-06-13 15:43:00,-8.037843420827585,-10.998790750262287,-13.525862631961445,-21.623794195937762,-27.574447030792726,-33.445326719085074,-45.771315908659744,-35.80418221215268,-14.298657743064268,-16.929842198602273,-17.47463295084094,-3.036105258173393,-19.277493907372218,-18.18656389276316,-22.467215545445015,-30.270756650428268,-26.031402275902337,-15.105253254271389,-34.90610322867633,-37.88851751249149,,-14.803082336701436,,-11.727998894919892,-14.794578583409475,,-14.019261631361132,-11.512544610915938,-15.377346696792756,-21.137232303099154,-20.334905825144688,-13.92918013790495,-28.314328426676184,-31.847537299007627,-34.58675722644398,,-43.76969037625281,,,,
2024-06-13 15:44:00,-8.385197349548434,-11.317294765965926,-13.673894902815846,-21.422324558117225,-27.483768141728206,-33.313906453870345,-42.99029151912123,-35.98305888638606,-14.034672225884606,-16.55340105945629,-17.535735726577286,-4.83621540532522,-18.978685851116097,-17.993716552280148,-22.342554491370265,-30.211096068751942,-25.93004019773241,-14.980148182288076,-34.92311405411897,-38.75140441358553,,-14.788831275740677,,-11.728728003599372,-14.930465619165261,,-14.112439125074616,-11.506810419320118,-15.36397694847119,-21.19036911583953,-20.29640764937085,-14.203325595580736,-28.659334425449288,-31.63233671727221,-34.326827465291444,,-43.458139850017005,,,,
2024-06-13 15:45:00,-6.748577293780613,-12.110025098704227,-14.708215335829664,-21.285975340590085,-27.4301087401916,-33.24148601621971,-39.72305936297562,-32.25734806012133,-14.453686037558327,-16.826124710731847,-17.739741225696207,-7.329877193316406,-18.68970671265697,-18.057043756891062,-22.33829546196648,-30.092454781321067,-25.725063638099755,-15.313371669095034,-34.7876129742358,-40.08922045637337,,-15.45957173447573,,-12.14857519211364,-15.24551516164047,,-14.300096073052828,-11.503965316258473,-15.150574817364486,-20.9964481722418,-20.03375826833917,-14.523633437491753,-28.834694953869075,-31.22891373977177,-34.06545835256259,,-43.18811350453336,,,,
2024-06-13 15:46:00,-6.390534390661628,-12.289511385305104,-14.96446085208845,-21.805566433559306,-27.448891645934054,-33.069816842182604,-41.51671205916227,-32.84954291958843,-14.990008756177076,-17.3789946590382,-18.094751516572842,-9.148262504700597,-18.982454219789815,-18.547914183766807,-22.31336586008956,-29.955292420672208,-25.74322481403101,-15.819227369824773,-34.5905664885031,-40.28889700309628,,-15.986541662185118,,-12.334013655173294,-15.344583719767343,,-14.191407722632903,-11.462320747589274,-15.025886149520375,-20.840150023644128,-19.82702743793152,-14.629825285413062,-28.93877340520885,-30.913487719021532,-33.91881748679441,,-43.460464744148,,,,
2024-06-13 15:47:00,-6.474621827145029,-11.471300821875047,-13.868650371573494,-21.203660757287707,-26.95732757241899,-32.46010851455662,-44.11968864683672,-37.189649496460106,-13.787042973948473,-16.812192978612984,-18.445866111627765,-10.38609414335815,-18.406828884877996,-17.822080826366346,-21.573547649866896,-29.21599094591943,-25.245570630025327,-14.933454495370142,-34.28743768844174,-39.380742993495005,,-14.82538241923362,,-11.212212002928027,-14.266709671987883,,-13.443601742065766,-10.76881909737358,-14.467231155841091,-20.200356606114838,-19.27650449727207,-13.66562404544311,-29.21252135392615,-30.62080787691457,-33.15072254468191,,-43.07074388281853,,,,
2024-06-13 15:48:00,-4.286914403295782,-10.669115607700405,-12.717458136982714,-19.535946608559698,-25.82830749818754,-31.3542484981931,-44.33062163151226,-37.625298266437994,-12.057379786361253,-15.10926348584826,-18.995268643810277,-10.841025302704566,-16.481460484806576,-16.292099152678247,-20.19192217193131,-28.33347395416564,-24.02494798333487,-13.524256789663468,-33.49125607562132,-38.76344458311223,,-13.448961718104101,,-10.03002210761224,-12.968058314827886,,-12.517259418509639,-10.033684521034047,-13.716854695527672,-19.441973726929064,-18.576186962727206,-12.616466187577316,-28.86605728698214,-29.949877260435187,-32.40900369335009,,-41.5125342271034,,,,
2024-06-13 15:49:00,-1.8341280838383227,-10.354600267067326,-11.650042443869097,-18.00987489178806,-25.120720955319257,-30.478944232515914,-43.81774440301933,-37.69085111844515,-11.222989585555752,-14.080472805311274,-19.152695208772002,-10.724369231974379,-15.235105894333628,-15.538278391123185,-18.686218683698826,-27.464864317183412,-23.119531518683516,-12.985583949266044,-33.024132630092026,-38.31271398227591,,-12.802646765567943,,-9.480476391973298,-12.246501859970067,,-11.911863072130018,-9.769576004635383,-13.293652107669004,-18.891889399221327,-18.00249136638695,-12.041515438575061,-27.544565399095973,-29.72164207752826,-31.8328514429993,,-40.205002519605955,,,,
2024-06-13 15:50:00,-1.0435650876991076,-10.50698816299473,-11.855237227304315,-17.42106561097421,-24.874938174278896,-30.153877297978852,-43.35243711023804,-38.10895757651633,-11.53559537576325,-14.057070915152508,-19.66518190762008,-10.541808993379618,-15.05501798141131,-15.716898473326864,-18.197803623550726,-27.09120250200334,-22.807814640784954,-13.18933533079192,-32.85654220889319,-37.91454473657359,,-12.799347634612559,,-9.627236103130144,-12.390773383132,,-11.861586787939359,-9.726582724689706,-13.373009032699883,-18.787027691706044,-17.822867494463026,-11.795794634432696,-27.128442443488893,-29.9233521725871,-31.58895840520222,,-39.24451040692304,,,,
2024-06-13 15:51:00,-2.1483142491923672,-9.781427148477633,-11.507736573730654,-17.233231198864132,-24.680340241209706,-29.91047925154669,-43.95378794146586,-38.4766801368628,-11.407239108981912,-13.871194565609358,-19.079284420880185,-9.49233845031631,-15.085033331803515,-16.26619314819527,-17.77367385510729,-26.91585517255021,-22.711855433953133,-13.228581775797153,-32.71306043457162,-36.642824945937264,,-12.36780644624514,,-9.521974472881084,-12.043307838707278,,-11.860612088278685,-9.843040012785877,-13.44413000306804,-18.60797726070814,-17.73501347347019,-11.38060433187593,-26.92039125766678,-30.094120976929617,-31.544138022431184,,-38.71326476048614,,,,
2024-06-13 15:52:00,-2.172013476181519,-9.337298416726298,-10.84269137754427,-16.474864986864077,-24.256246190516322,-29.57250804699561,-44.07991310145371,-39.19154153826571,-11.202827309886516,-13.415920681567968,-18.299826830382926,-8.240825282908645,-14.474759663887653,-16.32465671400041,-16.99387487578747,-26.428029030883806,-22.225336401128402,-13.05876563456755,-32.54018028877681,-35.810672640980556,,-11.825618154790163,,-9.400031857397153,-11.871680456086324,,-11.775764215041363,-10.01411528093422,-13.620643017572093,-18.38264280029125,-17.567054764497698,-10.976470830403287,-26.816368237753068,-30.158513749574695,-31.352738341195504,,-38.01433769039079,,,,
2024-06-13 15:53:00,-1.1497946329678825,-9.147492495210372,-10.784119358857879,-15.482888372266189,-23.762222820606894,-29.157476770153266,-43.21010955979341,-38.91937377325212,-11.545453862304612,-13.331642852098867,-17.54237876985053,-7.038397492423883,-13.771555405594881,-16.26858350503926,-16.290605937475902,-26.049828628194405,-21.75472062494839,-12.85562779779616,-32.44036341713695,-35.465757664931516,,-11.916983831833022,,-9.386182490671672,-11.72959539659223,,-11.655798610083366,-9.994159846508865,-13.490586690918008,-18.20082409675024,-17.369112603733356,-10.805515796508189,-26.537081415057855,-30.1203263336929,-31.24829994981735,,-37.323137669388416,,,,
2024-06-13 15:54:00,-1.1239980619365042,-9.324418493827125,-10.789385250083342,-14.731542186392062,-23.539732927475825,-28.76955313346116,-43.15597746086428,-38.92663571972821,-11.866213871609943,-13.23692831675362,-17.156291306594994,-5.363947060849114,-13.494445623004367,-16.212787798286172,-15.73290622916852,-25.585195756084715,-21.356624962584306,-13.224158221972147,-32.2496624363248,-34.973181427571035,,-12.038719708186818,,-9.565937990143084,-11.792752459130043,,-11.890231006529575,-10.295713797172994,-11.293657496521519,-18.180174091341996,-17.34407049182846,-10.767805438576943,-26.225037052295647,-30.14116593855215,-30.923341936932502,,-36.32360655036837,,,,
2024-06-13 15:55:00,-1.4527650532152165,-9.517389819695836,-10.871677903464843,-14.792659796417865,-23.61924700975328,-28.75623783954029,-43.43064928784679,-39.47765743929676,-12.047518760148932,-13.222253166048404,-17.74922628723175,-4.942570710639302,-13.365595670404218,-16.625834968026084,-15.780407998776354,-25.44686048190698,-21.364247285417264,-13.232011698956399,-32.403013915804195,-34.806225892456496,,-11.959493036064487,,-9.722461661205216,-12.004891625394976,,-12.07272177676623,-10.386258764881404,-11.41420136332954,-18.115340928233763,-17.33639336549004,-11.070237444559098,-26.088255127731372,-30.18566889683143,-30.87988167120261,,-35.685071887112485,,,,
2024-06-13 15:56:00,-1.7350803466808884,-9.576430464848727,-10.640047471094476,-14.528133544331695,-23.595763747909587,-28.661672448474633,-43.64084541329726,-39.399457301957455,-11.894488610303142,-12.996930691264652,-18.463280857619793,-4.989255101410436,-13.24561844180812,-16.540510727265655,-15.91482048139369,-25.305069675516393,-21.254361348984276,-12.900857533136161,-32.32633886221174,-34.71988453870472,,-11.996929367395978,,-9.561709362050351,-11.886741411352432,,-11.920196820142792,-10.05048466950393,-10.943399507249069,-17.959224357523453,-17.111435099686332,-10.960764276494956,-26.192266140295487,-30.41006141989942,-31.007640661497817,,-35.5074227110191,,,,
2024-06-13 15:57:00,-2.6682416853956283,-9.366143794841719,-10.805501619043753,-14.332086627646504,-23.836987315387205,-28.79663790337986,-44.03974844366712,-39.63830390934663,-11.98078730511611,-12.752674990166497,-18.087969728378084,-5.244340370801638,-13.019353900566784,-16.63334021850369,-16.02115817629442,-25.443397568487796,-21.297028204162643,-12.98231057903243,-32.58479084625765,-34.37819704844969,,-11.928837877040223,,-9.55748632568475,-11.931979872737429,,-11.986134827641308,-10.133666782086038,-11.166417470052238,-18.154505039013657,-33.02093904170715,-10.79296943172585,-26.192266140295487,-30.32926501832094,-31.10623296695519,,-35.44481262810109,,,,
2024-06-13 15:58:00,-2.4561329149058793,-9.93634107275875,-11.835567880709277,-15.164103162085667,-24.12524284536562,-29.066606707125175,-44.992464740667174,-40.53375791366307,-13.041037250845875,-13.489718798528656,-17.97144907519214,-5.38089033319784,-13.38984001152744,-17.02320316849682,-16.848055574629143,-25.684330280471954,-21.62434627297955,-13.357609688038849,-32.69256444733014,-35.29112694202877,,-12.75795652383772,,-10.01440047799224,-12.4751959178584,,-12.407168143047329,-10.127619507720283,-11.178569167712794,-18.463921688736264,-14.511191472551218,-11.301469874697432,-27.02870224233493,-30.303074352206067,-31.121855433323958,,-35.68897435078463,,,,
2024-06-13 15:59:00,-3.22521454478931,-11.492005364112174,-13.694386666578794,-16.95921429057171,-24.56556310039059,-29.291619305879635,-47.45107607793784,-43.72992972488123,-15.075294952816648,-14.94758976009416,-18.69502810074391,-6.537451369549672,-14.284114051218012,-17.975204092695776,-17.95250145612772,-25.91838723764215,-22.184455659740024,-14.612422208818629,-32.82180798261811,-37.05575617213617,,-14.540058442463305,,-11.254266675692179,-13.800537745280963,,-13.166022745817827,-10.505050182795003,-11.194936985627919,-18.657178565561935,-17.276338685204337,-12.541941101295834,-28.21026026714526,-29.945133549183538,-30.95908627335575,,-36.35676214846649,,,,
2024-06-13 16:00:00,-3.043423211238178,-11.918045515361882,-13.806270145232702,-17.14031080965492,-24.49976773903518,-28.966994422066932,-49.68654355711192,-46.017455939301726,-15.06189228608173,-15.20068336092936,-19.561018622423262,-8.250844299597247,-13.999057748260611,-17.583538124113602,-17.793005488344534,-26.062519176560897,-21.87924379721767,-14.349766813982,-32.39574938292003,-37.156684643994595,,-14.615507636833172,,-10.863069266798902,-13.058520971584585,,-12.281396991600559,-9.686953966528108,-10.739145547228873,-17.957631640729687,-16.647789936575464,-12.299444256521838,-29.565958668438725,-29.726084101439028,-30.530985963670787,,-36.8111836567748,,,,
2024-06-13 16:01:00,-2.332754811311929,-11.274541311683606,-12.41444412738565,-15.78756548765432,-23.766967941333405,-28.551956203319833,-49.72631222480641,-45.228859024983876,-13.177565788327001,-14.090337029586408,-19.434831920777242,-7.915415451410354,-12.814106103590575,-16.15351862760167,-16.862843762495004,-25.68086928576406,-21.15663535471458,-12.933340536283282,-32.16670185190651,-36.58357766709605,,-13.025751073100764,,-9.467819044789394,-11.723891857806393,,-11.307470428381748,-9.012300443461754,-9.947936162097449,-17.58897445883349,-16.324361761236105,-11.11619846361691,-30.106966983652455,-29.499793303279148,-30.169717603523736,,-36.58099628111859,,,,
2024-06-13 16:02:00,-4.096545092306087,-11.950391836910512,-12.982549918318455,-15.901993484387049,-24.113756454180475,-28.781524216031585,-50.24062517121547,-44.99426385389597,-13.564637540204103,-14.21900492710347,-19.759418475545772,-7.856333427975187,-13.10496530977207,-16.40915029628013,-17.3083599569527,-26.008325995677467,-21.47992151972028,-13.273244838219512,-32.4126195218837,-37.47193517459209,,-13.577329266752713,,-9.975745770730555,-12.371924335961012,,-11.831141255303919,-9.220281610822894,-10.083329072161632,-17.9034002179651,-15.748959760529033,-11.464305990618413,-30.93964182180889,-29.638000672702674,-30.33770685571801,,-37.196430657672636,,,,
2024-06-13 16:03:00,-6.280974871522517,-12.719283354856998,-14.240854809553639,-16.853928555873836,-24.449173994050398,-29.0194352857784,-51.350474852376465,-46.99394301050097,-14.810158023792383,-15.456413596440143,-20.70842465617602,-9.470515305817571,-13.806068455146942,-17.041699553599756,-18.05712443724724,-26.033723145963336,-22.00793242934276,-14.030697507694526,-32.55248746016423,-38.190367639270335,,-14.588763778714792,,-10.723892623557276,-12.922776412247913,,-12.03782637426275,-8.961597105570036,-9.879064250095325,-17.927622386240728,-16.369377354113112,-12.079611161469074,-32.001622974223665,-29.16379406881083,-30.32411203751269,,-37.65896376618514,,,,
2024-06-13 16:04:00,-4.820212227799061,-12.772020562303624,-14.437038602714438,-17.22201815303879,-24.608494366898412,-28.978582404252847,-52.400560578835666,-48.720835761952,-14.818938652479119,-15.68467651003175,-21.79603350334014,-11.892316012948868,-14.038492792468787,-16.749220087272533,-18.489689965846992,-26.082178490796252,-21.97348767043809,-13.8599585664181,-32.540909238493214,-38.13413749287429,,-14.613205541510979,,-10.21852253894258,-12.552501494250464,,-11.773625879451629,-8.51483501391158,-9.324414239690213,-17.80567319587317,-16.071924451287032,-11.663657775543015,-31.683895822213344,-28.73664899268556,-30.062689253388157,,-38.035229532162134,,,,
2024-06-13 16:05:00,-4.346402011780469,-13.24897221157471,-15.013276979906095,-16.91309974163255,-24.285095157438036,-28.72142586419193,-53.35671081819305,-50.40573858481548,-14.379716430468761,-15.250899904071275,-22.718413816972088,-14.747354003884084,-13.417281583524527,-16.001822383330136,-18.122711141703576,-25.903407785280763,-21.772878511605995,-13.606915274667756,-32.15580442067744,-38.49450440098508,,-14.417826860247487,,-10.143526096174355,-12.436013829100375,,-11.789065251177817,-8.638343126148811,-9.290241610393423,-17.491124428407147,-15.722414193507575,-11.728865000204223,-32.64448588173809,-28.86295273435303,-29.781154182172827,,-38.305431370733004,,,,
2024-06-13 16:06:00,-5.388852364801664,-13.272749578763523,-14.934697820101064,-16.328050798534832,-23.746717843908073,-28.314594209530924,-52.62740225179755,-48.72500819532411,-14.176640154030792,-15.025483075077545,-23.03445578513856,-15.455704351523309,-13.231962659018336,-15.837917393440193,-17.69682960840896,-25.458245782895176,-21.379911099716423,-13.656276757861008,-31.993508038706068,-38.854910113875576,,-14.452610314161575,,-10.267435496201415,-12.422087431902128,,-11.569154585489287,-8.390005812002073,-9.22041309350061,-17.322792807468886,-15.449980919759128,-11.631587745213437,-32.870590845660445,-28.399474618241356,-29.31926437571053,,-38.48979869411289,,,,
2024-06-13 16:07:00,-5.702359562503943,-13.599791872578862,-15.376344789625819,-16.945102713842743,-23.964540141576435,-28.400012694216343,-52.40290320139957,-48.35078181880817,-14.934898203121975,-15.719474209321561,-23.928561055443424,-15.756506132886898,-13.795364651213049,-16.150646996275555,-18.02209008698469,-25.484760718923212,-21.506815257887297,-14.235704471397923,-32.00508026712964,-38.967757178008014,,-15.039235809470256,,-10.43375516838205,-12.519408445198223,,-11.431962778793604,-8.088377958680212,-9.536633383439494,-17.446182335339017,-15.549468836731648,-11.804788756066955,-33.16680604581961,-28.48218171089684,-29.277090936300397,,-38.56206781086735,,,,
2024-06-13 16:08:00,-4.601369105766025,-11.638210863519816,-13.004397274547046,-15.773948627313075,-23.369609980553378,-27.655177564152723,-51.60199280156098,-47.09299835666752,-12.463722973060158,-14.36132225288111,-22.83894383798497,-14.472537908368395,-12.397070050273669,-14.358140210050124,-16.696120994349258,-24.773197780422777,-20.716780196282116,-12.352956938484454,-31.364126479709967,-36.413368491112124,,-12.800659627099094,,-8.27678295433725,-10.254656332677314,,-9.848585582863507,-6.977126210310416,-9.246412304017213,-16.4426330202582,-14.792330548596965,-9.859171070122557,-32.870590845660445,-28.315853130171718,-28.715319609443213,,-37.85845238201557,,,,
2024-06-13 16:09:00,-3.794954050420529,-10.331056099827492,-11.506495588551843,-14.31744979713585,-22.854473972145342,-27.235483369157237,-51.32423897368153,-45.98068303981813,-10.508083524175163,-12.573375864248192,-21.579287531726095,-13.92153907747388,-11.322990665194766,-12.878413599887608,-15.779862910870634,-24.19658008166357,-20.05485935400793,-10.976044475948726,-30.9995338843255,-35.738009804873855,,-11.111352569696237,,-7.232276557811474,-9.502016601790729,,-9.404786939786845,-6.500353417493443,-8.817766692807709,-15.96403201744306,-14.323975447236535,-8.909432323117471,-32.59081028358969,-27.767846845405302,-28.24503542686898,,-37.1493619928242,,,,
2024-06-13 16:10:00,-3.705317276904111,-10.66995780987736,-11.949619546601298,-14.077857876528924,-22.71413923501109,-27.013639970120607,-51.22968943420756,-45.032504186226106,-11.127222013964001,-12.53119589831067,-20.647602618785186,-13.310692823343288,-11.144112901467452,-12.956217330589652,-15.673823102158167,-23.96235990117225,-19.744825311968157,-11.356744109936301,-30.74001256223255,-36.61988660096313,,-11.843491697528407,,-8.095817847723993,-10.167679878710715,,-9.86264207041404,-6.735678798353092,-8.994324954731383,-15.7813518050516,-14.205069374214418,-9.51612690827369,-32.10452928886707,-27.596076720884184,-28.038706750439133,,-36.77253248590853,,,,
2024-06-13 16:11:00,-4.203887232524835,-11.279764010533654,-12.66206942860208,-14.943694746256597,-22.84540600393302,-26.70129253178277,-52.11904740344835,-46.25405068899954,-12.34235622996539,-13.703422059969398,-20.535987552431607,-13.900698558984914,-11.816971652768416,-13.745701443247299,-16.349291390210965,-23.775391565606583,-20.11084100262576,-12.262869275497138,-30.706914587917936,-36.49785115435998,,-12.707503742689141,,-8.574099778833897,-10.419728843690791,,-10.035939983456501,-6.635115514261088,-9.159997434042907,-15.911857442159999,-14.077493220218912,-9.581651580389462,-31.826582992808653,-27.38882785132614,-27.742137211033082,,-36.9027185173353,,,,
2024-06-13 16:12:00,-3.494864431309452,-10.80943770528529,-11.884672601386683,-15.254480571353724,-22.72835448417345,-26.330640633696248,-52.45147825881986,-46.714198411222924,-11.595877159888687,-13.5140988344167,-20.24928619861089,-15.365642439991461,-11.659911756846896,-13.388856360860245,-16.422637697112123,-23.478892391241516,-19.83944324695119,-11.388230874448197,-30.421634690804012,-35.923653040561476,,-11.844054190664338,,-7.349868521303506,-9.55718699597901,,-9.313668177883756,-6.030430464957135,-8.341031597767596,-15.46100454037878,-13.662158206394452,-8.910494881854447,-32.34745752472645,-26.85712184285694,-27.33404967653496,,-36.98141753195887,,,,
2024-06-13 16:13:00,-2.2741413746215358,-9.625340630861047,-10.63857391449801,-13.584335218221668,-22.245763010679866,-25.550024306037358,-51.7451425271538,-45.62383967506685,-9.558015406097184,-11.599463650526559,-19.46641044470107,-16.052985574330705,-10.214158929864425,-11.38166804216553,-14.968233278519392,-22.784750191932915,-19.10500079742644,-9.901163297633502,-29.913641270580456,-35.38486443026204,,-10.328330516155802,,-6.269240274557433,-8.423570039254173,,-8.231951789442974,-5.222037436286428,-7.54954286032671,-14.712119027828521,-13.123434498671031,-8.048709502566908,-32.171929605648074,-26.689080913113003,-26.8684002959576,,-36.2572301265825,,,,
2024-06-13 16:14:00,-1.6298216709046756,-8.95650499521662,-9.9483485871624,-12.450629766462043,-21.82662625718831,-25.32000327060848,-51.274006170522625,-44.644532443207254,-9.080134657586314,-10.580944779136871,-17.867540096434368,-15.285482016430251,-9.38983456563983,-10.769913915477218,-13.920102189606268,-22.230011663167602,-18.492202286869883,-9.596089839680616,-29.592632936368318,-34.93524489256788,,-10.096154188810715,,-6.18138524098822,-8.169895702234044,,-8.059982756032696,-5.069923580028444,-8.050804228260404,-14.385473859568265,-12.834646232142859,-7.596051830957094,-31.93075446871353,-26.51641622986085,-26.50252493984135,,-35.654802680155626,,,,
2024-06-13 16:15:00,-0.6188079280251486,-8.591109980123747,-10.050052409988893,-12.50880481223976,-21.613667462983813,-24.749853312840628,-51.06270211237211,-43.81057831045655,-9.546148980398357,-11.06171037419358,-17.331531871271864,-13.783945114211292,-9.499450059518495,-10.948011183742437,-13.875272328365327,-21.702583790997892,-18.255734923818295,-9.679724122426165,-29.31517917554652,-34.331796422812204,,-10.02798974999746,,-6.057561436188735,-8.215162044713452,,-8.12862565999194,-5.056881442032136,-8.454704939366366,-14.373213600360486,-12.697313906679028,-7.548449435436851,-31.826582992808653,-26.0091671629566,-25.99829799357417,,-35.08329508880013,,,,
2024-06-13 16:16:00,0.5298743725105624,-7.719784409836393,-9.123624683690196,-12.105945933076555,-21.440363297096837,-24.36589142544824,-50.925482460621424,-43.84529858251449,-8.459137435675757,-10.279422035758671,-18.41127422044451,-12.862677451736545,-8.824150288354076,-10.179531919783358,-13.589536650260698,-21.467224696959818,-17.935156404296208,-8.943181782686793,-28.947990775818653,-33.576604920622685,,-9.119329386936897,,-5.377021808799782,-7.469428564585087,,-7.6587570521223824,-4.50240930020982,-7.402885735797554,-13.922319500215963,-12.33711390919234,-6.953939954880298,-30.69488291357584,-25.558425698445035,-25.58315084608239,,-34.275995976129366,,,,
2024-06-13 16:17:00,0.6295973601537526,-7.9130276071064145,-8.958252385700689,-11.492442293640806,-21.098389076580588,-24.10477546383504,-51.70497992615606,-46.166786238994064,-8.337834113411418,-9.752271244697795,-19.741130960382634,-14.253751117607408,-8.355951293492808,-9.780616340704682,-13.141232594146913,-21.139887165406606,-17.65458016836226,-8.904352061269662,-28.915976442124474,-33.928204636940336,,-9.154076986664677,,-5.517784622558793,-7.596243316442724,,-7.6587570521223824,-4.630323322883669,-6.990850869605765,-13.624388775883745,-12.141321195289038,-7.054823760291583,-30.639968395370943,-25.609418281352873,-25.33805818238261,,-34.00855164567861,,,,
2024-06-13 16:18:00,1.1545539848700628,-8.206071017973045,-9.075059132463139,-11.345012053100618,-20.46382419160409,-23.63030030027221,-52.69414621225974,-47.93313866946346,-8.761957095249954,-9.840885427778403,-20.09278169258937,-15.961777759893721,-8.269772083626776,-10.008759700035625,-12.762915076162699,-20.49503405330961,-17.23184041272748,-9.227383699470238,-28.40948078359702,-34.139516641680075,,-9.488818994314443,,-5.892478280258274,-7.926795488393509,,-7.866032434531462,-4.840201044831701,-7.67020515483091,-13.528861940583283,-11.9596121890404,-7.290422268888506,-30.639968395370943,-25.354921830296462,-25.021429495635175,,-33.76253471110522,,,,
2024-06-13 16:19:00,1.850413013976663,-8.300614888496057,-9.165245568555747,-11.384462450521141,-20.236682314675136,-23.119464144774952,-52.9429118264386,-47.977330557520645,-8.743195141429624,-9.963159665994226,-19.723837387728963,-16.61921254055642,-8.106170601779695,-10.05845827068515,-12.656485350798903,-20.07154054377054,-16.842727136992266,-9.151731912486326,-28.162590121979065,-34.030983921315055,,-9.383217469678584,,-5.892478280258274,-7.827676090551449,,-7.735405201439789,-4.743962113178441,-7.535966867279967,-13.325501117652948,-11.833061108701258,-7.173682294829632,-30.69348704829099,-24.883193124504487,-24.558211556631704,,-33.17687279705501,,,,
2024-06-13 16:20:00,2.0991760912945665,-8.34527380974805,-8.878557707786058,-11.166462181498446,-20.13129932169295,-22.75928758675491,-53.60161795321028,-47.82903505921581,-8.591788039329685,-9.648971386877065,-19.401364894669086,-17.232812295708754,-7.869415351511634,-9.888019688303075,-12.364954840924383,-19.84140520500216,-16.858243021767066,-9.278623991293102,-28.005186220809264,-34.31728841803033,,-9.344389623312964,,-5.7749880441174355,-7.853830628439027,,-7.611464113712827,-4.778773725398423,-7.462288668349629,-13.184808482906192,-11.66761644294229,-7.251508912023382,-29.804257782732293,-25.11164175400313,-24.360115439013725,,-32.45405390964993,,,,
2024-06-13 16:21:00,2.0885575254975492,-7.439907914893865,-8.110677652301092,-9.90927220111962,-19.29548371781425,-21.830218820670325,-54.177903947700315,-47.688066610885926,-7.1267089736168145,-8.457839211594091,-18.03878965338049,-17.426700400548725,-6.725163692402475,-8.751164765027397,-10.779149081852665,-19.089047651150054,-15.944485622429966,-8.19392877046323,-27.615057567985104,-33.30565083528836,,-8.216201405108677,,-4.898858565281898,-6.726337217071887,,-6.6653857947726465,-4.302754687615561,-6.801391376523043,-12.343883141666083,-11.191789897957733,-6.373108773338572,-29.35510436354798,-25.236373308492375,-23.986141670812003,,-31.67831788003059,,,,
2024-06-13 16:22:00,3.96040757548451,-7.016851365937782,-7.318210236175219,-8.622219002800875,-18.593093989968793,-21.52364774570833,-53.84573729119961,-45.95774581124806,-6.1569104251577755,-7.2331535571047425,-17.140423002598254,-16.240932005483046,-5.860482455091869,-7.891639502158341,-9.742792713143217,-18.258842858762932,-15.171605443075464,-7.47763821694133,-27.291478974583697,-32.72063524547639,,-7.288205817754488,,-4.3064726499969765,-6.043759524038251,,-6.410999316216476,-4.127733011801411,-6.490736416917571,-12.114851135472236,-11.074999912198109,-5.650547493915383,-28.76340979053157,-24.87654413569976,-23.832593785907648,,-30.634086480860333,,,,
2024-06-13 16:23:00,4.833379595427573,-7.265253003371072,-7.59805219367945,-8.717958533161664,-18.69385193092785,-21.433822984709764,-53.479690978483404,-44.51371801063078,-6.875370878739886,-7.35603662964877,-16.24340344164625,-14.508232241415499,-6.301757996350261,-8.604841848610931,-10.179805104351317,-18.244007436161382,-15.400440430490448,-8.264585553378964,-27.2185811784218,-32.82063629843651,,-7.748038978849536,,-5.193526906090483,-7.097909350531609,,-7.328702819362206,-4.8746202250408714,-7.332926403147667,-12.49186512745473,-11.340056647507026,-6.428113393224521,-28.573058827544173,-25.05480196859412,-23.83147855343327,,-30.305049914650226,,,,
2024-06-13 16:24:00,3.2427887753940468,-7.531996204096231,-7.773347678451955,-9.287993468260083,-19.045087004938523,-21.19927707012755,-53.1960550004635,-43.96107318477357,-7.701877458399849,-7.820377247192937,-15.295230273419065,-13.170663476948903,-6.8942918788293355,-9.35362128534598,-10.291879688704284,-18.301769166565975,-15.629261662582621,-8.773238365531114,-27.189165857966373,-32.59799366232937,,-8.242531043852296,,-5.639283195632288,-7.402998157640468,,-7.36558442000387,-4.849346936258371,-7.279952863762901,-12.331825559336721,-11.287102072087237,-6.614911501406368,-29.565958668438725,-25.092075515200804,-23.82560454038503,,-30.311565322598994,,,,
2024-06-13 16:25:00,0.6869716287267238,-7.272004779611052,-7.6410043477435465,-9.212352642604401,-18.883541882058125,-21.262002577925728,-53.2639957856461,-44.4257733126376,-7.9267575644003045,-8.139006393522777,-14.939385918964717,-12.029130516515579,-7.20139896644946,-9.667449067836287,-10.527141999271862,-18.225661308754695,-15.635736141895563,-8.613275260442578,-27.17125870692189,-31.7137172127932,,-8.155066743974885,,-5.330592496531153,-7.022943309242692,,-7.03990515949954,-4.532203472818765,-7.1555112830506005,-12.23837531368099,-11.304381345719321,-6.16499195596225,-29.98241804686495,-25.025644550346215,-23.84434146354124,,-30.4011546664417,,,,
2024-06-13 16:26:00,-0.6000819874579975,-6.590467328274826,-7.582160679796289,-9.13850373624473,-18.745357454150053,-20.999625977283017,-52.32056711114046,-43.45081265861472,-7.743573056093965,-7.921659477367484,-13.69312760499679,-10.05136202030053,-6.769774066249283,-8.961791375645817,-10.333828073820541,-18.030511492208404,-15.449552622685928,-8.221110027948953,-26.77349274199105,-31.702131428631674,,-7.866161701853116,,-5.018277283535099,-6.888392095811923,,-7.023612573914761,-4.386810503396191,-6.62667358050021,-12.048254775864734,-11.202652758732711,-6.112905818463332,-30.675522502933745,-24.682047565373068,-23.601571592329947,,-30.45328071662425,,,,
2024-06-13 16:27:00,-0.24078929947927463,-6.608426073718874,-7.944368079758078,-9.545115840802737,-18.60955743428258,-20.741876863826405,-49.53614696753607,-39.57592612287431,-8.356922410152492,-8.340573701334733,-11.51513353795599,-5.743738364175897,-6.489446039442328,-8.917561668836697,-10.485032701855744,-17.94386057320986,-15.147048502570442,-8.399458433303437,-26.626410401800513,-32.62383602053342,,-8.493928480642353,,-5.430600455967124,-7.3081607682315735,,-7.034765525742387,-4.098117188079414,-6.538978645434781,-11.749435036211707,-10.859822600253665,-6.628475965203961,-30.816803025129957,-24.090429782445426,-23.22398791868136,,-30.384856637750545,,,,
2024-06-13 16:28:00,0.2301111289344817,-6.450227541451113,-7.9808345399901555,-10.150138968481542,-18.349630045458298,-20.587850541589773,-48.089616090802565,-37.198495276715676,-8.549138810229351,-8.90724200907107,-10.609561374020586,-1.2294738273176335,-6.463252177537925,-8.788370118470084,-10.54665135712412,-17.78460753315096,-15.12761618213699,-8.27294613024614,-26.355247212335144,-32.54296180004803,,-8.592590989056134,,-5.098194366458301,-6.913162355649547,,-6.413711160885214,-3.515219000728848,-5.866791147965614,-11.467061397876478,-10.760316592063646,-6.3905840673292005,-31.683895822213344,-23.821354595602998,-22.95658495917428,,-30.69519926964506,,,,
2024-06-13 16:29:00,-0.2232179803810368,-5.393278003764408,-6.333295894943149,-9.13498482729915,-17.79231115500056,-20.26196770303295,-49.09473536669066,-38.59154570987789,-6.431039279832021,-7.452474326943275,-10.503885557529202,1.8919604114698814,-5.690596998572346,-7.329370477400516,-9.905185262324721,-17.10384751042443,-14.648063415144861,-6.812665854289264,-25.898606281831462,-31.32377172332008,,-6.779766598969445,,-3.3012651915937568,-5.291133021916266,,-5.236122336937115,-2.5889003609349857,-5.019169204824266,-10.9596155199024,-10.36115974192171,-4.9149858493469765,-31.85940899921843,-23.06595223999193,-22.40890257949104,,-30.766070875154014,,,,
2024-06-13 16:30:00,-0.5394516818508919,-5.197198562773792,-5.374424510512654,-8.583519949861511,-17.354266516545977,-19.82303521566996,-50.96969594395591,-41.83899273993666,-4.9952356644544125,-6.494359362557134,-11.626015128416157,3.0223120390451186,-5.009018697227248,-6.13161578962422,-9.585754063618651,-16.750087108831167,-14.288542137799709,-5.683880995100623,-25.415053554636643,-31.750130987151806,,-5.825072434356343,,-2.5226452417055043,-4.757837549063424,,-4.6219672439051465,-1.8703136973072105,-4.208185284863248,-10.360638638914224,-9.835423954987618,-4.433997621651542,-32.27610657160312,-22.273185734003164,-21.837653618957575,,-30.642237648536252,,,,
2024-06-13 16:31:00,-1.4375624080880698,-4.677788857370615,-5.173267099143686,-8.311338862554749,-17.246401076803522,-19.74948522601551,-52.64241222880082,-44.64760051527446,-4.409221377328322,-6.008935281980484,-12.314848689615474,1.8591147101114984,-4.772898068939867,-5.546141369265797,-9.538028180523725,-16.664123040414665,-14.062005484057067,-5.403721378007191,-25.076038697829972,-32.027846073955516,,-5.6985346683088665,,-2.4705334458881225,-4.798900163824783,,-4.51224179152814,-1.5235725159905087,-3.8008502843090355,-10.181635512631601,-9.580051740008457,-4.425862932501786,-32.55581934415659,-21.832168367268196,-21.40008826002213,,-30.64465577344447,,,,
2024-06-13 16:32:00,-1.1035929246609157,-4.6435516235387695,-5.605004204307988,-8.585381532487418,-16.72881338395746,-19.270237487286863,-51.64677743366133,-42.30759753228085,-4.878358749653444,-6.240867161940514,-12.026193562153821,2.1375917440468584,-4.399386364113525,-5.801876978758173,-9.470750592460945,-16.160827020081115,-13.734829827517729,-5.862034409388997,-24.655191234298627,-32.453556494202076,,-6.161282707185819,,-3.048552317602571,-5.1310456319833975,,-4.92470939259556,-1.763136300045062,-3.989744031859118,-10.001901697551602,-9.409174829179847,-4.83308724712424,-32.66000282672485,-20.948541819773027,-20.748011991102658,,-30.55253897899479,,,,
2024-06-13 16:33:00,-1.7683164263157778,-4.943526151855167,-6.339367769366618,-8.903137658169953,-16.488042043042697,-18.865388576606847,-50.61540938588905,-40.21082830002024,-5.831064425287195,-6.995862018090975,-10.423304621170246,2.691745227461979,-4.939235406050557,-6.5223752064007385,-9.179447983103046,-16.025499395803195,-13.622658827744317,-6.481849463644636,-24.113092755671687,-32.36128126735639,,-6.7560219249505735,,-3.320786306802347,-5.211761338382985,,-4.725119122135766,-1.96656591059309,-4.244001903403387,-9.848492014119984,-9.316479288606843,-4.830342299333097,-32.79701712992164,-20.98212018586878,-20.373155750919068,,-30.740778818008835,,,,
2024-06-13 16:34:00,-2.8849696392405804,-3.4953652856329427,-4.509698527874207,-7.921123608958624,-15.76017640061059,-18.013140819849923,-49.97448422904358,-37.88511305025827,-4.068576603647216,-6.068138448523314,-8.153939574232709,4.137541697056349,-3.83795139911399,-5.271324653675492,-7.832256564084901,-15.349651492543558,-12.739061171388926,-5.15401414524527,-23.463417185897697,-30.158797110528212,,-5.012276055749226,,-1.308058902322955,-2.969977865009696,,-2.739064092731496,-0.6049766186997658,-3.04563793762145,-8.83032547013454,-8.624470722517344,-2.740150233150871,-32.97256356583284,-20.830703294292107,-19.920721456552883,,-30.598243272342074,,,,
2024-06-13 16:35:00,-3.569157348489739,-2.0420271892307937,-2.4452406166492437,-5.900995162297704,-15.22850704311486,-17.660916296994287,-49.66594505942203,-37.25212297334792,-2.0349718736804334,-3.982876163755236,-7.197258934404545,4.285163231274055,-2.328478609982085,-3.499814650230064,-6.566241548147673,-14.632161992587271,-11.87955508586731,-3.521555782177387,-23.11939253277592,-29.00858557919173,,-3.0532519048704216,,0.05815511079208591,-1.873129771100139,,-2.0972356936731558,-0.1378670699932627,-2.3974528014100542,-8.434618881099595,-8.325912623448403,-1.572941113951856,-33.23426055241407,-20.478170793300933,-19.63354426784349,,-29.800741485819685,,,,
2024-06-13 16:36:00,-2.9076496969325945,-1.827544981706069,-1.925242239239651,-5.2143113773415735,-15.223550884463066,-17.524579079058412,-50.06310778292436,-37.69272595135499,-1.7473430308630213,-3.4634049080973455,-8.363849255942341,4.181999042094958,-1.6672771641904092,-3.113619031672897,-6.39200116204961,-14.419183177615537,-11.592071506700677,-3.222770149667639,-22.9503446578301,-29.993317690962613,,-3.0055285120115514,,-0.09463307925716435,-2.426557597739702,,-2.740399484045156,-0.4385182054074903,-2.4008648854469357,-8.416708022769399,-8.332212054275715,-2.2015785841444995,-32.99168866712398,-20.2470351101872,-19.36015820286184,,-29.043904198884206,,,,
2024-06-13 16:37:00,-2.1429246975608294,-2.902140923155457,-3.369573763135577,-6.126590171480302,-15.572148891202687,-17.549949982927956,-51.218699507637666,-39.306001551952704,-3.1098664799515063,-4.692034240801377,-9.655596797532553,2.0959528884272913,-2.7399487633351782,-4.20176354750447,-7.3890693648515935,-14.26461798578464,-11.956162008558636,-4.515772848353919,-22.95531768251749,-31.56194167894091,,-4.342076761788576,,-1.346445252700505,-3.7996587776469823,,-3.613240788202347,-1.0772932672321076,-3.0372832706025292,-8.831385583989231,-8.527794129762697,-3.304587110189459,-32.29116420050741,-19.76204802925895,-19.312966779034696,,-29.00294549166597,,,,
2024-06-13 16:38:00,-3.4329059897314664,-3.3606013126413927,-3.5522031061304915,-7.154615266458904,-15.56755795192953,-17.631241939971233,-52.49407270395113,-40.72264433559394,-3.193598592235503,-5.063335391585497,-9.606681842308035,-0.3309273143381688,-3.416270974063309,-4.721953453545893,-7.9074496478708625,-14.387964580879725,-12.349151550882311,-4.820605182140895,-23.07050541566423,-31.307248352054103,,-4.41578897319846,,-1.281030198778808,-3.5999921729871858,,-3.3534308976581997,-1.0259055679516678,-3.0059828477942574,-8.673437799404383,-8.358090890171752,-3.1209089815329207,-31.90887800445489,-19.8513013646741,-19.44671798846298,,-29.700230160304613,,,,
2024-06-13 16:39:00,-4.371514888718252,-3.109517848486121,-3.158851816234346,-6.633493282364498,-15.63811355787675,-17.77689798831875,-52.43205377300319,-38.67626791463613,-2.513564932158488,-4.2535790294243725,-7.432430391434309,0.911254242731502,-3.0482776658270723,-4.2518848560480365,-7.604945937100865,-14.474085352691986,-12.30937348327086,-4.225241439297491,-23.242036256684287,-31.204416049973133,,-3.837700793310205,,-0.883927675443374,-3.302525122748648,,-3.2187389702644396,-1.0674635495706752,-3.052530622798713,-8.720886919148597,-8.55829456060519,-2.867978844592926,-33.265755639420604,-20.569592393902212,-19.6955185468305,,-30.46293843122396,,,,
2024-06-13 16:40:00,-3.736670136116004,-3.3295783734756697,-3.449314401574611,-6.173148744342143,-15.628591983176648,-17.848870168146277,-51.604221554626974,-36.76849271037713,-3.036187625530374,-4.352216637251331,-5.8254979993016605,2.462150884503444,-2.5327874134707145,-4.165091023444347,-7.3750819605068045,-14.477622048308831,-12.322366679927654,-4.644700677556045,-23.502812372412336,-32.113940952948724,,-4.4573714100290545,,-1.435049960903143,-3.9277869505558556,,-3.6998479402072917,-1.4951341801593117,-3.2002044587652563,-8.963095904047805,-8.826366447367036,-3.406824788670747,-34.93825003510028,-21.057463860689722,-20.19612131416352,,-31.124538021530725,,,,
2024-06-13 16:41:00,-1.4645021956753226,-3.561583690425323,-3.9532638903692714,-6.246561789138923,-15.45713204003414,-17.792976332398325,-51.936852008073856,-36.866327635528705,-3.4289752272345595,-4.840876882233488,-4.764902925898014,2.6076262144933935,-2.5810976787090567,-4.306177724311738,-7.3944672587974765,-14.373816403022943,-12.151230054910116,-4.935329255004632,-23.58959567929287,-32.74601854600496,,-4.871391598517221,,-1.5871062393262036,-4.045324888994401,,-3.9088903779997963,-1.4240408607715835,-3.0721013557881633,-9.257294080649444,-8.812020438911986,-3.6661011428877828,-35.56639721902229,-20.879754856663112,-20.29552223471933,,-31.132687900478686,,,,
2024-06-13 16:42:00,0.34219650936177004,-3.941682465370377,-3.787760576213259,-6.408255238363836,-15.571818267222397,-17.426717270750487,-52.587428155199405,-37.9142891840047,-2.909138922272632,-4.471062072350151,-4.754995641509822,1.5247549861187508,-2.6748286537742842,-3.8207186599515808,-7.416729472278121,-14.283533327287387,-12.135387427254045,-4.270254803987285,-23.422045584910165,-33.275569673322934,,-4.576605840845332,,-1.3983080015782434,-3.9334197552116166,,-3.7619748209035606,-1.435015751985702,-2.9100141524245373,-9.055826960536706,-8.78497973550293,-3.6190787101913884,-35.46212225891031,-20.497919269435442,-20.02701177788731,,-30.55984890797481,,,,
2024-06-13 16:43:00,-0.33005941981537035,-4.747123341586757,-4.071692610307764,-6.060196845294286,-15.211542485792279,-17.18836140611677,-51.984289283426506,-37.39456939551701,-2.881771158918582,-4.219673171121485,-5.300185801732141,0.48285830609165714,-2.5451935300720834,-3.5997862178937794,-7.119742750981004,-14.235703171569867,-11.855046073009817,-4.317331221561062,-23.161252260154924,-33.91848241303069,,-4.715597706321887,,-1.540144779424736,-3.9525452779462285,,-3.786685680332994,-1.5214163528653444,-2.8008177775295735,-8.791205239072497,-8.580722269460693,-3.9693892639293153,-34.209037370478654,-20.495717358468937,-19.82437063130692,,-30.072612291118276,,,,
2024-06-13 16:44:00,-1.4548105669989582,-4.823266874425826,-3.692688568145968,-5.509882507356224,-14.940235023206242,-16.954693743217945,-50.90916885298225,-35.068026035715775,-3.033418727786284,-4.331692837117316,-4.820433438223972,0.7632169320841058,-2.2783436974768847,-3.7218622580917327,-6.615675053154746,-13.865081840596986,-11.528499839802521,-4.429876416427021,-23.117877161755132,-33.54158308904698,,-4.7100827524907345,,-1.5087081777669482,-3.7166769953128096,,-3.4043802793248688,-1.5148235807882884,-2.631713424339523,-8.671489351692344,-8.58302276610766,-3.616324920581974,-33.45909202771554,-20.771463164709985,-19.96299968820199,,-30.46134277387489,,,,
2024-06-13 16:45:00,-1.994274977480245,-4.964920000860275,-3.4857288767070713,-5.665533949496876,-15.316690556824824,-16.966036660648115,-50.04140173672772,-33.37264839491377,-3.056684940231662,-4.681584095482549,-3.6233214315168425,0.2643991028785422,-2.464699013298059,-4.091309794367362,-6.870667726617057,-13.721082389366643,-11.790729215958095,-4.321421988039049,-23.221093356525216,-33.674071978691245,,-4.548770102137723,,-1.0965827517220532,-3.5077110997426644,,-3.4043802793248688,-1.4973298762952254,-2.7381949339637686,-8.859018165289399,-8.71363164083823,-3.2515645276930627,-34.25830633673149,-20.75247765870222,-19.905054688363407,,-31.170983142730506,,,,
2024-06-13 16:46:00,0.06086813118963619,-5.279947120550787,-3.2788250705716564,-5.264224055180648,-15.128965610651449,-16.869868396081756,-49.06800612861048,-32.70836472574388,-1.8721649466833696,-3.726819742367752,-1.6199901865750235,-3.1269191799497094,-1.6586971333829297,-2.9211325347193906,-7.027039023585985,-13.54105956348235,-11.48877534005328,-3.53132306277422,-22.994697619008548,-34.344808241703504,,-3.879900348694946,,-0.5146695577436731,-3.0543234898632363,,-3.1585472599317654,-1.13310808519509,-2.2071366869522535,-8.718715874752888,-8.34026445214431,-3.1878496259396343,-34.67524895832685,-20.160695462720923,-19.624754409330535,,-30.599725424089,,,,
2024-06-13 16:47:00,1.233087897216933,-6.117564710552415,-4.456677250654593,-5.135391670985655,-14.932788169086052,-16.63152044765775,-48.18214215056855,-32.69559097375691,-2.3303652854481243,-3.7055804907317906,-2.5492456570948434,-8.504731898859973,-1.701281106854367,-2.9424858891686654,-6.570232119856428,-13.522185124950397,-11.34282913286404,-4.15359884683653,-22.33348990959371,-35.13204718508723,,-4.541748418831276,,-1.353439835764675,-3.8024080385025627,,-3.448588905046563,-1.522541316699062,-2.1937450742207147,-8.323752797185989,-8.092861201719188,-3.7228019188460166,-34.67524895832685,-19.53747525011613,-19.16642321477957,,-30.08146667810331,,,,
2024-06-13 16:48:00,2.945397960464561,-6.612290597574429,-5.099441785711861,-4.834915573881062,-13.715094712810014,-15.854986050445405,-47.827920665416286,-34.45981852716977,-2.6704751685003885,-3.833842540899923,-6.23564324418021,-14.176625664255425,-1.2319601137987775,-2.828285200834898,-6.077016428076604,-12.760838335804806,-10.694070981647087,-3.8547324954407713,-21.586532763550395,-35.319793784428384,,-4.67525454315728,,-1.0176342366466997,-3.25976524552334,,-2.8628535039420058,-1.1899455356415274,-1.8437881182344427,-7.701731423441288,-7.5889013417349815,-3.3847009811920543,-34.5532488538438,-18.824325571182726,-18.397340839097296,,-29.960891798069383,,,,
2024-06-13 16:49:00,4.999451043560384,-6.59871800735209,-4.742055359114602,-4.405188296516371,-13.186305179269993,-14.894423650330396,-48.656706218431964,-37.688606678487304,-2.131234025816184,-3.3420869426870468,-10.542753948247537,-19.583961974401973,-0.574423534226753,-2.431470892945299,-5.158423165379645,-12.063955123646224,-9.992714606520622,-3.398319768834938,-20.81182179122402,-34.79975138803957,,-3.9619315645850293,,-0.4208569312872896,-2.3842782154724773,,-2.0710056614329915,-0.9350922358885327,-1.1653947954532669,-7.17138719594459,-7.152378688250337,-2.677683913697365,-33.42216640259903,-18.29712628799166,-17.590020480515022,,-29.43462187364014,,,,
2024-06-13 16:50:00,5.140628546389166,-6.108079426553104,-3.849602706781752,-3.16520548265612,-12.590537387965242,-14.269479908300582,-48.87477522951622,-39.08981856686228,-1.460279453712701,-2.8218663686388936,-12.82058365767216,-21.111421473058726,-0.025259289985797295,-1.923652486581659,-3.812108858560123,-11.167293870096614,-9.324097842915421,-2.9811182390998567,-20.082217486069112,-33.469628418284174,,-3.0878186683466993,,-0.12582941333630515,-1.8027458021824714,,-1.6026011746785116,-1.027152359842603,-1.4120654331204605,-6.624437092848439,-6.763839507768353,-2.1322920999327835,-32.901204387289,-18.105862337183453,-17.001212524541188,,-28.205497593210794,,,,
2024-06-13 16:51:00,4.646480801634993,-4.7470153150193255,-2.3452740917973642,-1.6589396166498318,-11.56113319249448,-13.431619768743076,-46.95456590754611,-37.519309566865104,-0.219182730057355,-1.8797078796067126,-11.099740803799023,-18.962853631433518,0.9168851777360487,-1.4439549984522273,-2.5810322181237098,-10.40527722680622,-8.361031358110381,-2.2756325665354495,-19.53650588770438,-31.71640691367338,,-1.9096195199426802,,0.8201915528024983,-0.8109326684016196,,-0.868076219086106,-0.7529430495246743,-0.9481046502792196,-5.962411879761021,-6.236669824646924,-1.0806097614595274,-31.562202768498082,-18.080566223129836,-16.55993200249145,,-26.666480172814545,,,,
2024-06-13 16:52:00,3.189660650148653,-3.503111586946943,-1.269230177999816,-0.7692025066767201,-11.214807963699286,-13.129962113727174,-45.067327440763165,-35.66286876813297,0.5462753341569169,-0.8828320274087673,-9.411115258263635,-15.634280775139814,1.3240128048005317,-1.0833877522711646,-2.2932911205236906,-9.886775616387581,-7.91565015591766,-1.347259803350454,-19.201551875456744,-30.745787323158766,,-0.8426465923091655,,1.573974478873879,-0.25073017782642637,,-0.574418081829208,-0.7607592882054632,-0.6609528555050019,-5.533463753880369,-6.021653594500549,-0.3623399971256731,-31.023686561927207,-17.99795640483262,-16.492160547757067,,-25.906885909702964,,,,
2024-06-13 16:53:00,2.0361037666885977,-3.2551653311397786,-1.1755235747332335,-0.6218748402500296,-11.031247996280854,-12.671989089685098,-45.05396586554684,-37.04616756950554,0.22270908675159262,-0.9142590069684502,-9.309695572816281,-13.396235561613139,1.3809308752572633,-1.0118737937029891,-2.4914072240624137,-9.640974226837898,-7.703025747429592,-1.57024567363095,-18.661320573398143,-30.94573394248846,,-1.0176372350524616,,1.35184250704242,-0.4382666724536648,,-0.8970910633129279,-0.8076613685429948,-0.37434834104033143,-5.53169707637926,-5.874209801577308,-0.5993967096146662,-31.231960848143444,-16.88325236029209,-15.945301174002452,,-25.42985114963176,,,,
2024-06-13 16:54:00,2.648769947282858,-3.2181929705866423,-1.416594228239319,-0.7378064753520448,-10.493066214527516,-12.220799346890317,-46.76972437010022,-40.104133780689835,0.021962381881621695,-0.8442074589679578,-8.821442619778281,-14.400579535598808,1.7909411228515637,-0.7615642289472362,-2.4625002769400908,-9.387257089634318,-7.382236934034609,-1.2653204833387122,-18.197301776179984,-31.04388823786121,,-1.2620565055315183,,1.3900779737227822,-0.46571214834648345,,-0.7156042237502334,-0.4773824049452742,-0.17286944292845874,-5.15590120632487,-5.533871768291192,-0.5847336526740037,-30.446717550064022,-16.268306981014803,-15.298421840398532,,-24.49034613365086,,,,
2024-06-13 16:55:00,5.0979079132469,-3.462954799995714,-1.4236229234857092,-0.8839387928351243,-10.128077234380498,-11.494001643375896,-48.740606385871615,-43.22066009371565,0.07981677270254295,-0.7130410107986336,-10.06495170878702,-17.845177003425306,1.8385214619102044,-0.3693347107102909,-2.358414498609818,-8.760117867168447,-7.082620010611322,-1.0544998284621272,-17.69726907344625,-30.67948642821557,,-1.0354083880054077,,1.7298882665850215,-0.1718135266878562,,-0.18238263573266522,-0.06844577223364467,0.41676196615753724,-4.741594676663681,-5.210751384101968,-0.36711966242864946,-29.48874230528145,-15.579329313914968,-14.804817988804643,,-24.180836388238845,,,,
2024-06-13 16:56:00,7.985690193141295,-3.4588373337946905,-0.9735784548001902,-0.5208335088327658,-9.36794737261971,-11.07105145764433,-51.32366107948883,-47.541814100156444,0.6229313452297447,-0.23416982897083471,-13.88949496745613,-21.758724004831492,2.434125242045411,0.14229761951924047,-1.557681818859237,-8.357441133781435,-6.485032952771917,-0.5657360208263356,-17.108523453214048,-29.83114938876315,,-0.44767274697596804,,2.3599832523423174,0.5783335838464154,,0.5990748341514518,0.35996702086549703,1.1358542501830016,-4.197202800355171,-4.710816795140545,0.28315162956096174,-28.7049662097711,-15.127228888728268,-14.327331566361863,,-23.72441002204232,,,,
2024-06-13 16:57:00,9.002104214399992,-3.107318414383826,-0.43022319597412206,0.04507588765818582,-9.115769909418532,-10.692918381560276,-53.47282848665873,-49.44853845388889,1.278259559497883,0.38268173144410866,-16.06487576820996,-21.60533898511858,2.708589381991942,0.5667142558691012,-0.8194287408091441,-7.6903752381074355,-5.985747359432139,-0.05897540525845102,-16.814410908050604,-29.00402197212452,,0.17836019466085418,,2.734470185117516,1.1120030846514055,,0.9762194538275253,0.5039642946221647,1.410178032595013,-3.874684363394863,-4.460252100985144,0.8807857078891175,-28.270867562911462,-15.149272409812738,-13.97939212522192,,-23.39429020370426,,,,
2024-06-13 16:58:00,9.405787450837806,-2.6773842673396757,0.4194029069840326,0.6398258078431809,-8.771279392088672,-10.33133729845656,-53.12952141707524,-47.2109040297039,1.453757475637076,0.7186561085229641,-15.635554309938243,-18.482440647605472,2.9560795318211603,0.5654906438574017,-0.5481613094950717,-7.378775128244683,-5.678039957318333,0.1021255707562716,-16.402654125513436,-28.408000899210037,,0.5081870660524146,,2.7269378334599423,1.1140754604525682,,0.8797404970823663,0.23817473716235327,1.2964817551760461,-3.792158839071817,-4.477422590128754,0.9217097023947645,-27.521595833144147,-14.714865246519366,-13.607731286700528,,-22.68732013773365,,,,
2024-06-13 16:59:00,8.934851568922113,-2.554632013335322,0.14447454267019566,0.6668465823247516,-8.755302080403908,-10.052182797164619,-52.73879516318516,-45.54379559831432,1.1694582648244705,0.4800570569714182,-14.650016689748327,-16.66680649701766,2.5438523767606966,-0.02181222547596917,-0.5603429586187758,-7.3785106607551825,-5.70422280471746,-0.3896474742278144,-16.291674090107563,-27.706779413803815,,0.29016843897147737,,2.285890926479169,0.6141075726413874,,0.3557032764001633,-0.3569376249961351,0.4620082661181186,-3.9572098877179087,-4.57090493445412,0.6655208098809453,-26.393369003106727,-14.774245025685559,-13.479082081497154,,-22.17529254207443,,,,
2024-06-13 17:00:00,8.250606007890951,-2.2552214722109056,-0.1280437838099715,0.6488779483281633,-8.457866049649056,-9.826047018234021,-52.482788651104784,-44.024221351359074,0.837986968665291,0.5946204837407549,-14.026422707582924,-15.242537922966221,2.482685318055019,-0.27337577851290007,-0.3787409778012716,-7.139434011832691,-5.6747590581325085,-0.3941787675804278,-16.04070031442984,-26.970477365777697,,0.29218737978271747,,2.277304455456033,0.6052188327917065,,0.23439101599433343,-0.5167348899258286,0.33032268163515255,-3.964561546884852,-4.5880733651260925,0.7461392246846117,-26.114208168900404,-14.617576370615097,-13.236066722073701,,-21.777778248896652,,,,
2024-06-13 17:01:00,8.376693012656688,-2.1212358698412572,-0.2426131032189005,0.9248890385877075,-8.62565934848385,-9.63995130787066,-51.35637809910099,-42.1361462809964,0.6513543504913741,0.8495293335629412,-14.223327241042853,-13.101890409293446,2.508620957184121,-0.11590244800913752,-0.5233629277763612,-6.929551106625922,-5.401424206930528,-0.058806577066349064,-15.837169110354125,-27.07754898786061,,0.25601225346781575,,2.2763473357322255,0.5014714433832523,,0.0012371746261123917,-0.5132337965856095,0.529167435281579,-3.850829328249347,-4.541333235475577,0.5360159345382272,-25.32921113603379,-13.891274253379152,-12.816106870887097,,-21.413091269640177,,,,
2024-06-13 17:02:00,9.155119124529847,-2.124328545381559,-0.16386065845517805,0.7210065551189473,-8.534200939132006,-9.589302300696318,-50.08115805462944,-39.338764177348594,0.49104753588380845,0.8602828001280614,-14.473224167248873,-10.122046069713178,2.7230380306166353,-0.01429186170958019,-0.8581743808358624,-6.936976151126373,-5.380143840513483,-0.029965768299348383,-15.692456368179592,-27.216958044329658,,0.04499130705426069,,2.1911808160789406,0.339394786228695,,0.016907404458834208,-0.26160580292162194,0.9527710111347005,-3.786617790502987,-4.3238430855681145,0.2860433800969986,-25.382364586334006,-13.659901540683904,-12.639960520403292,,-21.471173482111794,,,,
2024-06-13 17:03:00,9.806392909173042,-1.6343845369524388,0.3464893659720474,0.7839027615245868,-8.381462576532613,-9.430282403442789,-48.44460830914318,-36.89334886854999,1.0684303622811058,0.999757996960625,-13.516739979660997,-7.237673297227047,2.883616140673439,0.5925024696955461,-0.8375760199771776,-6.83932579926136,-5.193534731961563,0.38950005021342804,-15.491258472080744,-26.834419857750618,,0.4509616873760933,,2.684915157729847,0.6585486459675849,,0.33740444662134905,0.03594955401695188,1.1696422370209802,-3.550120800039622,-4.078044530791431,0.4590526586625856,-25.535397008470227,-13.21072772769844,-12.482407815337865,,-21.72482702484581,,,,
2024-06-13 17:04:00,10.341488693860242,-1.171130721685131,1.1233513902016057,0.8979656403851095,-7.968512442848578,-9.261826976016778,-47.26360670928216,-35.24497516914357,1.8854723540582654,1.5336435243493725,-11.611935553536114,-5.038108279747576,3.1840084413513523,1.093300974891008,-0.7497615431625491,-6.542509698196795,-4.846481553565354,1.0177500726609878,-15.290050262992054,-26.627798080302,,0.9182693428310813,,3.175824101226681,1.155910568798845,,0.6401980605746758,0.42003466339019724,1.6657174373399357,-3.335547723373111,-3.9120529297815665,0.7866014325882134,-25.63933314595397,-12.597435552008164,-11.977672116509211,,-21.87159676408737,,,,
2024-06-13 17:05:00,10.664982690201214,-0.8307368353039237,1.4019916671927604,1.377479491719896,-7.6469967728698975,-8.795317822489665,-46.31350241537211,-34.53378241900509,2.3903812524881687,1.8670181878728727,-10.763980415530796,-3.9821560863388186,3.724758865916556,1.8785169599564142,-0.6704301578895411,-6.488403838367617,-4.52229957858799,1.319013243027996,-15.009610760918804,-26.49339357126655,,1.122796665655187,,3.2284436771569744,1.1156157620243903,,0.7876967023817087,0.45088689726935627,1.9133776410244536,-3.291480137101189,-3.846866284224234,0.7845791446761723,-25.203830006400494,-12.111387804394553,-11.545749372138062,,-21.601360476064656,,,,
2024-06-13 17:06:00,9.725023161466765,-0.7295230528061438,0.6026874667877564,1.0354875871469176,-8.02353611446324,-8.789400153202223,-46.645897989752484,-35.17368011784902,1.6757167925181875,1.388478039933716,-11.408430871112614,-3.943047584334181,3.141562063397714,1.3104252043251563,-1.0060702707808105,-6.510426001801989,-4.820255297627909,0.7199925535911973,-14.910335561414058,-26.83280718402102,,0.48511938333035687,,2.7431762734158838,0.5375931137159569,,0.26857512619244517,0.23447499447502196,1.3882984651004335,-3.5848055005217248,-3.881219400876489,0.38357691140618044,-25.413395853906877,-12.105086919513951,-11.3279400094832,,-22.057679488104668,,,,
2024-06-13 17:07:00,8.856300405046454,-1.543644136057992,-0.510078511721531,0.001262701350469797,-8.06349561109937,-9.164016825813405,-47.60001951719664,-36.93240600043191,0.4063871291059513,0.5469723651758613,-12.829683608597634,-4.693177281791122,2.3996797915394836,0.3817647683083578,-1.93506874661648,-6.678050573706287,-5.278751534481785,0.19116689187444535,-15.042087394782357,-27.923933513225165,,-0.5502903015069478,,2.200133123818432,-0.13113343289296608,,-0.19541602920253354,0.08060444397779065,1.2609181402772265,-3.786526842078729,-3.9719637543325916,-0.15684035138610852,-26.109937948459446,-11.403782027016405,-11.03875784088791,,-23.04157544159841,,,,
2024-06-13 17:08:00,9.692793779132558,-2.115585607061348,-0.874553538514192,-0.6516761932164172,-7.733051738963468,-8.910686843097778,-49.10548587371909,-38.85271080542543,0.24231566575144825,0.1499542219473824,-14.151124570585353,-6.255295781819314,2.452311480258686,0.5335051154959274,-2.0910763055505868,-6.500630827914392,-5.108491916998219,0.34512347490860407,-14.663965540202753,-28.674165140633704,,-0.7998086379916458,,2.10893551811796,-0.20633136704418575,,-0.06866930360547485,0.24917801306492038,1.3328721961420342,-3.713208943119298,-3.792564514240894,-0.49821295904121143,-26.08834882386327,-10.886046899418034,-10.568794264718235,,-23.2777517318666,,,,
2024-06-13 17:09:00,10.034553131041662,-2.1817341503265197,-0.7876153324336883,-0.517207516549206,-7.533244294025735,-8.474772871004234,-50.45765732905761,-39.93955882394198,0.41067377000467786,0.14670657947908694,-14.57050673872186,-7.109301875389519,2.632714821949776,0.6887019748446619,-1.4189343492998887,-6.3950257708289655,-4.695807356260957,0.22002392396484538,-14.236074754134961,-28.215175193171945,,-0.715642124386477,,2.100594721719972,-0.016442421326246404,,0.07263843480586729,0.11773818073015718,1.5274602096378658,-3.3684453661203406,-3.5899239615760052,-0.2394188967991795,-24.781806816608878,-11.056567196749711,-10.372496163957749,,-23.338875610533933,,,,
2024-06-13 17:10:00,8.830469652043007,-1.646227502750662,-0.4888664454956597,0.13811211927986733,-7.186865973892509,-8.29923998311665,-52.53882002012415,-41.360019397563065,0.4673688980356019,0.26717277257989736,-13.887573600752376,-7.132215234410523,2.7105681452535464,0.45847518961977585,-0.7110887956341685,-6.209949509382568,-4.473134815983599,0.22132118259122535,-14.129763598711179,-27.152347379170806,,-0.29277746174079766,,2.155430705630806,0.2808313964574154,,0.13948855298986018,-0.08700763550450574,1.2513184264116717,-3.346458942422487,-3.6169567502083737,0.03982580055753715,-24.519233321606862,-11.363299288732605,-10.323425154957249,,-23.861165559518895,,,,
2024-06-13 17:11:00,8.430562236598576,-1.6070057261295005,-0.6717064256677077,0.26448103409325086,-6.666320887492702,-7.891541145644851,-55.16090918456871,-42.968815297215315,0.06155308362735923,0.19538026412192266,-12.902922707163953,-7.038715001567198,2.7717324440948232,0.13022035655558284,-0.5771659242197984,-5.854854267094652,-4.194765386258723,0.1414215326003898,-13.91480841546445,-27.01640054256586,,-0.5068306175644466,,2.236804547299016,0.2819284982606405,,-0.024268881041734858,-0.26095029497037103,1.0032693444331926,-3.280444719984189,-3.5628911817975677,0.15757618432053278,-24.20761652289957,-11.048687301164819,-10.128606818519984,,-23.672593553880915,,,,
2024-06-13 17:12:00,8.264777887407831,-1.5133218733549256,-0.5225024741566813,0.1332165011313009,-6.516181672226367,-7.796078836504989,-55.79232620423613,-41.6511702878056,-0.2836686854907384,-0.03072362531474937,-10.696775007324959,-5.9722248588682305,2.5283304426845916,0.10712041106785364,-0.7455685765830822,-5.789711583821713,-4.130881065846438,-0.018365235970350113,-13.629661387499027,-26.74769804178095,,-0.5459805655855234,,2.103873914383257,0.1647445627140769,,-0.18379303265010094,-0.38456405213128164,1.1169768280883545,-3.296948275593877,-3.329455010358288,0.11973805480374722,-22.502251459818126,-10.756182231073353,-9.823745422247839,,-22.637908040149,,,,
2024-06-13 17:13:00,8.074629571676041,-0.9769871002331456,-0.07004302306540922,0.3205909673752103,-6.637153184158251,-7.648889692948387,-54.706697075219154,-38.96305741243941,-0.24415768321773612,0.005475790699165373,-7.683967338569801,-4.321537236382937,2.465205301604101,0.011878497488396533,-0.5195895512251809,-5.956157675052509,-4.024498436919316,0.09337436824120005,-13.37602732069854,-26.08191230834973,,-0.33583726193410257,,2.200698266582094,0.33631165606948343,,-0.2666871042765706,-0.5204286651605798,0.9624580299596346,-2.9963658179131016,-3.2448866889126293,0.22005751518554462,-21.964967979793073,-10.994059472105164,-9.840172700904759,,-22.12503532081496,,,,
2024-06-13 17:14:00,7.663508588486593,0.010147967842385697,0.9545189488726464,0.9588511988181381,-5.912670337135751,-7.429883216937583,-52.48329507587255,-35.24771212802534,0.6979306487330632,0.6245724356010669,-4.746730676880588,-2.1780062513948906,2.583255184742711,0.22163211624342694,0.013969251490834722,-5.63302574233262,-3.687346971268653,0.5546786924601292,-13.083989349333024,-24.85005867080872,,0.7919287403258295,,2.9403643621931224,1.0235497024127653,,0.1501960781542948,-0.5088253305507351,0.7771763488785837,-2.600620132635413,-3.015361802656571,0.8803271405527084,-22.398394846927204,-11.217174951796778,-9.814218808415262,,-22.192127297314983,,,,
2024-06-13 17:15:00,6.7125169732214545,0.772467460066764,2.062325396482265,2.046090026379261,-5.58062071831705,-6.921062200297115,-49.41936019377704,-31.558588310471805,1.8789292419678532,1.7619439288048397,-1.95418021581645,-0.23573955857045803,3.1630229829706877,0.7813920092964963,0.9258714628335838,-5.201454022448388,-3.194712761309802,1.3595894002192495,-12.916543314659748,-23.837569205558793,,1.8294207518972598,,3.514282583993918,1.548526930569551,,0.48755785388266304,-0.4337309645457026,1.0953610348747134,-2.3917605107963027,-2.9171244797016698,1.4107427625567652,-22.351236525993045,-11.291374779937087,-9.81350941402161,,-22.366667522911143,,,,
2024-06-13 17:16:00,5.300342978757158,0.61872273194831,1.8619528942558645,1.9621284414140518,-5.528011394971372,-6.846683228772008,-47.20204107648169,-29.201891329216778,1.3051982495203447,1.5346535100097753,-0.9080272874766706,0.9121118686698537,3.0325614576368025,0.424975300351889,0.5874144180702388,-5.245180836516056,-3.345230016224832,0.942231724980843,-12.943828311534162,-23.840969797557136,,1.445551201151602,,2.9555366922063513,0.8654046911960904,,-0.04128805329764873,-0.585605902577754,0.7359078455219787,-2.7142114650964686,-3.0496750427482766,0.9960502425710729,-22.715458230495187,-11.015669308692395,-9.632033200386104,,-22.242083187399885,,,,
2024-06-13 17:17:00,4.753816659483846,-0.1981805199570772,0.7757103323615411,1.069605916019782,-5.814631819820988,-7.088026062199901,-46.36644158560557,-29.507797964246492,-0.11345522724036528,0.5998726429174894,-2.0711587494661217,-0.34360509766020186,2.278808657364152,-0.31299192830078937,-0.44510326864315175,-5.771311836534096,-3.8100132640748825,0.15154473297531013,-12.82404093272612,-24.63700114575795,,0.2824421263669592,,2.2055378170634867,-0.007093684647315968,,-0.6686539144006929,-0.765773301875015,0.38652014904982934,-2.833217152297493,-3.072839790529997,0.2796179674614905,-23.163502407269334,-10.545277364338062,-9.463160435565669,,-22.13850020871996,,,,
2024-06-13 17:18:00,5.062764240817842,-0.7905824664162537,0.012234819691457233,0.23858459615962602,-5.847509778710901,-7.236441038175485,-47.09099032857375,-31.45719668907327,-0.6579675666021103,0.02376994136147914,-4.10853467690481,-2.6385858724052014,1.9183731777325193,-0.367094392413037,-1.1247263805573766,-6.137631879741207,-3.9491561458128217,0.013101696437843202,-12.588703005841126,-25.167240658329774,,-0.20420531654303886,,2.1136848555233883,-0.1356637781154859,,-0.6105317055084925,-0.6792727099273179,0.6551677572947483,-2.7910433184702015,-2.9561377133159112,-0.08061879314527687,-23.617338614508753,-10.148084661772828,-9.249765253213809,,-22.336392405696643,,,,
2024-06-13 17:19:00,6.466043301909849,-0.7178660667723307,-0.30676786036929116,0.24230293100549716,-5.496776798554265,-6.8264971352163,-47.728842788988686,-32.479645201228095,-0.43130463977217914,0.17806235424723127,-5.825650981539866,-3.4747307349371113,2.0954480439797862,0.3244602796039544,-0.7128229913755604,-5.908994279843682,-3.633207429692675,0.3179824634570423,-12.25148368924988,-24.88190537800574,,-0.16652379108973037,,2.229449174462843,0.22632164285005274,,-0.1461364395036071,-0.3022015115902832,1.249952484071855,-2.332845237224774,-2.760937078959614,0.21369049356235337,-23.251101987591483,-9.652603771544818,-8.91374048213629,,-22.85352184902581,,,,
2024-06-13 17:20:00,7.196899535913076,-0.0859311842432362,-0.04077601628659977,0.6576105115502742,-5.0501779016342425,-6.466045561836495,-47.31330168302907,-32.41156216404511,-0.009493677654745625,0.3979431728491818,-6.574726883315861,-2.2738097085616573,2.352329122335732,0.7431068053017498,-0.10831573742689216,-5.655003497915118,-3.2567494648094453,0.7328561325322482,-11.995779645158564,-24.12043273141944,,0.2493170237225968,,2.5786962452871194,0.6094803787118508,,0.34941956332295376,-0.011683932514642947,1.4570693278374165,-2.037834503109025,-2.600065417550468,0.5220472210266962,-23.092472768429616,-9.786824453361305,-8.803723550281347,,-23.230767800441185,,,,
2024-06-13 17:21:00,6.569104624536408,0.2352743944888971,0.297571523991337,0.6341556637735266,-5.07755722640195,-6.487128058737994,-47.072534478776106,-32.57115526329335,0.2792432026797087,0.5608467731294695,-6.242763204452785,-0.9440641923843032,2.457968376461622,0.45004713237426586,0.08729245320046175,-5.093266630551284,-3.223943405370278,0.765007226595003,-11.832899898641017,-23.747380810172217,,0.45261268436456703,,2.6245989101394116,0.645076084224911,,0.3465695949230394,-0.011683932514642947,1.369264620569993,-2.0927226837839044,-2.4537434527755977,0.7174129773902678,-23.043440886595818,-9.547891453835518,-8.554571702000203,,-23.219011874206558,,,,
2024-06-13 17:22:00,5.400341522908434,0.07976264708167946,0.46745874968610224,0.3765981294266112,-5.200847514960287,-6.571874555370755,-47.48811265934364,-32.98786769960225,0.1965286827851287,0.5935618318321758,-5.3961687412654555,-0.01714645764195666,2.272594058565346,0.2718272527808949,-0.3439450337850758,-5.350845368700675,-3.3056931043420263,0.5279038790205846,-11.776353166281297,-23.739744142420932,,0.4621193233883787,,2.4456799110971588,0.48499488461402507,,0.10481752503301323,-0.04876914791020681,1.3302527480395838,-2.0706298713585056,-2.327173568412036,0.6322603137082297,-23.059784847207084,-9.271108579402153,-8.347815162439247,,-22.82939294416019,,,,
2024-06-13 17:23:00,4.282712218322104,-0.5872464927388137,-0.2848276463878392,0.08209196301618249,-5.432664117304967,-6.607156483268,-48.1601715399413,-33.88474181519746,-0.7235623118488093,-0.11878110421980637,-4.106310554602487,-0.3005498316942976,1.872824849524477,0.05215348287492816,-0.8533407808354241,-5.394409209493347,-3.4268185356282856,-0.026182925254090605,-11.746935724599552,-24.254465193414035,,-0.24753002586840012,,1.8649427530317553,-0.015346911578490108,,-0.3552928227954908,-0.2553836683150621,1.237197075268341,-2.0523292605853385,-2.4451677081024172,0.21294898620226377,-22.410889212395887,-9.04598206447372,-8.335891167052296,,-22.65364012752923,,,,
2024-06-13 17:24:00,3.601117583535597,-1.0978637044036077,-0.8853635183540973,-0.4767676408598618,-5.46554499077979,-6.498755452788714,-48.50644930490512,-33.910581082891895,-1.3693084355334122,-0.6133068715007539,-4.011079013379003,-0.853327579539382,1.7350345516342713,-0.16062553911888244,-1.29555260255529,-5.340049522619665,-3.507060222738005,-0.40007069809331597,-11.602133589761252,-24.69796358456142,,-0.7873989084982895,,1.6190468538534333,-0.17644692073463375,,-0.26454210708971004,-0.259796021297916,1.2424495943719194,-1.9148595658657541,-2.3185983737748757,-0.032375678616972436,-22.46370322220082,-8.993851433820055,-8.171536499501372,,-23.30475558060857,,,,
2024-06-13 17:25:00,3.5485496313071963,-1.2342518446844224,-1.0415313989428796,-0.5346965875974092,-5.444174619298565,-6.4032631445167,-47.48272372848601,-32.172252669068484,-1.0319485499956045,-0.5077332966166068,-4.210409612087233,-0.9635692299261791,1.5516850866272307,0.13871539169667813,-1.1077755077321854,-5.249510849574108,-3.5005016232051958,-0.062592213370948,-11.466372191418031,-24.55209190804817,,-0.6678617127358848,,1.61712400194574,0.02545148508170314,,-0.018520239091685653,-0.1909249496884513,1.4233082837863549,-1.8744631788463266,-2.335749114978171,0.04070806672325489,-23.039602352652764,-8.807007454379118,-8.086711383882857,,-23.94296348381056,,,,
2024-06-13 17:26:00,3.937512346222775,-1.1643649197553714,-0.6288313899044624,-0.3689346160538207,-5.366901335449711,-6.389071585587203,-45.72297520494408,-30.429677143390563,-0.7500025569856916,-0.34631465984057286,-4.154917595940333,-0.7464051208698947,1.7888986907241815,0.2874789064842389,-0.886666210276644,-5.195148562355257,-3.469381817505109,-0.017829688587511328,-11.33060808660457,-24.259201174024838,,-0.4614846854301504,,1.6630712696755836,0.06830570102101774,,-0.021361335372603207,-0.09909701383685388,1.4233082837863549,-1.790103006208028,-2.335749114978171,0.037997223845650296,-23.251101987591483,-8.627084453697535,-7.952836312956151,,-24.019368285469454,,,,
2024-06-13 17:27:00,4.822362428904853,-0.5947526640948126,-0.08613133055177968,-0.21488969247457135,-5.153714014323214,-6.162797489021045,-43.11776015030864,-28.463262279385845,-0.515846854392521,-0.1265548972758097,-4.040360715979659,-0.8895392002500557,1.8738499129697175,0.4713844563100338,-0.755215824861807,-5.086421914027483,-3.3694610312646773,0.14945467886036568,-11.036422318609311,-23.784049015139317,,-0.2094657602353891,,1.89172448096906,0.2376401976480338,,-0.024203826083066815,-0.011683932514642947,1.3355038324275483,-1.6782944439582934,-2.327173568412036,0.25278666642770986,-23.074215854625436,-8.17727756233785,-7.708939192704747,,-23.476341347384505,,,,
2024-06-13 17:28:00,4.8716514809801765,-0.30256063433580493,-0.04927435995114138,0.0377080046212086,-5.10494389182054,-5.996751855063053,-41.399649890501905,-27.37640707643982,-0.2817730471952018,0.17564707228279985,-3.800550946011981,-0.8551998374223331,2.111031230868548,0.5416816943647973,-0.6183216045042172,-5.09362228430507,-3.2597719357170263,0.30667987989582457,-10.875734976930971,-23.19959434079965,,0.12739782919493337,,2.1155697187446094,0.5670126899176466,,0.07999293997954737,-0.006390078763161,1.4544455576283326,-1.3759179622552438,-2.076647565068015,0.5684318976987015,-22.25611216820471,-8.311552537438502,-7.580368311997518,,-23.1031681323268,,,,
2024-06-13 17:29:00,2.942795261586525,-0.29863509594406423,0.38443141739344355,0.11408648059614279,-5.196466247187118,-6.181725146392978,-40.857737265268725,-27.642543120500022,-0.12271922419313341,0.29229890981673634,-3.612779531135857,-1.185074243636791,1.7951671316773172,0.42056785307727296,-0.7473341650133989,-5.202347537274477,-3.4088168082327,0.26779184957518964,-10.878007701421893,-23.08867588369185,,0.1684562335319697,,2.078245207371765,0.5324309299876404,,0.10197009843614069,-0.010806665812197025,1.4596927479324222,-1.3832922548390343,-2.2843011145073433,0.5804657903504449,-22.18499198319796,-8.259409119599013,-7.781843372635876,,-23.342948823387587,,,,
2024-06-13 17:30:00,1.9613386967870383,-0.8966134464603783,-0.6995904766208696,-0.2857443973143745,-5.467197721992761,-6.459638194948184,-40.477470102498046,-27.85850578330769,-1.0237346313965645,-0.2302873512246606,-3.2813857959492907,-2.078220208988114,1.3425189698468785,-0.3538617193585196,-1.2367890225862084,-5.057620432917247,-3.7313330584366895,-0.10813251701731019,-10.984417036150944,-23.846805571146433,,-0.5741572694053048,,1.4526179112849604,-0.21724045596602082,,-0.373015041041981,-0.259796021297916,1.043199609995554,-1.7405567068281016,-2.523657399412059,0.02418471995224536,-22.25611216820471,-8.298119502800773,-7.771241617111627,,-23.951204514630604,,,,
2024-06-13 17:31:00,2.868114775525669,-1.9452515207908618,-1.9438444755269302,-1.3061205510155105,-5.782370139951354,-6.6515517648168725,-40.713418463369635,-28.96719951143791,-2.2542293052738387,-1.2974102261648568,-4.287514194945743,-4.198166224496163,0.739543484985461,-1.3555824306249633,-2.160689131342451,-5.355222345368816,-4.211077502100238,-0.8069702879659815,-11.25376757891354,-24.794093633096963,,-1.7149702524407076,,0.5638398409710135,-0.9669867310763038,,-0.9799428414276008,-0.5088253305507351,0.8333940564234581,-2.1309276302154103,-2.8282788037608952,-0.7348811927322458,-22.46370322220082,-8.13429787107043,-7.809031482924638,,-24.5290042581845,,,,
2024-06-13 17:32:00,4.0202116554472695,-2.597308576533578,-2.9297023881758832,-2.12021146524512,-5.927095629035421,-6.980282261392517,-41.16175426662221,-30.47627680776168,-3.0223642304390523,-2.0490354078003747,-5.731593536022274,-5.905833312047889,0.4172410510759619,-1.788728153215743,-2.5945668888189175,-5.649053798744717,-4.613940585184082,-1.4426959365564755,-11.332986590326527,-25.24922311758928,,-2.3868423007868387,,0.15911008540069815,-1.4338152618161075,,-1.4139133076146209,-0.894712214649644,0.5462896737440133,-2.294087692453104,-2.9990458472352657,-1.2098047117628994,-23.65009978144235,-8.104755426676093,-7.821630201888411,,-24.93523339259184,,,,
2024-06-13 17:33:00,4.8481352267377815,-2.7839128070668266,-2.938099231490469,-2.093622338863952,-5.76100864704631,-6.763438054864196,-41.759435401035944,-31.777739564769263,-2.897164219557908,-2.013663052411175,-6.732934187161618,-6.7826794699453785,0.5136388285129669,-1.6970018108318072,-2.2164826776247537,-5.572897475613445,-4.412504227377781,-1.487796152159774,-11.007070308449102,-25.224009565095002,,-2.331585538752279,,0.16202341731423076,-1.1771456867086272,,-1.2203119961891389,-1.004166311447534,0.4251454635418668,-2.0081561420752223,-2.919239026298783,-1.2402907452092222,-23.8193202584589,-8.02172324275466,-7.5591424242013545,,-25.036342970046462,,,,
2024-06-13 17:34:00,6.122185908333563,-2.40829675953637,-2.351884977563259,-1.3270491556700108,-5.1038364093149085,-6.146027254876344,-40.925110896271235,-30.524232583250523,-1.8165474705847373,-1.36761458716569,-6.152537353938669,-5.975818073703522,1.2689272743591573,-0.8659597987407324,-1.3737235446003524,-4.8619302680072,-3.6903300727384476,-0.5556104864187432,-10.420899952157697,-24.664908950506288,,-1.5558087980261917,,0.7676411819525129,-0.4310021266524018,,-0.6615675303205535,-0.5944273246700504,0.6555960162600059,-1.5408232236695767,-2.5803121065719097,-0.7533222189190383,-22.775102669366333,-7.360661056620984,-7.075966784612092,,-24.05523739264197,,,,
2024-06-13 17:35:00,6.8654087108071735,-1.8236342493091797,-1.5603083451715065,-0.2567871709022711,-4.779985080628876,-5.58419274523294,-39.5725241692121,-27.950613523978518,-0.5341867750541951,-0.27343587633345123,-4.432695898328575,-4.538848270794915,2.1990556353553075,-0.05696323464530906,-0.29608738035562965,-4.4554790795659756,-3.19920873564854,0.5132490709526962,-10.070149258264337,-23.88712662171065,,-0.41354834292747,,1.6774217922761636,0.5633875726430233,,0.05231816717696347,-0.2580281699852094,1.1159985313033758,-0.9948218686831751,-2.3422862224083474,0.009397182521752256,-21.366898425066665,-7.598851953561734,-7.050161443091383,,-23.046735312979422,,,,
2024-06-13 17:36:00,6.352603391938601,-1.4171644461966935,-0.9290516347136872,0.36538333904832143,-4.590958050350764,-5.706805096594167,-37.75004586066393,-25.475642141066146,-0.07066553991239743,0.20343971786383008,-2.9916982337310856,-2.904812923713962,2.2208125197425943,-0.2739931317973969,0.027229349913795886,-4.426345047936479,-3.1780149221553984,0.22011823052005752,-10.067892660217467,-23.13164587627034,,-0.03086054358391266,,1.5567850348138563,0.4789762971777236,,-0.03501888832033728,-0.5317439893974552,0.9587685904311911,-1.1178620084624526,-2.343599925446142,0.08252433198867948,-20.485881135678028,-7.8230961149963605,-7.159527438484702,,-22.659537156359306,,,,
2024-06-13 17:37:00,5.992166319828925,-0.9576709226066669,-0.5211795249970237,0.05721262530414606,-4.792630638663468,-5.639707077682601,-35.6794233497269,-23.4199560035795,-0.3939209087729978,-0.006153952122303963,-1.9099437731731541,-1.348444539720731,1.5571105468081896,-0.4759830085322392,-0.1309548091689976,-4.375583748919553,-3.431851207116779,-0.15067682485016576,-9.997750830817722,-22.345974162644325,,-0.035321751870242224,,1.4915791560420075,0.4590235519599446,,-0.29962103747448054,-0.7736688544805475,0.555822291995355,-1.310498031913994,-2.5710050020552444,0.21380016572129534,-20.17466036193855,-8.077743898819335,-7.3358294452064,,-22.248782366410865,,,,
2024-06-13 17:38:00,6.048828182371153,-0.3167926794981213,-0.13693207577762223,-0.002712175693204699,-4.989924769718982,-5.744684121210071,-34.186905084552336,-22.379613105370254,-0.28656468113695155,0.2076802737228718,-0.944884162896642,-0.9148431311878085,1.5270643375640702,-0.8630214178222104,-0.120774493554336,-4.480563460236567,-3.649672740172832,0.14902079367590204,-10.11316028200713,-21.421242785560935,,0.3783790522979871,,1.6845292646285088,0.5299191897402125,,-0.31253575907703635,-0.8734646834732303,0.3183356683416605,-1.2887249784548658,-2.673164688711495,0.40236725010845475,-20.01616864901098,-8.279369330047302,-7.5061576866621635,,-21.82458882881849,,,,
2024-06-13 17:39:00,5.749322177975046,-0.510526604820825,-0.49335101147289606,-0.020743100093795874,-4.997052405022032,-5.9249169731104985,-33.62808709098272,-22.375594925282712,-0.8719448416247815,-0.056189881990576396,-0.7921742761482164,-1.031904536193906,1.2517012004627759,-1.0424118524335881,-0.43746203776936454,-4.788717290447835,-3.8346913124885305,-0.35206717970925183,-10.20140763778295,-21.407190819943935,,0.04510483945364285,,1.0952878555331154,-0.006582910310498846,,-0.7399970888732241,-1.170976477183558,-0.040678022623978904,-1.4152668404922224,-2.8353096733017082,0.08574915845065334,-20.01616864901098,-8.19724320728892,-7.677136130906547,,-21.483212469097566,,,,
2024-06-13 17:40:00,5.4396762434219,-0.5129370563449811,-0.6334625345884888,-0.22030184123036634,-4.901166718831746,-6.010951259176636,-33.19503139728408,-22.944070556548013,-1.2850699656235065,-0.43905739651654585,-1.242118642921696,-0.8781192914120766,1.1637141323560627,-1.697846181704108,-0.5579562798709503,-4.843077776009181,-3.865805744668023,-0.7364904373785635,-10.033967014042673,-21.418089438093375,,-0.2928899377814105,,0.6610986932887499,-0.3757349489810622,,-1.0327570675672177,-1.3996287035142814,0.011085684242061689,-1.5765983185697223,-2.8181699457863942,-0.2196960990477237,-20.01616864901098,-8.271982674611309,-7.780522887707775,,-21.375694910209063,,,,
2024-06-13 17:41:00,3.605814986399537,-0.3580002649910057,-0.5066764625430551,-0.4026610673729465,-5.117075630349973,-6.007517592694626,-33.57608979319025,-23.495511510958295,-1.0412828183550573,-0.3606719907998013,-1.759068896086319,0.2615596057462426,0.9535864354731984,-1.6990784231988982,-0.6173427666085445,-5.230781491319362,-3.911704969493144,-0.5998204590792966,-10.079237243074203,-21.022773443786264,,-0.13408005272503942,,0.9869929647188656,-0.18394443073384537,,-0.8642032350439877,-1.2566738810851348,0.07071235227385841,-1.6226699729813845,-3.0640099681691026,-0.0717429927340163,-19.912434736626892,-8.271547260527768,-7.840833594419564,,-21.55794309383782,,,,
2024-06-13 17:42:00,2.415774819270382,-0.02033846656740934,-0.1322015358259705,-0.21068930636465666,-5.31159482976318,-6.044083202108482,-33.47553718918948,-23.613614396921093,-0.5623023494140398,0.24905769881252127,-1.38640992747969,1.888417215539448,1.0477567322989216,-1.3660483503172145,-0.4079355959449913,-5.3177115879300345,-4.01159904538315,-0.39588502828070204,-10.158427903796792,-20.57860304888527,,0.19760440360028042,,1.0556054038879665,-0.00032999895893226494,,-0.6927910299436917,-1.380263029575417,-0.04032729832943005,-1.749202629795036,-3.190554193050957,-0.07466487898818741,-20.213235815816006,-8.391475427090654,-8.048258939187008,,-21.50042515810503,,,,
2024-06-13 17:43:00,2.2025727690597705,-0.00507502811615268,-0.23360849825712648,-0.530943569374358,-5.79814882711662,-6.256143473417069,-33.49777872697291,-23.571621938313456,-1.1892565516793638,-0.050051310396384,-1.0810708423052802,3.5736603510563327,0.9483908921777129,-1.857722062084349,-0.8002595984899017,-5.535310207419684,-4.257152386473081,-0.9415179328074998,-10.414110315386779,-20.595452986554392,,-0.1545358208104517,,0.5411550560547767,-0.49945498771512575,,-1.158391273273537,-1.5912203764978585,-0.22375572831788304,-1.9983709611660743,-3.4693536386262167,-0.41523181713182566,-20.247838493588915,-8.496632781579137,-8.182791675798626,,-21.304755351843937,,,,
2024-06-13 17:44:00,1.4037343519394199,-0.5687631981882078,-0.9523792592231075,-1.2438781782805108,-6.0085626172976845,-6.580056222289045,-34.55849394151187,-23.972748177347512,-2.0283568948614175,-1.0237049802706224,-0.42474626335820176,4.865910554194215,0.0987057091749648,-2.761369685549653,-1.494624280218659,-5.945157612862658,-4.9610663819162255,-1.4319440572022586,-10.613229186737726,-20.673240090522995,,-0.7408138801274617,,0.025817721012572292,-1.0821828569178251,,-1.5361150037251718,-2.008709934261333,-0.5054565865125369,-2.2897217193171855,-3.594591948400648,-0.9425395139978718,-20.595630767561943,-8.609622061248956,-8.238471279193163,,-21.501496227171742,,,,
2024-06-13 17:45:00,0.7424705490519727,-0.5947664266250285,-1.2513029791971348,-1.8059103502948801,-6.200351509798338,-6.805047033398978,-34.437591621412366,-22.057250668007555,-2.47917330158225,-1.3779843561421785,0.5812165473714686,5.935304720640943,0.057293066799047665,-3.038550477560875,-1.9619795411324503,-6.267892916676715,-5.057653243909499,-1.4728617042714802,-10.622279756216813,-20.763767211435606,,-0.9074108243430601,,-0.21503928288302632,-1.3421412115912972,,-1.773433248328729,-2.008709934261333,-0.7173928737306596,-2.350172228136671,-3.6216153267973823,-1.1598945689856919,-20.803166925646565,-8.497516903904852,-8.323967171665117,,-21.47084449287911,,,,
2024-06-13 17:46:00,-0.07813016222041824,-0.4687810736913889,-1.2333471501028725,-1.649566553588329,-6.287454712490899,-6.878159216213817,-32.91044811271354,-20.035406743352723,-2.387527557285466,-1.4077492189835539,1.030560301240257,6.435948807419663,-0.028618994455428037,-2.889299168029538,-1.9843790499380702,-6.253292126966244,-4.9610663819162255,-1.2727398526905631,-10.443525442714417,-20.727127016369195,,-0.8744075195136247,,-0.13381797067586376,-1.1739833013321004,,-1.5991407632727714,-1.9946008869305842,-0.5002068836670333,-2.2788273891087556,-3.8305276671803767,-1.2995628958074121,-20.803166925646565,-8.437107926115686,-8.341853164745999,,-21.539663010424647,,,,
2024-06-13 17:47:00,-0.47021402051859695,0.20715792401597355,-0.7511980121248598,-1.7228664856338582,-5.948278048006387,-6.815770688486509,-32.705891262301066,-19.092239071063887,-1.742807000503717,-1.3065170859217687,1.5618657315305882,7.363115949782696,0.1525245705713587,-2.634657157697802,-1.7301191534618283,-6.064641932583754,-4.890688213078533,-1.3465870074750228,-10.373384690019975,-20.083665308311993,,-0.5286950269082809,,0.034212129825846205,-0.894084026985638,,-1.4086361243284955,-1.9663891432687706,-0.4199452959178416,-2.3357648278501983,-3.831829718913923,-1.007447823390521,-20.595630767561943,-8.21201721438456,-8.201350843529099,,-21.570307221225676,,,,
2024-06-13 17:48:00,-0.11389130324050711,1.070281983068071,0.19197575636871989,-1.4244573205246525,-6.091281454703449,-6.802855868946153,-30.497119160155307,-15.66933362860118,-0.9983495591957308,-0.8324975033829105,3.9391391194885728,9.40600447197994,0.254989154171426,-2.558741717806015,-1.4117438769351338,-6.028264431958178,-4.9234402837047355,-0.983503371006833,-10.429955861864983,-19.3369261472335,,0.12017132896517069,,0.3244572639769103,-0.7096727779062348,,-1.3513799657253003,-2.0070252462437566,-0.5722411718584226,-2.4201099268120743,-3.7876625060375773,-0.6683066939199307,-20.333339251662437,-8.391475427090654,-8.243761489660073,,-21.468172937521672,,,,
2024-06-13 17:49:00,-0.2562779348725144,1.2196278170281403,0.33335551993013723,-1.7077011494393446,-6.451810783991732,-7.037294087708688,-27.62747736225765,-12.592163532033055,-1.0249399508168153,-0.7721027711095303,6.5086678650850445,10.46719747022189,0.06561976991656593,-2.951217221136403,-1.8070275423726798,-6.3835413224321655,-5.457082937875384,-1.059449443135918,-10.65621927784855,-19.257467591598015,,0.03827611754263671,,-0.04849131864284573,-1.1396654142090483,,-1.6675063965990375,-2.345961466361132,-0.6341382912432891,-2.7079264211274676,-3.9141989332720186,-1.0125705928085154,-20.180579037451935,-8.586580038037937,-8.542649797283275,,-21.468172937521672,,,,
2024-06-13 17:50:00,-0.34404790842370403,0.6828292715740645,-0.3914346072997432,-2.2000247116343417,-6.942803906650852,-7.4696422960919335,-25.99079843587856,-12.689547860280754,-1.8037807029995747,-1.3343952109964903,7.515999823365064,8.75644524874815,-0.6183528783733436,-3.5273864226264777,-2.5291317702076412,-6.633967119381623,-5.890898042046842,-1.7230762471058938,-10.866654554632078,-19.75444645446214,,-0.6577582288236954,,-0.6887588465315275,-1.7767500969712273,,-2.1492505057217386,-2.5206891428633753,-0.9908287938883404,-2.9753606862759625,-4.200270646416357,-1.5480124598016118,-20.284339396719588,-8.617452187737626,-8.586421722381147,,-21.55149247555164,,,,
2024-06-13 17:51:00,-0.8129420741761351,-0.01866881961177569,-1.0165827192145116,-2.7422013482812417,-7.164773912434384,-7.68993620204958,-24.804256197177892,-13.135948886947972,-2.5890011777146356,-1.882993727765097,6.536273855282843,5.969739024492355,-1.1368273534576474,-4.116761555241965,-3.038226848404065,-7.0946354283307755,-6.139772184472463,-2.435615538229058,-10.907387995894624,-20.421312074102843,,-1.4716235392802446,,-1.310816949501259,-2.383819179436159,,-2.5431537668123383,-2.773099889231162,-1.3422824409972236,-3.28498108367603,-4.325515773315146,-2.1305151852970994,-20.540866149852718,-8.625731540764036,-8.61759436135003,,-21.989099486469286,,,,
2024-06-13 17:52:00,-1.5044078420498863,-0.4490163276086605,-1.4421710370925211,-2.9089746138176906,-7.230507509575773,-7.541497435416545,-23.06738025468985,-11.739122892488922,-2.757263805920047,-1.9208282623160358,6.461467584686488,5.186742687693368,-1.0054252244246982,-4.123671584972044,-3.0576219252502597,-7.366354775760556,-6.244538447403897,-2.472368849417876,-10.787457634187149,-20.718430060916944,,-1.6821546835253685,,-1.3728900656701626,-2.5137765849299285,,-2.5431537668123383,-2.773099889231162,-1.223378670798411,-3.3088634593245843,-4.426320451001629,-2.3366614312926686,-21.079880095489443,-8.310668090254012,-8.65404166684948,,-22.184787055916445,,,,
2024-06-13 17:53:00,-3.0100238262728,-0.6410669633855832,-1.5594540585616414,-3.4037536630967224,-7.522647956154515,-7.973891034826693,-23.17316437048862,-11.647809574167468,-2.838161878276196,-2.0749499341966384,5.953261746231874,3.9295101476486707,-1.255842454983167,-4.237170429233629,-3.5279679018206025,-7.52608582361222,-6.483562596578736,-2.8624068856471183,-10.871192670648497,-20.797032104417212,,-1.8031408108149662,,-1.6118151608970948,-2.6473728758469406,,-2.5197579810810566,-2.773099889231162,-1.2957719529299538,-3.5323836894717715,-4.541700701964601,-2.492000271631696,-22.28195519689052,-8.326767729604171,-8.60636241066777,,-23.089105281986576,,,,
2024-06-13 17:54:00,-2.169174857768894,-0.794804248111177,-1.5509470587817304,-2.9157411510213933,-6.801507803404547,-7.404750630702097,-21.257579756536643,-11.180899515253031,-2.4317314480406367,-1.723292820565348,4.68825917395111,1.9507097173909642,-0.5325855095386487,-3.5105769167871586,-3.1018861306308736,-6.695997429163185,-5.750176969415179,-2.2311508953459054,-10.325864961404022,-21.222079096219204,,-1.4480185788063409,,-1.0429888055900847,-2.095685966890869,,-2.0952785918821064,-2.2505959708933005,-0.9289408965269104,-3.0375759866165026,-4.092179979276352,-2.2874969783274537,-21.87942932124406,-7.546696448731154,-7.952836312956151,,-22.262240456021345,,,,
2024-06-13 17:55:00,-0.7189620420169831,-0.3423234427978059,-1.0521755421818852,-2.3052289922477485,-6.623275595183486,-7.26826541978528,-17.77201406481481,-9.317983055869945,-1.3846168921388653,-1.1287384482498055,3.973515375574152,1.0137079175883628,0.048026690473761846,-2.6019988385075976,-2.296701905126838,-6.706014091526981,-5.517653614125152,-1.5247771541843917,-10.049877588145137,-20.75519175314048,,-0.6717978848541861,,-0.6360100689930732,-1.4994872035135813,,-1.5357307335102632,-2.19861104382926,-0.7605535858119765,-2.803523567319189,-3.9820389688984505,-1.8834261759666333,-20.906937577944063,-7.747073667688255,-8.078743305968828,,-21.272510098041607,,,,
2024-06-13 17:56:00,-0.8625691106053637,0.0895776801366992,-0.6525591405033992,-1.8715114034298495,-6.431504500092387,-7.350812907028171,-13.707828385743596,-7.631876642575435,-0.9229103851130276,-0.7902892147478724,4.910423428660351,1.1390379390009002,0.013856771036671489,-2.662813727584762,-1.6322046971229156,-6.738323140701368,-5.417791428615374,-1.4785944787581116,-9.979751166574943,-19.911411221188246,,-0.2431399526290079,,-0.5964374535165007,-1.3779665417978322,,-1.516364955883546,-2.5041005582484104,-0.8686318648001361,-2.8056715880752563,-4.082857491353479,-1.624135494058919,-19.49948154684671,-8.113818748449603,-8.188086077137541,,-20.84092703838087,,,,
2024-06-13 17:57:00,-0.8212319335798384,0.7938106259716733,0.18126764193630152,-1.372219607813804,-6.089624455470357,-7.084560929848408,-10.684376773238455,-7.49001233403942,-0.2497071233196948,-0.13866369034462878,7.179023668885293,1.3315007942746888,-0.09486381614260608,-2.794518326899606,-1.3957401507748273,-6.51354408732027,-5.2164639388645355,-1.183239573455495,-9.939038590282735,-19.00134364374435,,0.449280283465896,,-0.18229219320892298,-1.0512026394380882,,-1.3346923766689542,-2.4433251129676137,-0.9665641968431373,-2.803930380746351,-4.003113762776593,-1.1171847020282257,-18.804124276319726,-8.031262696500107,-8.078078509884108,,-20.46793380439226,,,,
2024-06-13 17:58:00,-0.9767773789766352,1.3280800614852524,0.8854605131919016,-1.1855643635162778,-6.324109846442752,-7.148208966626839,-10.47869009337819,-7.914932218948707,0.018263802656974804,0.015916223031354093,9.719565375869024,2.3355536986737206,-0.01321956886749831,-2.612204950313526,-1.5446664918320039,-6.386672505391516,-5.394876579337165,-1.0203566283697683,-9.828206661748254,-18.418956739793884,,0.8400754988795143,,-0.05187384364171521,-0.9542898223148768,,-1.3200055445631733,-2.296025207731418,-1.025849038535398,-2.776543152454451,-3.9418268035542496,-0.9993316426152887,-18.580374320009923,-7.918726608623956,-8.095970252302777,,-19.501578317725603,,,,
2024-06-13 17:59:00,-1.4206822830959709,1.5785878102706192,0.841286290620701,-1.1932588861227487,-6.242470135735857,-7.266049606553452,-13.040949085462671,-9.920621842761875,-0.25163865194190294,0.015152467904954392,11.267886760609372,3.1022453938949184,-0.15808478299231865,-2.7633340333873093,-1.6203106358079822,-6.778056530332378,-5.4881738484855305,-1.3880778257917825,-9.737734739176403,-18.079283324259904,,0.712507998199726,,-0.38284147576132455,-1.212545923759535,,-1.5248863293054455,-2.520221152664817,-0.7907414627179605,-2.7987193324302098,-4.042649534747852,-1.0718766562231394,-18.651437096123118,-7.716249221728049,-8.107898080581435,,-19.21678950068008,,,,
2024-06-13 18:00:00,-2.044172217486107,2.2413142866421367,1.3632772305604703,-0.9333524851358561,-5.95046058568164,-7.100004977320964,-15.408687515251813,-10.970244854077237,0.5102563426601137,0.3466162163051649,12.025646225450146,3.7193215518054785,0.03634151010987807,-2.3591516347653396,-1.4751399502702043,-6.618394582577366,-5.2197532349256335,-0.821168942260158,-9.411987844526038,-17.297282982865454,,1.3184385646063674,,0.14317760914036626,-0.8075528749413934,,-1.0462406898468544,-2.166475415869172,-0.6381886651665809,-2.6083363406282842,-3.917451446351606,-0.6987194098487635,-18.787799600856943,-7.581127071892979,-8.003861447216423,,-19.140042957672108,,,,
2024-06-13 18:01:00,-2.1123673568691856,2.8304197545344323,2.310463368391538,-0.6302450020593824,-5.7444722451821235,-6.978707649346234,-18.151607004995185,-13.147189303053437,1.6145856178050053,1.244018447797771,11.22467762495421,2.7306496063329178,0.6651473833849195,-1.5350416017899988,-1.0050173994191027,-6.509489018470958,-4.853149745717587,-0.02935667877375181,-9.29211939431434,-16.757803669790064,,2.117684566966318,,0.8250912269895707,-0.30423980459590894,,-0.6261707098460647,-1.7491183722313508,-0.059592365717435314,-2.326227560260122,-3.6756303734264293,-0.3418694983220121,-17.988740835165117,-7.176187064092346,-7.838865947993554,,-18.766645543196205,,,,
2024-06-13 18:02:00,-2.09575715056792,2.853739015828978,2.3392579131718776,-0.32454695119122334,-5.765844183468744,-7.163650220217846,-20.365634520639787,-15.22653859629304,1.6206839831315847,1.4867393683248338,8.684184935682424,1.6775294668887,0.9051292829001341,-1.3570189209124237,-0.9965313548534596,-6.4841169695490635,-4.951349745527409,0.09920351398216098,-9.16542107795317,-16.794187513040924,,2.0672638466260196,,0.5059937238179373,-0.5448772927084065,,-0.5807973311798378,-1.675859768137343,-0.01048996934423485,-2.326227560260122,-3.6756303734264293,-0.5008877808118086,-17.450046304030366,-7.131419340493039,-7.8514510490131215,,-18.513600375189753,,,,
2024-06-13 18:03:00,-2.1982307500129536,2.3110487596236453,1.775987631942371,-0.6460329896349322,-5.846361663064272,-7.333165261165732,-22.9284670353818,-16.507054364331452,1.2615948816307991,1.3126529062110421,6.158976835651629,0.6459636426120596,0.6302112484438567,-1.482807337367376,-1.5385548653500791,-6.520727015592456,-5.14280754695676,-0.15164412463073518,-9.280689832856524,-17.20633588130886,,1.5759076425197236,,0.21978490363471792,-0.9770336514247902,,-0.8325880467587012,-1.6492350767180142,-0.07784704341156612,-2.452244708413218,-3.680213970204477,-0.8314736093311694,-17.482679124445895,-6.473420419718195,-7.712931114405592,,-18.38228246213305,,,,
2024-06-13 18:04:00,-2.2387528750458614,1.7684169676290367,1.3681372976020612,-1.2234249069804264,-6.1685376866166735,-7.566353662807387,-27.910510125692554,-20.252228041829767,0.5599487309864344,0.9754105190515929,4.752802622344234,-2.8156056974321473,0.12446606761022849,-1.8011013415475645,-2.2513282930051446,-6.890824029551595,-5.457082937875384,-0.5206378941117009,-9.285155767244987,-17.66695613216325,,1.0357663391264396,,-0.14579042168952583,-1.4547483664237006,,-1.107848148946232,-1.833536869620275,-0.12198141380031302,-2.7304657811769175,-3.939193800065823,-1.2591520472988122,-17.69002406142681,-6.129586852639477,-7.573747312059595,,-18.63674090507584,,,,
2024-06-13 18:05:00,-1.523930130880558,1.5255674719733179,1.2829196748889444,-1.5777096609663204,-6.212922055992067,-7.7195027124516855,-33.95487001442348,-24.717399211766633,0.5536825143051374,0.8052903954414887,5.512152751937492,-6.92587697660565,0.017939337220241214,-1.878128015918719,-2.544829015450887,-7.1663705239963065,-5.517653614125152,-0.4409032894399729,-9.343980410644008,-17.709376145948227,,0.9053898465817838,,-0.2871089096174728,-1.5046662033037137,,-1.0786277285578763,-1.659640254115402,0.06141458981755932,-2.688297044916453,-3.939193800065823,-1.4226145446014016,-17.79369910326068,-5.867894631874606,-7.586334491024672,,-18.95917981782236,,,,
2024-06-13 18:06:00,-0.8624786292863291,1.3166728520322977,1.0510282692089277,-1.5856349342745943,-6.378950807664296,-7.949234283064698,-36.558545431227685,-26.53696984483736,0.49137145411236816,0.6580551004833524,7.591081243743929,-9.619785826952011,-0.03376268644524316,-1.9627112482319262,-2.6144304306287722,-7.231739635868735,-5.768122149617966,-0.5632205119694333,-9.287390305780718,-17.763920078679348,,0.6446416642700115,,-0.4685476885410935,-1.6272486688121717,,-1.0728242825043708,-1.6507744050795736,0.17244866260261915,-2.706559365843532,-3.937880439093533,-1.5741585529449367,-17.848424563706885,-5.81570888473243,-7.398101028441943,,-19.3445455930688,,,,
2024-06-13 18:07:00,-0.9177719526502415,1.0059628115031956,0.6286256020653127,-1.9885034378517048,-6.171873697417595,-8.091737915336466,-36.30172032262749,-26.783544379085924,0.26093752891824806,0.4919199923567703,9.011450537575229,-10.912756901220291,-0.38860722859453745,-2.0679581614056133,-2.8995067983023546,-7.427865894738261,-5.832008579402213,-0.8571202991984421,-9.28280361289103,-17.988149557040288,,0.4090853134403005,,-0.7302258428412642,-1.7880024975097513,,-1.2398174546847258,-1.6745037393779967,0.1361384008901041,-2.7118017583961773,-3.9168103121132845,-1.7958759645994178,-18.05578219201834,-5.546978120359654,-7.313908741068644,,-19.743777459513808,,,,
2024-06-13 18:08:00,-1.3196370286079855,0.6162056996226966,0.48174720077531674,-2.361224475763038,-6.2091445584246685,-8.25785764440218,-35.01264976207449,-27.51868156885712,-0.15628659802200673,0.12584032956237934,8.684763009676772,-11.838630945403565,-0.7134794815056011,-2.40143120723269,-3.2100138747175606,-7.504290339936006,-5.964653591760225,-1.0591765021671051,-9.294100206756639,-18.036634707861595,,-0.016541221431680242,,-1.1113448501519088,-2.127796992268486,,-1.3481771091469454,-1.684158347767152,-0.011217821102491143,-2.9279090140094013,-3.933952919274816,-2.0870472320880253,-18.23051110705228,-5.255252547463442,-7.2900398436322575,,-19.877521537295138,,,,
2024-06-13 18:09:00,-1.909885415542476,0.7580720504379315,0.4287473406711797,-2.5408969459197124,-6.3379190325611034,-8.198933994052368,-34.86839064722585,-28.83480249786203,-0.2850142578001851,-0.10392785150816053,6.821430967753486,-12.128796621798756,-0.9535033529084558,-2.578829511563981,-3.3667737919829506,-7.573261283044303,-6.093983898439774,-1.0591765021671051,-9.294100206756639,-18.02452727421496,,-0.09045501667083045,,-1.19250144480975,-2.124146943482174,,-1.324770463461391,-1.8033095382957072,0.03267315480252364,-2.8931199883486443,-4.042036986158564,-2.1027249574713096,-18.23051110705228,-5.173064811511722,-7.2721381705553085,,-20.124233473951904,,,,
2024-06-13 18:10:00,-1.8216857515927813,0.7246203611848614,0.1235805968317436,-2.371697283212825,-6.581235234289352,-8.487629949809275,-37.996371973744544,-32.183277101489466,-0.3327681146483883,-0.10392785150816053,4.101215393485745,-9.073899950185478,-0.7693397730977267,-2.621456684023997,-3.294128071870091,-7.6640315709117885,-6.252807640265019,-1.353076577946382,-9.158323689963481,-18.0184767123028,,-0.09045501667083045,,-1.1332444944400777,-2.1168478890144797,,-1.3218807034395468,-1.9180315776220596,-0.15596721514293677,-2.9279090140094013,-4.194289530821152,-2.134082542487704,-18.334195581277527,-5.330802309889123,-7.162764781490296,,-20.18764764662808,,,,
2024-06-13 18:11:00,-1.5373946944838508,0.775669118479982,-0.023052851122429274,-2.4110643752378564,-6.648677406357137,-8.446376148908143,-40.767640003166434,-33.22624920546127,-0.2767316081453828,-0.0014510187615996983,1.7400680983939765,-5.503052663823837,-1.1055912725512371,-2.692289981261638,-3.3976329073243505,-7.758388115711796,-6.208629199936695,-1.0591765021671051,-9.160560661912996,-17.88518229407464,,-0.008826483294797072,,-1.19250144480975,-2.13592894554904,,-1.3204363463250957,-1.7211902600565736,0.09720281400586828,-2.9296678919513397,-4.003837501282305,-2.0915257725532683,-18.366831501181423,-4.941296590677439,-7.102434609624197,,-20.409105995602886,,,,
2024-06-13 18:12:00,-1.3807497354046063,0.5442109621467353,0.01161159043203952,-2.4424817561484815,-6.725945919936066,-8.378017225558779,-41.25223038797094,-30.26174039771763,-0.6171641447278944,-0.3028208965488375,0.10876562660087075,-2.336721778946412,-1.2369737853737206,-2.6785053363259976,-3.6439683724379393,-7.8019857475833305,-6.293784518598159,-1.3042095774615348,-9.072314853252465,-17.74588976255427,,-0.09695851214041795,,-1.4076219614535148,-2.490328264540949,,-1.5883081327997388,-1.9321214383608094,-0.15596721514293677,-2.9296678919513397,-3.976815595892276,-2.3043063069471827,-18.366831501181423,-4.87390938039448,-7.060006985126847,,-20.460143312699188,,,,
2024-06-13 18:13:00,-1.5777339884779167,0.5332748483065188,0.14633000444928257,-2.4738991370591066,-6.733061194864149,-8.405121304208706,-40.390027989361215,-27.656364105816465,-0.7458729966172086,-0.4191685613197933,-0.7474762430804276,-0.9110658792997128,-1.325921786897652,-2.9060596363087825,-3.742007224363988,-7.881709516883234,-6.3052648887337455,-1.5981014161688165,-8.88676253742392,-17.667193410887194,,-0.08762381051360535,,-1.3465274484929068,-2.3985729342771265,,-1.501906066983338,-1.913603934134244,-0.40913468472217573,-3.030519398641445,-4.057881338620973,-2.3625405105035497,-18.437881771059892,-4.91908545219394,-7.0845308458847285,,-20.47302852564269,,,,
2024-06-13 18:14:00,-1.778272295145939,0.6523856084113504,-0.0035575359152062447,-2.6707243998307604,-6.47990678230326,-8.291987210048546,-37.912211718555,-24.43577023168882,-0.5840415664633838,-0.3584852051897087,-0.030931317498016142,-0.002834991615600302,-1.2172925869256233,-2.799493147633939,-3.5628554040067684,-7.852747476650393,-6.133350167005688,-1.306289336372231,-8.692146436469557,-17.509740717371642,,0.15886391696199098,,-1.2061218040516906,-2.124146943482174,,-1.3481771091469454,-1.913603934134244,-0.04231711523470949,-2.8948774592113296,-3.9497936993548137,-2.0907815145246786,-18.437881771059892,-4.611759185938126,-6.859148937524196,,-20.34668881601442,,,,
2024-06-13 18:15:00,-1.8364514196621258,0.7205579761821355,-0.04796757420854192,-2.4450069353620165,-6.325367868115336,-8.291987210048546,-36.09287204110137,-22.919154433605172,-0.5301379409615947,-0.5544105065769145,1.2299408635008149,0.6951681629884661,-1.0889900308359302,-2.8709602252342847,-3.409098802333574,-7.903509212067661,-6.018702460995428,-1.5145715561008046,-8.622024051562448,-17.26143796151564,,0.14463832261958487,,-1.184227723488675,-2.2114188509744963,,-1.3276616178709446,-1.9180315776220596,-0.0629544408880065,-2.944424791408437,-3.9412206405672805,-2.0788401816444093,-18.437881771059892,-4.633975546035799,-6.761702436422638,,-20.264443742967046,,,,
2024-06-13 18:16:00,-1.3978006550405553,1.020291967560297,0.32685578394375625,-2.2402439382231023,-6.28809139130999,-8.264882965996662,-35.75801832374782,-22.427201566168605,-0.35378941086582927,-0.5195678226957625,2.6030809342471457,1.5554561897665735,-0.8065640872068798,-2.6440498636534358,-3.300136502718942,-7.736589825420197,-5.835321613741598,-1.3901568867217122,-8.416116601955082,-16.873779748450033,,0.3785210468636251,,-1.0219355333833846,-2.0433493908863056,,-1.266119437940688,-1.922459568242175,0.10243200488866933,-2.746588067059747,-3.932647933706903,-2.0474903899598758,-18.437881771059892,-4.806521489441366,-6.615210767478629,,-19.992447352321506,,,,
2024-06-13 18:17:00,-1.3713970425535535,1.6195950485948742,0.6810673423133267,-2.036767055573364,-6.236579154769288,-8.373299955609582,-35.470121855692014,-21.673744783478924,0.011272362256704582,-0.28779957250344523,2.999122918409057,3.234781098237363,-0.8303526935130776,-2.6591154646775976,-3.2807499406387706,-7.7076270970297855,-5.730546103580423,-0.6842663044187987,-8.29845530497073,-16.340758305947475,,0.7504134640289521,,-0.8578246130455227,-1.7380712282219974,,-1.090435774600337,-1.9083726980061329,0.12829882873575116,-2.7118017583961773,-3.9141989332720186,-1.7794823163781075,-17.929663186861944,-4.58176695197335,-6.57874780175257,,-19.695194330622826,,,,
2024-06-13 18:18:00,-1.9760455555098133,2.478731300380332,1.0969591968828354,-1.930436291130036,-5.931900590287796,-8.169414776289955,-35.77862656276875,-20.897621216199923,0.37844660922678486,0.1289103653220991,2.2761021923813587,4.694776658202045,-0.7879375384331979,-2.4604217553292074,-3.1463959245220394,-7.754806070289192,-5.576652643728835,-0.8925473946804914,-8.08570212450718,-15.983395464355453,,1.1962193471167666,,-0.3965295825682915,-1.6272486688121717,,-0.8693814715720691,-1.6471293036993302,0.4305838461568783,-2.6531142659437137,-3.84170620173154,-1.5853799781557427,-17.288861033325702,-4.536963118949188,-6.402399374127754,,-19.55646651153313,,,,
2024-06-13 18:19:00,-2.6427634107371887,3.1005001598032322,1.4305057460155695,-2.128512757624776,-6.16539332832167,-8.14110383437503,-36.94937361099687,-21.62402682447646,0.506976757049415,0.04238530117072514,0.9875841189518724,3.786741843148775,-0.644143497194591,-2.4528849256064404,-3.3503840931102786,-7.635369626063266,-5.684740749965954,-0.651706152678571,-7.990607403928607,-15.765324368486745,,1.277817372849995,,-0.4384608341092644,-1.6126258010440324,,-0.9514277066514296,-1.6523556624238154,0.23672243507508028,-2.7079264211274676,-3.8035049306631663,-1.5778986803702537,-18.574206285076343,-3.9904051197765966,-6.299609661025215,,-19.50688434506435,,,,
2024-06-13 18:20:00,-2.986224452464512,2.8857604116533366,1.2452785872524146,-2.54847033556689,-6.408738364881174,-8.203549391050842,-38.549395288377355,-24.434047402377928,0.0690471730426907,-0.18734245685641326,-0.7384305212779054,1.2454959105984926,-0.8686512415786183,-2.6797845544908796,-3.48720939361192,-7.678967942915278,-5.868131260190239,-0.819084297487052,-7.816324440728067,-16.03814473430384,,0.8977205606538519,,-0.817711858311668,-2.0287435547847963,,-1.2340336776519507,-1.781170310566722,0.1797562152341925,-2.777507136650911,-3.938618701778978,-1.8496471594999093,-18.52320701128565,-4.282939273529564,-6.318160478085247,,-19.760050869994643,,,,
2024-06-13 18:21:00,-2.678744341524407,2.2415431381764392,0.6764258598836932,-2.9328782302682157,-6.5961617201433,-8.329647774440787,-40.18197160198133,-27.086975981310616,-0.5637978672909867,-0.6099775506004335,-1.881090748495808,-1.7788050006101912,-1.1821462985953985,-3.0276764463337713,-3.7390150798780724,-7.7733321749382185,-5.995866142655473,-1.1475868151576947,-7.857026356551387,-16.341316070727316,,0.41249540299941145,,-1.3975149881598554,-2.551216787127487,,-1.541498913866235,-2.129775190417149,0.06610256369958734,-2.982736168451538,-3.928745540136333,-2.2998284139480347,-18.85264368574417,-4.2607187361454635,-6.36123561809427,,-19.99391285811612,,,,
2024-06-13 18:22:00,-2.6718481708281843,1.1566961877160793,-0.03894964455139416,-3.159835088822547,-6.748010772908401,-8.537071397606155,-41.805986100272094,-29.375341501559888,-1.3958264056498138,-1.111129918462666,-3.1565775117048815,-4.861923804306571,-1.5732276105450183,-3.7171985064044293,-4.044079016267915,-8.023574885076187,-6.216908685049702,-1.6088131520052684,-8.035754144118073,-16.844450951085946,,-0.2643703516275764,,-2.0146531357331696,-3.115481004969297,,-2.0275405343736566,-2.570158730899948,-0.44024450014876493,-3.2740679368716883,-4.189108318224953,-2.838839277536863,-18.85264368574417,-4.283675886705623,-6.459333625879708,,-20.21538889739395,,,,
2024-06-13 18:23:00,-3.7225985326239197,0.382814506917839,-0.8570663107389009,-3.8210050765792403,-6.914096103553447,-8.658463116569465,-44.298427484741524,-32.76102358201592,-2.2567828251292212,-1.898556984266179,-4.83447143448916,-7.95443089555647,-2.3035894692204693,-4.4142094333578825,-4.539737085498473,-8.411808457719303,-6.523118054682868,-2.488558085706643,-8.028912934292293,-17.184168099029193,,-1.0983003518269925,,-2.888760793127858,-3.869631883593229,,-2.58232913701886,-3.092631499757772,-1.0628489405971777,-3.6588775961249667,-4.43232079533027,-3.5091888924798695,-18.956338453300305,-4.5688235033464935,-6.5574372596922785,,-20.645980530998713,,,,
2024-06-13 18:24:00,-4.946339940380085,0.2134534215701933,-1.1535768860121607,-4.266903776828713,-6.822591179693518,-8.572424464646247,-46.39130003624382,-34.777669518615085,-2.7940391427803206,-2.3767056815802334,-5.9915187511257955,-9.516987944899029,-2.4887625170708816,-4.926287858784917,-4.956776428961575,-8.30669722670666,-6.6574095705055925,-2.821183857001671,-7.961010219322134,-17.25724096543945,,-1.5160339685824056,,-3.1867924849843803,-4.124933783290089,,-2.826772806691224,-3.322080451698639,-1.3160130873761773,-3.7780031984175366,-4.513391780357779,-3.912269709238444,-18.411192982348894,-4.43402830515538,-6.673454464591487,,-20.735182820918567,,,,
2024-06-13 18:25:00,-5.1887526812828355,0.19088322578045336,-1.2067046424403998,-4.445253941262763,-6.6893784198744015,-8.87061191285909,-47.647107432389475,-35.718748524224566,-2.922659565877666,-2.4522658588102786,-6.397603934155313,-10.085035051172781,-2.3687676271090368,-5.032845586237727,-5.018470091450354,-8.433614817396233,-6.6639458777608525,-3.0987112286812533,-7.961010219322134,-17.330041560733207,,-1.588291742403726,,-3.185865674500292,-4.163091446164344,,-2.8282081351439956,-3.4271114496073096,-1.354644968097091,-3.9466537028547464,-4.550279832036267,-4.090670228004456,-18.272781530651628,-4.366629685063799,-6.7284791255158325,,-20.72873951776569,,,,
2024-06-13 18:26:00,-4.6390903886814385,0.1626443807576834,-1.0109080032889324,-4.386216403089065,-6.928322475233017,-8.649033458155486,-47.7071521273092,-35.030383777837415,-3.013948240624586,-2.5496481894083445,-6.3651149305499075,-9.788752339110488,-2.369772731086414,-5.019031198625498,-4.968193223731305,-8.310275086024035,-6.5787764241219975,-3.364051786125856,-7.784496653637234,-17.269744234341488,,-1.5915414249375317,,-3.3024794943698907,-4.215796923115704,,-2.8310798378520303,-3.408584901622362,-1.1014858594667203,-3.818387632690701,-4.433608166830254,-4.078711218645367,-18.272781530651628,-4.508831349842012,-6.5574372596922785,,-20.463135217434,,,,
2024-06-13 18:27:00,-3.635566227797085,0.2925114372064854,-0.8974333343053331,-4.252180455823236,-6.717837430499458,-8.500532412510324,-47.49486701807973,-33.22516013293239,-3.0140402554307,-2.5475526948280276,-6.600369455607506,-9.107715048016416,-2.38415833136969,-5.3398695164407854,-4.657652576021519,-8.194094601361826,-6.57382744826532,-3.2641802010263348,-7.732506871124087,-17.09454870724585,,-1.5870924008791008,,-3.396262500677949,-4.138603296857582,,-2.8382651951365006,-3.403316451470346,-1.0651237605538881,-3.833120956058792,-4.426320451001629,-4.081660683417795,-17.910747564920257,-4.545856876134621,-6.550821382186086,,-20.058302347020458,,,,
2024-06-13 18:28:00,-3.0207672562340804,0.7216074060065694,-0.39762379481635435,-4.069596183742306,-6.430088890107754,-8.428642472541924,-46.11461684384517,-30.26730511444748,-2.6886739440039946,-2.1786974083145196,-5.885130223510259,-6.8878604451015235,-2.2371466846736894,-5.042719737403104,-4.425744483200788,-8.15764530848196,-6.410040505707684,-2.8624998425310935,-7.506229511039237,-16.477433855634445,,-1.160570783635876,,-3.1482724370052892,-3.8706649451328303,,-2.73566615720938,-3.3980550009910075,-0.8945016615170971,-3.684806203707467,-4.4276128856222385,-3.909972490311702,-16.847332065276987,-4.5680721919102325,-6.629722748697304,,-19.811070330052644,,,,
2024-06-13 18:29:00,-2.679885020771735,1.2238748956610834,0.04878045623308935,-3.8305248938454497,-6.5002457269301885,-8.509964162989604,-44.08467615931136,-26.681588197440533,-2.388357766518766,-1.9192934514610442,-4.843240865028292,-4.001749772436597,-2.296018057867741,-4.99440366826434,-4.462557597826162,-8.15764530848196,-6.527890523728388,-2.605703900790303,-7.3817009677418355,-15.999784188688864,,-0.8518335011901854,,-2.980534862222612,-3.762661596437738,,-2.6535998084932544,-3.4254190288052087,-1.1630401756883657,-3.7195982162188557,-4.436189191421363,-3.7032452632311106,-16.6401018494671,-4.545856876134621,-6.611813235640284,,-19.754093250733717,,,,
2024-06-13 18:30:00,-2.4815693102357272,1.3533392789827303,0.035425922467311466,-3.78447822548128,-6.361629082763102,-8.436884804789088,-42.00432973346415,-24.09726773164448,-2.5959710914976313,-2.1926312776997747,-3.6826752237068376,-0.9138182767810576,-2.513229532822834,-5.17236985655245,-4.63322737968474,-8.056441767823003,-6.568879520174505,-2.820054168939521,-7.383914227070363,-15.7582891641473,,-1.1063882001506045,,-3.1955724615654617,-4.097873785468892,,-2.830704308767963,-3.5401323937508096,-1.1476484712866295,-3.9522402192283153,-4.416452405585005,-3.951036181200834,-16.67270780731633,-4.358851034112831,-6.5574372596922785,,-19.824424683524285,,,,
2024-06-13 18:31:00,-2.140796502284843,1.8553483943392166,0.28901128723964575,-3.9431247374743634,-6.478896768517188,-8.422736133037802,-39.9906724510995,-21.893243590477823,-2.670826884759208,-2.3158825802390766,-1.8300181736110517,2.462172545083831,-2.665277823366523,-5.399849347990084,-4.907401830083018,-7.976711676511286,-6.629484255884336,-2.8976184302311196,-7.1304210472260365,-15.522745328840756,,-1.0533196930646227,,-3.1919134150266473,-4.12424138596316,,-2.830704308767963,-3.654846043487396,-1.0752746596763245,-3.9430972817085603,-4.416452405585005,-4.001049259696174,-16.67270780731633,-4.246643398266997,-6.5150002654122545,,-19.75552415973391,,,,
2024-06-13 18:32:00,-1.707358062851199,2.0978270913824417,0.5141936543750489,-3.9941907777974848,-6.415855206623519,-8.405060481262922,-37.190311926767436,-19.40742327725866,-2.4387567294315886,-2.3864641078575914,0.8622890818655833,5.393476363824448,-2.8163191719734186,-5.38544550632264,-5.069627166369855,-7.860537225306189,-6.704749822342251,-2.7732477618234554,-7.021813600189034,-15.24426605301187,,-0.8431569403990125,,-3.052497273154131,-3.9489259112569925,,-2.829262875203767,-3.6089605494180432,-0.974415426563155,-3.8991606550298457,-4.444765849147643,-3.8226827718899585,-16.72741294844718,-4.306265258670464,-6.520970451541416,,-19.616293179900595,,,,
2024-06-13 18:33:00,-1.191465076307395,2.115040982856499,0.35079363932436536,-4.179208824702073,-6.408738364881174,-8.183477971854813,-35.71479955755376,-17.906863770164364,-2.3764892131173383,-2.1906995467186334,2.7434069678788546,6.1531735346261485,-2.74712859635747,-5.3278301396528605,-5.089053201295883,-7.8387354370699995,-6.858640068744421,-2.946496059894457,-6.96518208831435,-15.46802359724552,,-0.9323404157669302,,-3.016971353585177,-4.04514064740124,,-2.715148496562051,-3.4209978190683614,-0.9072807299262422,-3.950464276427283,-4.480365275454005,-3.8465461477740064,-16.879938711917475,-4.314042683469552,-6.5395272239702535,,-19.679235082077753,,,,
2024-06-13 18:34:00,-1.4090977647047112,1.7654727266708505,-0.16983048556585345,-4.626739659540135,-6.461958317774588,-8.317827060214654,-35.806445523300454,-18.51708305931561,-2.8384852283597866,-2.573237862247879,3.82153351125271,5.420868033322677,-2.785561450404657,-5.475223907119471,-5.452409110768485,-7.853692768165388,-6.830916941027567,-3.1381210966397077,-6.813423830393958,-16.048806143623096,,-1.3981309951598178,,-3.323202532502364,-4.462031220649351,,-2.814867712517753,-3.4218407031967217,-1.2458969305616847,-4.161025930755386,-4.450765335785036,-4.173436347117786,-17.141886416106445,-3.977405817578756,-6.503707152526431,,-19.958178748793102,,,,
2024-06-13 18:35:00,-1.9191228703257366,1.2915448295993883,-0.7395444689263968,-5.17395911569065,-6.834123625837947,-8.574775305220214,-36.0350279939521,-18.95628631523914,-3.149341725684053,-2.996562089184863,4.9741691095257465,5.041665188540719,-3.098083314611358,-5.737277108509488,-5.723693562163362,-7.969875599515603,-7.173192137320484,-3.478706293964592,-6.874474768086429,-16.563126057754744,,-1.747915858325996,,-3.7059850848745555,-4.714558390010097,,-3.2044085523461945,-3.7068613648143582,-1.354644968097091,-4.27457655858052,-4.665672071734662,-4.5466423958032465,-17.316525074931178,-4.01517957975102,-6.638290727962158,,-20.344683042323027,,,,
2024-06-13 18:36:00,-2.7070535720755515,0.986811164561459,-0.8473512865634802,-5.753803847784184,-6.904290220433268,-8.59245550767207,-36.06062764747435,-18.542713752975715,-3.381465929615615,-3.3215180271993177,6.8337749035852084,4.480919459683264,-3.7488724409170118,-6.02814508323695,-6.244289366430166,-8.292726207815008,-7.577671933835404,-3.6540724809908056,-6.917388455349737,-16.99872247789881,,-2.099354575670077,,-4.109763075097362,-5.130629042625515,,-3.4870360467843966,-4.0739735007136915,-1.6363076643992827,-4.549419858658439,-4.94449654887876,-4.904198933827047,-17.591189949308045,-4.315541051300215,-6.791442689049973,,-20.774839627245,,,,
2024-06-13 18:37:00,-3.187416128895393,0.5465015774288986,-0.952162909652543,-5.94935678151478,-6.814511501796915,-8.572419170767489,-35.49868414804973,-17.572127372617615,-3.6737023325370046,-3.564027241961412,8.86516390093243,3.650220208443443,-3.931097574635487,-6.219384034861378,-6.636046437901541,-8.209753038556414,-7.85780712164069,-3.8090346255559098,-6.785979086745783,-17.428419904727434,,-2.413062888368813,,-4.175491849948685,-5.207870899577301,,-3.6570128641469637,-4.166641056294338,-1.6441902256660796,-4.681297886320408,-5.031614662352695,-5.067706252058088,-18.583776196848248,-3.9192557444341674,-6.743697925302968,,-21.231306941490743,,,,
2024-06-13 18:38:00,-3.3672183840326397,-0.1592830201216202,-1.428319544826536,-6.229244867800617,-6.923723187363294,-8.434501177358129,-33.958280728115824,-16.64219775882566,-3.592707232782459,-3.845388388228457,10.68181414098126,2.8241199365161265,-3.9573488579837885,-6.13245988658241,-7.010669304870817,-8.195783587869187,-7.8777367288711275,-3.8109437346964796,-6.742839851212466,-18.009195458319937,,-2.580707617735243,,-4.323318644794654,-5.426895095210966,,-3.7731166715775544,-4.154317164523036,-1.5103300015471177,-4.697689502384037,-4.938152139060094,-5.309700319715375,-18.9821468034761,-3.432549543666937,-6.53150322846659,,-21.707693538225726,,,,
2024-06-13 18:39:00,-3.119623218917013,-0.6901963055338456,-2.0215971812649514,-6.384271386752516,-7.026776711591538,-8.456900216575832,-32.92021348029289,-16.587925581402715,-3.571854519701674,-3.9757388445973447,11.456645580081613,1.137888317962279,-4.083847068049408,-5.8611852059596,-7.091553717724764,-8.130692915944337,-8.005547824941345,-3.982244065543597,-6.566288540530877,-18.583968127186836,,-2.8567600232875066,,-4.429203218484872,-5.5805118554203546,,-3.8319033913026033,-4.16404439038115,-1.5208553685524748,-4.673845671523395,-4.938152139060094,-5.597993873948326,-18.70305433972362,-3.2451213354222546,-6.373019728213421,,-22.030923239271715,,,,
2024-06-13 18:40:00,-2.9182999141837627,-1.2099263338322999,-2.0092159222213013,-6.1549494301932555,-6.94063266208741,-8.23645520605271,-32.31143735795308,-17.813402225262962,-3.3644748684862407,-3.746202151644411,10.406939389808258,-1.9493937607549015,-3.7475071620995095,-5.470043958475799,-6.5792629299378405,-7.901856504472335,-7.638618512430753,-3.857808367861992,-6.240406963520172,-18.723168504777277,,-2.5945663718728156,,-4.22959920553285,-5.176188431688843,,-3.481890870344614,-3.9248477499604633,-1.481814110538835,-4.5584340314758265,-4.939416833267387,-5.400182563559611,-18.35285970406221,-3.379591523555291,-6.433370945901288,,-21.777085112313557,,,,
2024-06-13 18:41:00,-2.6409954466211047,-1.5487782954664908,-2.1351772420694033,-5.82159578534629,-6.516903769905866,-8.001871642075116,-32.02488704352277,-18.57192975074304,-3.1882470719269804,-3.4887160271739504,8.17360771648805,-4.084905741638067,-3.434864314245715,-5.207928854654938,-6.137123366123205,-7.531778705292481,-7.291305980388188,-3.645677540703076,-6.04350942006954,-18.38432384182488,,-2.4110665971452363,,-4.183881853296043,-4.911736023801041,,-3.3352670396452595,-4.171949112569564,-1.5204359491508512,-4.521816341303747,-4.84116540016521,-5.131305186778263,-17.289065020930593,-3.3940514347157205,-6.335244289367893,,-21.181758807909887,,,,
2024-06-13 18:42:00,-2.811541331376361,-1.655870830535605,-2.1681105183852196,-5.7107998398000746,-6.76568151479637,-7.731949599604036,-32.001769888843455,-18.594981084390156,-2.9147275286916283,-3.2858147468643892,6.461972413997273,-4.539115509138355,-3.1933699429141598,-5.203338231694261,-5.829786434974267,-7.328377252363339,-7.318994211545146,-3.6866778651180994,-5.903266073133409,-17.948927974456637,,-2.1273402559911574,,-4.191822803057221,-4.986190646310661,,-3.4607856085126514,-4.4508054012053435,-1.7192094066372192,-4.637336410658008,-4.9333675177476835,-5.075142683689137,-16.736199701957048,-3.7911049508024917,-6.554068164178034,,-20.807549929844072,,,,
2024-06-13 18:43:00,-2.898389599444158,-1.441115163547238,-1.9586663057420992,-5.286474427160329,-6.709741504448402,-7.62822282618788,-31.613070118547512,-17.682256514412302,-2.778191520801329,-3.0939349710902206,4.989013611440214,-3.719347803115852,-3.287218541278662,-5.475223907119471,-5.765926401354591,-7.2665561166622865,-7.3205588123271355,-3.7664499158443334,-5.873842378540985,-17.435294183736914,,-2.104245162907773,,-4.19981818402448,-4.9534866042604335,,-3.5600716451990593,-4.546097220673346,-1.8920936057302242,-4.685044931484299,-4.926055610743333,-5.07725752961187,-16.409130946057303,-3.7307394693682454,-6.596506742369229,,-20.522581671400303,,,,
2024-06-13 18:44:00,-3.092445719012858,-1.503240099782488,-1.8076164678118403,-5.360867107669037,-6.812783023773818,-7.623502069469168,-29.35662794910627,-15.253522987170072,-2.869720539651098,-3.1137969109890946,4.572209484886798,-2.1588349270737126,-3.5094222431189337,-5.640548054332385,-5.704640490178463,-7.262971454927197,-7.4138354350778854,-3.6952384001191945,-5.873842378540985,-16.891488807443693,,-2.103095514084089,,-4.190584997583301,-4.9480770260979625,,-3.6550700138532193,-4.651104893009688,-2.0237250900577237,-4.675893985453968,-4.926055610743333,-4.8428554495699245,-16.11467084591777,-4.008142071255179,-6.66347544057453,,-20.421479849577736,,,,
2024-06-13 18:45:00,-3.3781646571379724,-1.4920275552772182,-1.8377498126492355,-5.462924025565371,-6.93005026971764,-7.596390192525973,-26.841111194540645,-12.605714019574634,-3.056477917383745,-3.3343740747261563,3.546080653223271,-0.3780872686065777,-3.663464129727572,-5.684342307891939,-6.0041956663508245,-7.3462979447269845,-7.708562919331257,-3.7647142557152904,-5.8353425684028934,-16.65596877503731,,-2.086111390634187,,-4.185061858837798,-5.09615364216279,,-3.836471601850917,-4.609628514783708,-2.155353577315509,-4.699750502414645,-4.935913314102891,-4.958515465527853,-16.20195843635838,-4.0907334166872715,-6.785474593581739,,-20.586015339785604,,,,
2024-06-13 18:46:00,-3.9591306128123733,-1.6050074200065865,-1.9581684450376997,-5.524402385443864,-7.201873132378751,-7.704837713716074,-24.314861411240827,-10.822465906800971,-3.2451712046827197,-3.45855948516828,2.1933476842980326,0.058194839318730374,-3.8362483164139576,-6.096087852504525,-6.149564027327187,-7.473226587055706,-7.824838035250991,-3.8564939087375762,-5.846614539301299,-16.716809882373582,,-2.21636449015341,,-4.4055638982272285,-5.210595761690001,,-3.9873212813017744,-4.655515728219143,-2.018467803096428,-4.8371698927189755,-5.142252057254609,-5.071201958875008,-16.409130946057303,-4.083326744945907,-7.048039819079349,,-20.845216250453745,,,,
2024-06-13 18:47:00,-4.42034499577403,-1.7348865790954733,-2.46481137760793,-5.944291041902261,-7.140557045022433,-7.7225094808733274,-22.271336325610946,-10.873589880300415,-3.5435992925451956,-3.5569104239057197,0.05350373812916587,-1.002102633861341,-3.9853450770665404,-6.0811108253124075,-6.22482677405219,-7.335545529308774,-7.8068055038402235,-3.903336202458405,-5.7718097268220845,-16.79555360075574,,-2.5441999585414123,,-4.688052605263238,-5.466721463445538,,-4.070870421581276,-4.674048696073896,-2.1606123160595416,-4.950741732660845,-5.186447768315247,-5.335389522515015,-16.63260727022407,-4.0688874537625,-7.05467457937425,,-21.123754971751055,,,,
2024-06-13 18:48:00,-5.0349454750880795,-2.028417414852356,-2.7778076238105314,-6.175500042670592,-7.303982695021887,-7.825036373523176,-22.671968132942766,-13.504789525304432,-4.057448857937288,-4.030846951408648,-2.9544973983420277,-3.2284647566325475,-4.06732847734952,-6.100696964616191,-6.641564778737575,-7.285069092092954,-7.91500595918933,-4.196918354658976,-5.687926886859486,-17.16449379312462,,-2.8436360321593384,,-4.736483877852606,-5.682007271743714,,-4.2160305978,-4.697890056398592,-2.145249816564956,-4.989167399641701,-5.183917492248838,-5.542176514855782,-16.839793849312628,-3.6121993032559203,-7.049378378572783,,-21.181758807909887,,,,
2024-06-13 18:49:00,-5.368986680688636,-2.7790819462552463,-3.564837412515317,-6.554924798829688,-7.411464073119305,-7.779045459363488,-24.166030520437516,-16.22484707083845,-4.503011872624711,-4.48097654121284,-6.19140296469368,-4.645547085416638,-4.312780708555692,-6.319584092364721,-7.0164856238016,-7.452032124966308,-8.134521197376785,-4.404909071821663,-5.690124644789876,-17.70908209478739,,-3.333029528919951,,-5.102005448548425,-5.98454744511082,,-4.4271047684878795,-4.914119680053773,-2.2773112946238143,-5.205388502233745,-5.371841616402435,-5.884852532413788,-17.411240509835352,-3.649978588460499,-7.086518903172873,,-21.574336816543337,,,,
2024-06-13 18:50:00,-5.857163979498068,-3.1403000678460558,-4.118080894574177,-6.99582961510805,-7.507404629456232,-7.9051793184170265,-25.64402396129458,-18.410467621192538,-5.058492806173717,-4.979800100305511,-8.714507023435317,-5.466829779805266,-4.43082141265586,-6.631778035570278,-7.259956827700535,-7.539254566607383,-8.372090219520146,-4.731279665289037,-5.624392828590771,-18.011775728823068,,-3.803759239748615,,-5.482933103811774,-6.251629715407489,,-4.756535834379974,-5.120628557030614,-2.41947237537579,-5.361150568630819,-5.559775720488233,-6.152823704729144,-18.023412008385094,-3.7929585410954587,-7.276178901760886,,-22.004603697835137,,,,
2024-06-13 18:51:00,-6.187681810743356,-3.320909570461936,-4.604069851176519,-7.229560258851052,-7.502065725834427,-8.057242869017955,-27.111014427709733,-19.921887741788623,-5.431572677560098,-5.2183310647913,-9.945944398215943,-5.487965107490254,-4.679236032457993,-6.801723628205764,-7.553775466185471,-7.561375617474596,-8.45577061735014,-4.892423148487353,-5.531430223019015,-18.247763249939,,-4.086198065810777,,-5.606040735746774,-6.3897688752781505,,-4.837298841650863,-5.034177025499048,-2.5230364846092925,-5.406955819639279,-5.440571266721236,-6.339466567827003,-18.40177742290689,-3.456245162676396,-7.039467995605946,,-22.404217206647445,,,,
2024-06-13 18:52:00,-6.990773769089969,-3.2701025882452086,-4.723968436404903,-7.757296186291114,-7.684195250549465,-8.078456289704036,-28.768808410113934,-21.01963664086361,-5.437787813672685,-5.49175561475613,-9.872509879007339,-5.019538532882052,-4.881329808492865,-6.743622319978158,-7.777534920957805,-7.529137208672182,-8.686854332184566,-4.935226617469084,-5.359253102018101,-18.513745971408298,,-4.1629714440680345,,-5.693764194201776,-6.497998152634409,,-4.95917971516883,-5.14984848781296,-2.4252221644564997,-5.531581568953243,-5.5646256701425045,-6.526997056087566,-18.663793546881152,-3.1343249046042274,-6.851144412528129,,-22.917925014756975,,,,
2024-06-13 18:53:00,-7.478958949228172,-3.433732013123972,-5.2416925397064915,-8.226060301275993,-7.592686295783096,-8.005352899577474,-30.589521133345897,-22.689342568349957,-5.8026327399234106,-5.976940673441504,-9.643101273760294,-5.676079730688798,-5.0088402571868755,-6.792634647455316,-7.836089735396854,-7.464024287056986,-8.808168182337795,-5.139207167394488,-5.291316462434452,-18.96130544368407,,-4.558336276805903,,-5.779631026624429,-6.628954935120419,,-5.041391997037863,-5.168395697348387,-2.3866256534397507,-5.438108048413596,-5.519162435173257,-6.7765009226041,-18.92001165517331,-2.962058862258573,-6.778198825009895,,-23.102450326690246,,,,
2024-06-13 18:54:00,-7.53654194909609,-3.3490841317297964,-5.136352828676081,-8.304777032356697,-7.590906404175939,-8.051339133421607,-32.6072953896612,-24.120610245481203,-5.757018184137223,-6.025573373125098,-9.762601847677388,-7.134890036723391,-5.021137362038871,-6.86350269522859,-7.623384623282163,-7.529137208672182,-8.754030484164105,-5.235105591367244,-5.280042100291439,-18.767716108189234,,-4.3355138830891065,,-5.77774192452307,-6.61709964848751,,-4.912425476162753,-5.365171139744689,-2.5800999249422603,-5.408784573182402,-5.673984870794811,-6.721974611797577,-18.97474283000429,-3.1865622826228446,-6.918122439973331,,-23.259530961688824,,,,
2024-06-13 18:55:00,-7.248150236786842,-3.343488166917723,-5.09861975028025,-8.008417189663987,-7.536712484907866,-7.7754488545404,-33.85550666635049,-24.8812642984758,-5.748717878325806,-6.2103851286519784,-9.881595317869142,-8.260520362480747,-5.121308076885043,-6.8778904744056035,-7.307124243257704,-7.398595941665349,-8.564026994122287,-5.271829775727099,-4.967589676558873,-18.755859197936843,,-4.349677422798777,,-5.676540593379286,-6.5289272018931115,,-4.828807593065449,-5.392517372725251,-2.647228903396808,-5.434443191526043,-5.682579807752063,-6.597221239610917,-18.97474283000429,-3.081722970423698,-6.814671791399405,,-23.202505247890258,,,,
2024-06-13 18:56:00,-6.805948483422753,-3.58614982174322,-5.394442885018179,-7.714402953390618,-7.566920914789762,-7.41348183977027,-34.69806897413764,-25.542992235705242,-5.97878775910317,-6.153739559740416,-10.25212860649026,-9.66805370170323,-4.937090376312881,-6.79956029875234,-7.097086241313264,-7.079553929639928,-8.372500147827168,-5.182062958013887,-4.8996505515360695,-18.883120926989704,,-4.421888092939753,,-5.895217744594447,-6.669713344743741,,-4.9839699188478335,-5.511649847817807,-2.634531395704016,-5.410615422388673,-5.610088570875632,-6.659149365755638,-18.797801528965465,-3.0743121214043185,-6.692647448596517,,-22.918461675600156,,,,
2024-06-13 18:57:00,-7.040885458973776,-3.845801106692761,-5.8105020052285,-8.101075838818588,-7.70551443939371,-7.721214244713906,-35.66341851927223,-26.908921056734926,-6.619168603207754,-6.732715284989126,-10.784514869140594,-11.67450827294033,-5.253590290554712,-7.3260103267452905,-7.2847237711839625,-7.2208530981819194,-8.698378542598107,-5.945084445137866,-5.126011093589796,-19.180244179729925,,-4.924138429600362,,-6.569370161373172,-7.260149630857995,,-5.6251564638319,-6.07555671539285,-2.856532448246071,-5.81015786186299,-5.925838239296354,-7.341221572848099,-18.136563743024908,-3.599237054968853,-7.028214513828743,,-22.930835656463955,,,,
2024-06-13 18:58:00,-7.506421372834325,-4.212653527528801,-6.3262237189942425,-8.623133293534693,-7.843235104285668,-7.6481014984314015,-36.28195615705022,-27.362825692159277,-7.290569623592091,-7.41001406466853,-10.827570424696887,-12.827077794267552,-5.67587395276928,-7.930237873818214,-7.7103333062664205,-7.380681354030571,-8.832734371811398,-6.432632204752139,-5.209618865904986,-19.39864139407473,,-5.423159114748614,,-7.068718342165084,-7.610785238186963,,-6.0452817207706175,-6.419752777100257,-3.275141615857592,-6.169378362845691,-6.167864680116509,-7.78297028540419,-18.97474283000429,-3.479958945473527,-7.022928782259669,,-23.05779679496345,,,,
2024-06-13 18:59:00,-7.587229748952723,-4.579406282817217,-6.3060618167342,-8.737720082704982,-8.055624147744993,-7.664583992636153,-36.32839034356789,-27.888827232813128,-7.7278868107598555,-7.75906919687236,-10.975084947161804,-13.461499426256978,-5.8336599528474835,-8.049661606434256,-7.827662123815344,-7.421035555885396,-8.934501767435222,-6.524515399489474,-5.028346270058137,-19.924995362730442,,-5.7243741928491545,,-7.19664679286916,-7.791814032654202,,-6.034041566939777,-6.278663173347468,-3.0584396925578403,-6.116282233966558,-6.001993500853132,-7.970590670662659,-19.25309264130601,-3.05354480002984,-6.902257899300594,,-23.521033035417418,,,,
2024-06-13 19:00:00,-7.410396200538571,-4.951712741900792,-6.838534700468244,-9.076923573218437,-8.0903098146714,-7.925159310442382,-36.190045911180505,-27.80544998159212,-8.10727936387957,-8.07042293079985,-10.974379268521034,-14.085289231196384,-6.164429289344525,-8.183492425998793,-8.219428145187976,-7.4106078196704175,-9.041300586438524,-6.598054101040304,-4.856142916873523,-20.366541296305513,,-6.083681399257557,,-7.363761249609979,-8.030142267049087,,-6.08872308924947,-6.156133825895722,-3.061640559782063,-6.070521245848795,-5.936874618100319,-8.212797712255451,-19.493025946939724,-2.8742191978765277,-6.768967964292187,,-23.832600102958054,,,,
2024-06-13 19:01:00,-7.187278848344818,-5.2280802467216745,-7.069329567639215,-9.692890272403702,-8.289355921813012,-7.925159310442382,-36.49954511900023,-28.432939384114206,-8.235876535318312,-8.58147877670126,-10.75153598439124,-14.251010000943097,-6.378985684250438,-8.331724632784926,-8.51053193444318,-7.603035054859106,-9.138080749943128,-6.904150165187843,-5.005510545925063,-20.74755595089937,,-6.42106283353246,,-7.689416407542012,-8.126652519952131,,-6.346731558090141,-6.1888635354880535,-3.0516228774245064,-6.191517930007194,-6.124875720941418,-8.46979867480104,-19.61299568972163,-2.8819982620620976,-6.964643924882239,,-24.09897533881849,,,,
2024-06-13 19:02:00,-6.902433604829071,-5.273174512118658,-7.016351746212877,-9.837673522967862,-7.867307205915267,-8.04189781556488,-36.61545710822975,-28.829426404234027,-8.101344976463224,-8.420863182979701,-10.283961145260719,-13.668830260634422,-6.028448092210738,-8.160207091735629,-8.297595215162573,-7.672064689161289,-9.03328402803254,-6.6552729177635115,-4.783511707085609,-20.971188948854888,,-6.344185343066783,,-7.47653183893317,-8.047837160959716,,-6.121467670713173,-6.129799302662377,-2.9818435001029684,-6.167716304345504,-5.988491856879591,-8.366377314010606,-19.87506634252395,-2.9201620494968665,-6.818738710245043,,-24.244815396802665,,,,
2024-06-13 19:03:00,-7.167355685756434,-5.397275497941791,-7.355495552616048,-9.872517741178854,-8.023744873934902,-7.814306263314961,-37.241209086881554,-29.517783850329124,-8.271456150242784,-8.524624141426784,-10.098332657941228,-14.081027575044118,-6.18822870235249,-8.144860885612616,-8.48512437455156,-7.462051351034461,-9.04332334945832,-6.696165559958729,-4.796988769386417,-21.21910318508435,,-6.422671049704832,,-7.581637276843139,-8.08353626031385,,-6.047184097257741,-5.942821474734046,-2.814304155739137,-6.061476265575493,-5.931986070052062,-8.383120003682961,-20.082404634244085,-2.60557630229232,-6.654928911674233,,-24.480026640492383,,,,
2024-06-13 19:04:00,-7.667152063557296,-5.594725163313342,-7.712492671962082,-10.354230497722938,-8.208606939333777,-8.007708428331739,-38.69864225147148,-30.499340542460004,-8.630108764980378,-8.906354373166096,-10.461564823468962,-14.260776693492062,-6.545509032612472,-8.513767316887424,-8.681099284568063,-7.393344688263028,-9.287546211441509,-7.1125089854337205,-4.778831662188395,-21.412699599844927,,-6.680065450285383,,-7.824246725604553,-8.286291547240126,,-6.284663943450596,-6.159175221451733,-3.1658720808163707,-6.19166766563967,-5.976231683179321,-8.592984696616895,-20.289749788276822,-2.545914878368876,-6.728569068182878,,-24.740553728191003,,,,
2024-06-13 19:05:00,-8.205293284367144,-5.6060261331458605,-7.399236982182629,-10.47010476925152,-8.091318291844118,-8.116203611052129,-39.85647223229603,-31.534912617563805,-8.665480405235712,-9.07763314685485,-10.87686533166061,-14.99548590872837,-6.935870791427988,-8.65559051324226,-8.767890774272246,-7.7163794326077095,-9.212341602554375,-7.359528614492206,-4.819547532639717,-21.799908041233266,,-6.841748823874013,,-7.94847101736832,-8.370956898929762,,-6.3491809198690135,-6.159175221451733,-3.1944396976355165,-6.226511412247419,-6.065941470571488,-8.578280314871336,-20.287444416991093,-2.658561891748832,-6.722603237599742,,-24.861127690781927,,,,
2024-06-13 19:06:00,-8.577980664765732,-6.012332950518612,-7.869973397245303,-10.614963554804262,-7.981129476378101,-8.129181355649393,-40.914484047258384,-32.67213971626802,-8.773562662447603,-9.294798025107866,-11.307634808655393,-15.24426595066916,-6.947194234197468,-8.776098605371317,-8.655843580202372,-7.712799829079131,-9.230399075048581,-7.42895493226203,-4.819547532639717,-22.174975207865373,,-7.083524747045658,,-7.932305477048885,-8.462800443473952,,-6.286056701209418,-6.159175221451733,-3.101393200498933,-6.198976348522592,-5.930769167813196,-8.625498750462157,-20.81045005654687,-2.7860313616690746,-6.6496443837472725,,-25.07641866488234,,,,
2024-06-13 19:07:00,-8.450538082896855,-5.77553088775403,-7.78767740163903,-10.488674337075963,-7.733163046653544,-7.795435788809527,-41.67966047351297,-33.153813061769824,-8.59533636580727,-9.234092459948897,-10.967737842622455,-14.490382734781633,-7.047284745710158,-8.748289871098677,-8.227357368788489,-7.60370188554964,-8.955078233210429,-7.561570097495576,-4.747196102191992,-22.229356907008423,,-7.0489831892484744,,-7.94847101736832,-8.38171752197377,,-6.314994252850283,-6.287084591021085,-3.1113942819752083,-6.187931825045325,-5.941809685729822,-8.636521785469085,-21.103973582280105,-2.8979315910746664,-6.50236622823877,,-24.99996095058134,,,,
2024-06-13 19:08:00,-8.29284513307016,-5.391885072890545,-7.729302826181993,-10.09242713336107,-7.616718654325723,-7.548991235080166,-41.03835059199059,-31.845558439106526,-8.368914039466745,-9.135701036152113,-9.796327626426091,-13.173638064371971,-6.56603459377493,-8.85723328381664,-7.62560509916284,-7.614109198627602,-8.78106466043073,-7.51841738090414,-4.779117388609166,-21.709137499844473,,-6.625107403481479,,-8.054251308496987,-8.454650132729967,,-6.423814407519785,-6.629287369834856,-3.6637232574435075,-6.283132744200429,-6.107668513870522,-8.587266911877123,-19.971801984848753,-3.399224021852433,-6.824022357513741,,-24.37829581853009,,,,
2024-06-13 19:09:00,-8.370535076326178,-5.16602389119771,-7.300159209400135,-9.80268891252831,-7.986271702301792,-7.93696434760011,-39.58264412823314,-30.107309816823545,-8.384690784754184,-9.092983679064673,-8.594023167414434,-11.971876374907879,-6.580897887681431,-9.5435959200463,-7.242821383339788,-7.896032392271991,-8.936009210121824,-8.140134902540922,-5.152954516761611,-21.092879829830053,,-6.592089849930289,,-8.609678527157484,-8.837939827712944,,-6.9626102210768295,-7.534352216811385,-4.685819166209058,-6.8584506615593455,-6.826394817162509,-8.95108175200994,-19.82032472113815,-4.889908545418166,-7.81611609172478,,-23.982103110913386,,,,
2024-06-13 19:10:00,-8.467291554906296,-4.771196314090503,-7.261171480930443,-9.34078370598877,-7.911630715894717,-7.85208247006824,-37.59505736339065,-28.825620806119787,-8.587190285437146,-8.930552992499088,-7.584185798018325,-10.772022661082246,-6.5921626154654405,-10.236297308889107,-6.932719843516679,-7.921087175076877,-8.7309817066091,-8.111054979449705,-5.281960017464371,-20.31398871802776,,-6.590628558444223,,-8.707875325415898,-8.92906682779676,,-7.318712301200321,-7.954113795545709,-5.147641426940027,-7.074631409806443,-6.917304973141199,-9.07476882319179,-19.493025946939724,-5.242180435495584,-7.980572173281644,,-23.246615791593854,,,,
2024-06-13 19:11:00,-8.259887063931274,-4.557133792745844,-6.636411547263833,-8.92992858130674,-7.704643404987564,-7.466511235811595,-36.43943008198289,-28.463689855987013,-8.893693402885901,-8.967091190491601,-6.62686715957102,-10.262326511392075,-6.460875585536314,-10.293279614255425,-7.086586678036838,-7.58414639624516,-8.605117612121262,-8.019272824245746,-5.039622703901159,-20.24796389430412,,-6.545151647248986,,-8.608603047690849,-8.791939730083413,,-7.162186479728007,-7.784727032008959,-4.905107205951026,-6.788794618432348,-6.500819289360152,-8.96943763861782,-19.46041034604832,-4.575435155983541,-7.584679457669608,,-22.679050023888976,,,,
2024-06-13 19:12:00,-8.244496817967388,-4.675506896092429,-6.969730850762517,-9.468097418954585,-8.058270531350445,-7.53370710626109,-35.87898095460537,-27.807472113420772,-9.270924745722596,-9.221682629590077,-5.93687398411771,-9.909630064305475,-6.8992110015447,-10.249246434940005,-7.59014312252134,-7.769398266756411,-8.780577669147988,-8.021492336083924,-5.069055554376519,-20.76170994680433,,-6.796088664047602,,-8.775683452181056,-9.12914002427624,,-7.285505869330791,-7.721289490337313,-4.639306932825093,-6.7320151756021005,-6.419730370461821,-9.15332250007532,-19.71665934763905,-4.448000763058644,-7.5787174599759055,,-22.421296310325033,,,,
2024-06-13 19:13:00,-8.863262821893272,-5.047590880460575,-7.48068374721197,-10.046817512678217,-8.056463701474968,-7.747135820563358,-35.683960219250366,-27.032331269526367,-9.585938727769417,-9.520872234838407,-5.172790729652888,-9.343773133845843,-7.158078793106597,-10.234415994936398,-7.788849695279396,-8.095603526983723,-8.824703495729409,-8.182681708189847,-5.155153801551705,-21.23923229146567,,-7.051790296739227,,-8.979043127243585,-9.36633205534963,,-7.241585947469957,-7.771566625156993,-4.768228427373288,-6.950055206981688,-6.674045219521304,-9.530341958709414,-20.011351953449775,-4.7102693206877575,-7.79156980011885,,-22.654814576363037,,,,
2024-06-13 19:14:00,-9.186123365988124,-4.9177758848691155,-7.254817320225811,-9.81070157590625,-7.672643348873635,-7.965270059358318,-35.267766414784774,-26.961282694013335,-8.894009324554418,-9.17433159505822,-4.616364080474341,-8.395980434810099,-6.660216611091528,-9.694212454357285,-7.450211748489437,-7.9682930663218485,-8.564026994122287,-7.813499186017594,-5.202740818463553,-20.991109754633726,,-6.639193326434906,,-8.659240187462728,-8.866744208057753,,-6.8271659219994945,-7.624113656642294,-4.661949056662252,-6.819919237418162,-6.692472605853254,-9.138559319759224,-20.027660614877732,-4.762479756351695,-8.022998553475873,,-22.475718283588208,,,,
2024-06-13 19:15:00,-8.889972018730305,-4.900852502697035,-7.012145766072081,-9.249349835456542,-7.367906467576404,-7.662260107481529,-35.146152595406875,-26.77943970027013,-8.442310809009996,-8.872342691202448,-4.772251298345282,-8.15940158006515,-6.192621158347265,-9.346287602956863,-7.1226627380597165,-7.638189731274792,-8.28728350344079,-7.523809442353809,-5.1642313122774794,-20.749284331942818,,-6.427404975188892,,-8.396703064071062,-8.615146920035386,,-6.629531525027687,-7.40883187653526,-4.475913240294176,-6.702653214405927,-6.466415097074787,-9.048918514923116,-19.923991810217558,-4.597640550683764,-7.767023860138124,,-21.88722069094092,,,,
2024-06-13 19:16:00,-8.52484312411093,-5.041918602672013,-7.053613879043496,-9.438006523917466,-7.435428266802319,-7.81080951203387,-35.056441935495286,-27.067607748728506,-8.506434417174205,-8.764713850207272,-5.358307258917648,-8.251458370709315,-6.269136010045941,-9.25410231028036,-7.240188265757297,-7.671070719899376,-8.279232011866156,-7.642040469191727,-5.236575940085004,-20.755796201330668,,-6.515294596941658,,-8.613389390447082,-8.816720527551297,,-6.869676264363079,-7.422998925332195,-4.372887146845187,-6.7320151756021005,-6.419730370461821,-9.07570654709707,-19.77139977003344,-4.658057844585073,-7.560133885212963,,-21.5590348492118,,,,
2024-06-13 19:17:00,-8.605747758949406,-5.543993218468586,-7.442994694290974,-9.617393681208569,-7.657558815926905,-7.787217060438024,-35.15626602856355,-26.796131850200254,-8.868880122168775,-8.971106471312623,-6.656353900971681,-7.428886194270035,-6.757519980912093,-9.588136822534807,-7.7076798694017725,-7.80195265595205,-8.646213480180677,-7.941811137266427,-5.327079835756649,-20.73806758350338,,-6.836902528606743,,-8.81097904619537,-9.09458990543726,,-6.998620292621126,-7.414222372850418,-4.582185164172188,-6.84567873252854,-6.436933495867379,-9.203205493427504,-19.804016404103095,-4.396183301908877,-7.621848358960506,,-21.838676488144756,,,,
2024-06-13 19:18:00,-8.198380666480716,-5.329743572872303,-7.188809331852553,-9.745857978248978,-7.495849988311647,-7.755379516230619,-35.29706630421629,-25.720225880925227,-8.804629330493071,-8.88758972610799,-7.486752257116677,-5.113974334331033,-6.756586505594214,-9.538572773454916,-7.8700209653641195,-7.80553243390159,-8.657739783334023,-7.682795908807037,-5.209345493657338,-20.460012025625474,,-6.684747658682909,,-8.610516536441082,-8.709473393718326,,-6.7747969548681795,-7.11153898414841,-4.372887146845187,-6.726555798951722,-6.274753732226145,-9.086784717082537,-19.907683320986507,-4.276145895907121,-7.4998145875511,,-22.14907195923388,,,,
2024-06-13 19:19:00,-8.002304705100869,-5.064694321503339,-7.227318105199629,-9.675268043002689,-7.252396612593884,-7.705860428497203,-35.539585953995584,-24.80596224513215,-8.36962485737672,-8.834988565658932,-8.376365870275777,-3.1510728097709944,-6.558235395278416,-9.154486638499293,-7.640243672505903,-7.526195110874255,-8.23356807618245,-7.399349672007503,-5.05089983767607,-20.12118397759332,,-6.411779966528684,,-8.192409112667974,-8.294454155556195,,-6.310807591967659,-6.735623670497716,-3.933684896228897,-6.332499551554065,-5.968826320579865,-8.668224904333783,-20.131331135115488,-4.058285019833647,-7.237166616223249,,-21.965613767925447,,,,
2024-06-13 19:20:00,-7.602309354841964,-4.6417267864922,-6.888012094894293,-9.47505216204695,-7.205302851157512,-7.705860428497203,-35.2298547218918,-23.820418055005575,-8.150038820528607,-8.710912123851358,-8.26515499684092,-1.3615105846683946,-6.413728150756469,-8.599389617885436,-7.298439610168089,-7.2976465349920545,-7.974840927586797,-7.105627682346807,-4.982955240184538,-19.95765937396618,,-6.140388894920534,,-7.974755730313973,-8.131020140795044,,-6.085555813678184,-6.428539527835255,-3.525668606241652,-6.206052547006948,-5.842275919399981,-8.57582594403948,-20.218694365111787,-4.148311408696827,-7.023610278232809,,-21.509954088464724,,,,
2024-06-13 19:21:00,-7.982686986095359,-4.545876089739977,-7.189236596738738,-9.494728759978898,-6.984944079792513,-7.6516226850501425,-35.19800057314137,-23.505938106900203,-8.145886225683626,-8.763514788171733,-7.901987682227173,-0.08061624720812688,-6.314542808612032,-8.534950960669676,-7.348783244166498,-7.2178799153359705,-7.912653880633684,-7.101576003143151,-5.023666262625511,-19.927497076322197,,-6.3286320125030215,,-8.154224698779217,-8.165566416225829,,-6.173400934701931,-6.428539527835255,-3.734971847255565,-6.198732016063786,-5.71572428743093,-8.537016994959231,-20.063798962541114,-4.140907347760958,-6.98117162684116,,-21.32650569420946,,,,
2024-06-13 19:22:00,-8.024794789474186,-4.466946292117882,-6.823840848917371,-9.394039648005673,-6.823227202463386,-7.524266987530382,-35.38773766780969,-23.438728939403745,-8.085799962672354,-8.673167920401966,-7.546345313865459,0.7587969358337432,-6.368401085045207,-8.456637078082395,-7.317949401577607,-7.047589070898539,-7.89307735268585,-7.101576003143151,-4.908129978703073,-19.794363972505835,,-6.269013636999489,,-7.93656857527003,-8.12019875758142,,-6.062183785114485,-6.217629647911053,-3.5774721819871047,-6.200582654497339,-5.633396250661917,-8.374388143556644,-19.016760967140726,-3.6237299977963175,-6.719204564308029,,-21.055279734192254,,,,
2024-06-13 19:23:00,-8.105347690003327,-4.63040819919388,-6.858475835171248,-9.322287337400894,-6.464219856727141,-7.374506432841827,-36.186401299456975,-23.657922178244917,-7.984348064101141,-8.575985830159425,-7.353888820959128,0.6246658849509004,-6.213485582539761,-8.37038087216115,-7.365406026904111,-6.92808016931474,-7.799792623425333,-6.816064268573797,-4.783511707085609,-19.79412988894228,,-6.146605033584365,,-7.700762983868117,-7.758765316243171,,-5.832691768367113,-5.897347652026838,-3.061084095878414,-5.947677351314269,-5.424509941420183,-8.1230435991597,-19.030667977976464,-3.436642545050745,-6.451261247352704,,-21.005659591744802,,,,
2024-06-13 19:24:00,-7.732007732852367,-4.641564724759064,-6.52725082995039,-9.38017133358835,-6.258068625833403,-7.28370332558643,-36.719029020272956,-24.14541153167238,-7.860095482244333,-8.463941176352819,-7.198612273361732,0.730586917272376,-6.331610471248723,-8.071481136113789,-7.300847989035674,-6.946305628294908,-7.762170816677667,-6.734512330004009,-4.742800393218431,-19.999396721486846,,-6.094790209528583,,-7.683576134240411,-7.747942680467077,,-5.82846349947522,-5.682031808627016,-3.2318245637516156,-5.812049747016772,-5.442943503301194,-8.069446926007913,-18.679982211564493,-3.324008448341374,-6.268203998425861,,-20.949115590556858,,,,
2024-06-13 19:25:00,-7.747238830158153,-4.816342965328204,-6.798996577667367,-9.429942323408568,-6.415369346258103,-7.302589141874591,-37.448917450098634,-25.356901317527445,-7.793814051404979,-8.306116911219078,-7.102706954914311,0.005211395737660496,-6.2220195548220545,-8.035788588810874,-7.228093933617856,-7.065815059500892,-7.683472579930253,-6.640684679182925,-4.781314024069616,-20.13844054099218,,-6.093207728156358,,-7.704579550675135,-7.84694161363268,,-5.831281996790949,-5.7826130137714244,-3.3169150414937576,-5.903675960056262,-5.4257495212282265,-8.166478256409391,-18.679982211564493,-3.5937202155287196,-6.414115927289458,,-20.80932047487761,,,,
2024-06-13 19:26:00,-7.86641880444563,-4.805008729455039,-6.901280794232662,-9.095411016174694,-6.20480244914188,-7.067957849684603,-38.06980234087541,-25.9308463674231,-7.642599196168476,-8.230620477145976,-6.651142324310513,-0.5057814452220555,-6.2238845153813145,-7.794396078566024,-6.939740884175308,-6.895217231854076,-7.31648436693456,-6.644744734244142,-4.770038139761482,-20.17473189137627,,-6.093207728156358,,-7.682621995942554,-7.682453489258023,,-5.83692317476789,-5.658126051972886,-3.352845032030018,-5.7478667552682055,-5.300436284512671,-8.096244918939647,-18.679982211564493,-3.7133755647535054,-6.273510358206295,,-20.34080274073051,,,,
2024-06-13 19:27:00,-8.239337993274603,-5.278818388218951,-7.149534175570352,-8.89052889052823,-6.237685559327929,-7.2401179172759385,-39.35244485466728,-27.037555455691063,-7.497568094800954,-8.230620477145976,-6.139754035832539,-2.1137552722807413,-6.203087000840696,-7.837537135483217,-6.687772623436558,-6.655614801565548,-7.385209328138444,-6.812007354458331,-4.82670939924742,-20.398598024994953,,-6.0822324714599745,,-7.821052423842048,-7.864978373673694,,-5.994888572523905,-5.873437812003431,-3.5362521805500364,-5.909151735472733,-5.445425442979285,-8.200665866072995,-18.679982211564493,-3.990473981745936,-6.474466125116805,,-19.847033696612243,,,,
2024-06-13 19:28:00,-8.550716850650929,-5.397278260491021,-7.199189259800278,-8.605785131873517,-6.34075553971752,-7.217721059546989,-39.94121522927958,-27.883551003295224,-7.545207577753217,-8.234633203045178,-5.761897199130772,-4.322475505188777,-6.292812802976641,-7.916371538437716,-6.497494182492346,-6.702816702995506,-7.2262948692889495,-6.724270122215842,-4.788196637456849,-20.32601568464497,,-6.083815477484677,,-7.738952537416935,-7.77680999695167,,-5.933239400041657,-5.905179545982264,-3.4405801693769718,-5.84866396544885,-5.337306152942801,-8.172945423733836,-18.592673370380453,-3.8556293834071766,-6.291418303268301,,-19.65073397630806,,,,
2024-06-13 19:29:00,-8.804603409087576,-5.75265988862202,-7.316051600477294,-8.491226851745296,-6.36479252703657,-7.155255266283575,-39.973195601717634,-28.234070054208814,-7.6860832438992475,-8.264355953431277,-5.2358779989658615,-6.319499877780345,-6.175642150277781,-7.966960306235023,-6.346510414300383,-6.568389759983006,-7.147618334841013,-6.820121182689235,-4.872104774425225,-20.386781186124153,,-6.085399181313051,,-7.815331644514117,-7.836627138355652,,-6.117399735849631,-5.987211193930307,-3.6831677589584615,-5.9311249368606695,-5.3840167755815855,-8.210841036953752,-18.44018980214696,-4.102323802833553,-6.394216997189915,,-19.340440174295054,,,,
2024-06-13 19:30:00,-9.104868323459641,-5.983925668639586,-7.629275603072983,-8.466986270484085,-6.428826867758289,-7.193036661800534,-39.451914366752135,-27.81262642005322,-7.737801834967513,-8.197358696174888,-4.53206609317408,-8.506337304957015,-6.247409351080023,-8.26045436421009,-6.201393537952754,-6.673273829896289,-7.137673874111329,-6.936244615200195,-4.908421074567286,-20.181738876048257,,-6.047856054548674,,-8.023473827257476,-7.9562862708003195,,-6.239923264891331,-6.251849964232861,-3.990217458004736,-6.070389660847013,-5.423386742557341,-8.290355305854519,-18.26558035350581,-4.551635685357724,-6.521547917704993,,-19.048587751371997,,,,
2024-06-13 19:31:00,-9.197441104192308,-5.967000769787774,-7.243625698428787,-7.912775231358864,-6.2040610755339,-7.0126673617590995,-38.966293724136904,-28.088832930963918,-7.607245084988108,-7.828502198827437,-3.7170545894693987,-10.553076330383192,-5.902630667010271,-8.31156471614031,-6.000152265486804,-6.8181709633457785,-7.139234994494586,-6.695495422509168,-4.965089731554599,-19.746795611662947,,-5.796999174255006,,-7.815451439986646,-7.619220128697634,,-6.0741813807826475,-6.159138002537929,-3.579042911808301,-5.947600897550728,-5.424639761121398,-8.07148419954683,-18.058389718237777,-4.693863927718667,-6.667441778440434,,-18.67492171656204,,,,
2024-06-13 19:32:00,-9.759041758635362,-5.758347597637567,-6.635957913541006,-7.727670693029495,-5.902005770465621,-6.7556806823982924,-38.86021750391842,-28.316150543022104,-7.362802031734418,-7.665548677889774,-3.3614804208275473,-13.232940633934959,-5.77323013308569,-8.03455452791377,-5.977754613943716,-6.538863136636223,-6.857519359115258,-6.650583222211253,-4.777230042551992,-19.58403849573051,,-5.588446066407641,,-7.69141686808598,-7.614634321790163,,-5.902787938528945,-6.025884293435865,-3.4833903282101346,-5.724029257198254,-5.002057256349417,-7.872921297941048,-17.726485153163594,-4.536041340198835,-6.410804603681754,,-17.985890593626777,,,,
2024-06-13 19:33:00,-11.089839552736294,-6.017802604915687,-7.080551817728065,-7.90353271360982,-5.794542683370537,-6.923100265963058,-39.20178997253106,-29.614595399617656,-7.522303016636897,-7.873108071230035,-3.7760046851240077,-16.041358452483564,-5.9564699734498845,-8.077171420496825,-6.064414679294259,-6.491669112773479,-6.857519359115258,-6.595520890115722,-4.922192563260296,-19.747569224061863,,-5.6825558364448625,,-7.69141686808598,-7.668228148033904,,-5.924744461123737,-6.030288202742213,-3.620268036807829,-5.689213330839266,-5.065961696327122,-7.969919931312688,-17.062671719108494,-4.550847025314852,-6.489720462425794,,-17.58740672632473,,,,
2024-06-13 19:34:00,-12.028266667219668,-5.944501508982285,-6.650503992676477,-7.765824437758965,-5.300636950400985,-6.697964022922065,-38.995461269308635,-29.641292626133463,-7.2260814550647865,-7.59007268342225,-3.9241689916157156,-16.90127440408105,-5.599429015189344,-7.700543679726934,-5.6054416124277395,-6.302900057811371,-6.423472353034299,-6.399724704486687,-4.63696844708079,-19.354344836718155,,-5.293551033120821,,-7.271460798018325,-7.210501863184618,,-5.5104224848892045,-5.676432301589557,-3.498725603592902,-5.3117204055965885,-4.859605823681704,-7.675211788757224,-17.062671719108494,-4.280808447360869,-6.318636783400052,,-17.207413446594614,,,,
2024-06-13 19:35:00,-12.37842724580355,-5.690723200152661,-6.875585211880207,-7.677893855659249,-5.466735804094242,-6.552935251244207,-39.30532999971933,-30.0828960577212,-7.282012167875791,-7.661550367090058,-4.079668979867165,-17.086619437625814,-5.653264485343016,-7.594001084690717,-5.871275426865395,-6.27032780186039,-6.466063512527057,-6.234542519243263,-4.657317792920821,-19.408766813772218,,-5.340606129218713,,-7.330649290992369,-7.283164389544254,,-5.551484830180925,-5.571440762390921,-3.317981321722982,-5.4418150819356015,-4.930830096897807,-7.601326194222111,-17.062671719108494,-4.213395160098571,-6.282163006384735,,-16.942165501796694,,,,
2024-06-13 19:36:00,-11.797651291088073,-5.673804700953497,-7.012948377405792,-7.748534726789103,-5.209100533005994,-6.656670070648943,-39.43767607817722,-30.395614451610527,-7.329657892486921,-7.544340574977923,-4.68742517192095,-17.093119865820427,-5.533297211723493,-7.501845194970429,-5.960867391187776,-6.397283177193799,-6.50865537989273,-6.108103308705495,-4.580294115185552,-19.28792109438791,,-5.376699388056977,,-7.310606712491335,-7.385773032929592,,-5.573441205341169,-5.484080379590523,-3.478111845600324,-5.4418150819356015,-4.876777519072675,-7.624439519076532,-16.855564863365544,-4.34860961104323,-6.154177094779698,,-16.85991007609971,,,,
2024-06-13 19:37:00,-11.578389815720243,-5.374885803367761,-6.679598277803052,-7.3920457214630915,-5.021631358524019,-6.570596819517164,-38.80064394353553,-30.053458185099544,-6.965072029501016,-7.340780956140634,-4.813700579487886,-16.96103638579052,-5.477548882178326,-7.224288748790514,-5.9579350781455105,-6.462688308223051,-6.433379363855579,-5.808333352300593,-4.582481482407729,-19.088096482773835,,-5.139818608330415,,-7.03094841291022,-7.107890176403544,,-5.371557988728,-5.429378848159104,-3.1811019486549412,-5.238385285027562,-4.677737778650226,-7.496899779983323,-17.50060067305958,-3.861505518507329,-6.008275100651645,,-16.74029814074288,,,,
2024-06-13 19:38:00,-12.58215163068951,-5.329782720575622,-6.706134485095845,-7.381610927297061,-5.021631358524019,-6.70617502336961,-38.00671267718167,-29.494547079888207,-6.681283631381575,-7.087502748089264,-3.9472508490828204,-16.931394235824882,-5.3018251113014685,-6.904657890930821,-6.080955938133229,-6.3103386943755595,-6.317091887597485,-5.898065191028593,-4.367379606359009,-18.930970244971377,,-4.928069655924901,,-6.931671751876365,-7.031601629951183,,-5.323370232101752,-5.420562749246528,-2.8581971572998555,-5.205388502233745,-4.470109694758776,-7.376785650007605,-17.062671719108494,-3.988933809926266,-5.825247503102446,,-16.62671901704482,,,,
2024-06-13 19:39:00,-13.535477848520145,-5.295990075367627,-6.820391000445852,-7.589965099404708,-4.925702105714663,-6.543481185464884,-37.24483430934697,-28.538062169995555,-6.7144336525150266,-7.234456170539488,-3.0212644254611405,-16.414562700174884,-5.519091769054285,-6.904657890930821,-5.991358998337773,-6.408315377307417,-6.359684249355041,-6.024507317777704,-4.532700253505936,-18.87654835433659,,-5.0582758647244646,,-6.971757369476563,-7.126962332412404,,-5.321946226668388,-5.420562749246528,-3.0701109990973237,-5.205388502233745,-4.4344990067411345,-7.337985588036645,-17.062671719108494,-3.786302731583419,-5.800715714110538,,-16.424468451122493,,,,
2024-06-13 19:40:00,-14.13511032088411,-5.211451527603003,-6.890565702221011,-7.538992669579557,-4.7195944027103,-6.43029094141184,-36.67227856181603,-27.88515421929469,-6.58806745103675,-6.921678689391456,-1.9321171692129155,-15.52483788522386,-5.595611593974809,-6.733629597241816,-5.921230757639023,-6.459098937131785,-6.19426765182925,-5.808333352300593,-4.337948094344256,-18.76770478705521,,-4.833959145672452,,-6.7722650216724105,-6.951686004058502,,-5.168243737052762,-5.259963934693587,-2.930591877326151,-5.077105552424655,-4.425915345852445,-7.221585595194028,-17.39211344387695,-3.7788957117350037,-5.672724592746135,,-16.23467863620772,,,,
2024-06-13 19:41:00,-14.104387476082252,-5.115605340000911,-6.680041905379767,-7.30292014261363,-4.7897585246530525,-6.398447239641996,-36.58283168538469,-27.305364476550267,-6.409903433863747,-6.831326598774012,-1.2807367286068256,-15.135296699797891,-5.474684210159239,-6.356413919612351,-5.711188372215474,-6.223391086319793,-6.156625322125024,-5.598278423379668,-4.240570513703915,-18.755419029024324,,-4.584497590156843,,-6.694899736203297,-6.822742934106373,,-5.077563044652379,-4.948478172988871,-2.7704548650240213,-4.934136798329746,-4.443083019560163,-7.074635597924498,-18.26314961984508,-3.51662716750252,-5.502278659713511,,-16.095810894562078,,,,
2024-06-13 19:42:00,-14.404493440739316,-5.0986881483145226,-6.782305830524365,-7.449867669775131,-4.473466819291616,-6.289983375927591,-36.34028775030515,-27.15961952548855,-6.407799368153064,-6.715205553870874,-1.1102678014356115,-15.094165113825511,-5.342411603379787,-6.150229888065951,-5.71669895172181,-6.212618263694594,-6.032206833534929,-5.557487536048654,-4.07524434160041,-18.773559958226087,,-4.608025682533935,,-6.694899736203297,-6.765524172455571,,-4.944390486155953,-4.898181689226931,-2.566443321358747,-4.6867206480237655,-4.181399315249564,-7.0634883551715575,-17.517807896384966,-3.1643313020415462,-5.282767584926887,,-15.836937413412329,,,,
2024-06-13 19:43:00,-15.073702496719875,-5.358102780175614,-6.758766981246026,-7.42780485788262,-4.742615642468763,-6.357147033604292,-36.92374361961788,-27.97840191995465,-6.534172506639607,-6.983369220845816,-1.7249281634829003,-15.543204929826516,-5.6135332737922,-6.2279887120007515,-5.780968055246603,-6.082063274239772,-6.099365539647124,-5.72472134945852,-4.066160399836463,-18.761561734768293,,-4.8777943772327035,,-6.715879503618908,-6.8799617655881775,,-5.073289307556479,-5.12761420051811,-2.8148014478551886,-4.926794846631765,-4.181399315249564,-7.0634883551715575,-18.679982211564493,-3.374376193062062,-5.276791997937153,,-16.039544677160734,,,,
2024-06-13 19:44:00,-15.000542968737022,-5.595039420167268,-7.121629031224074,-7.692803964794621,-4.5436303322153435,-6.497456724742392,-37.59581155646424,-28.777869353894857,-6.842844516313335,-7.300155878526539,-2.7917378492338685,-16.46365795526208,-5.5379611346349975,-6.363329185923476,-5.8959009669633815,-6.063854444096137,-6.01912794928171,-5.767547685489944,-4.1137601055193045,-18.798132151522623,,-5.091156057181934,,-6.855247416396196,-6.994399638036157,,-5.074713537982916,-5.154965973500111,-2.8946308886338556,-4.864508823136475,-4.191260951784443,-7.164207893722505,-18.679982211564493,-3.269170127105099,-5.227733061229401,,-15.97010481215591,,,,
2024-06-13 19:45:00,-14.30417886782277,-5.905280337668955,-7.61325605268803,-7.269219538467951,-4.555139016229759,-6.357147033604292,-38.078773874271064,-29.113733716683328,-6.894636861428808,-7.243547574520335,-4.702798040411835,-17.42604345306836,-5.6796662129147535,-6.185368172389872,-5.641053074110687,-6.103864442213876,-5.920863094331025,-5.932736005842685,-3.898652464199131,-18.768291379296443,,-5.092763249159134,,-6.854310187727151,-6.956253649519567,,-5.032222203194124,-4.94406810038754,-2.760380480392996,-4.805850705348348,-4.101600263260934,-7.132836989857424,-18.679982211564493,-2.9542866017075085,-4.9472102175018335,,-15.723683053387731,,,,
2024-06-13 19:46:00,-13.61203910812526,-6.136533474017142,-7.616248541746245,-7.148780579781942,-4.566648399813857,-6.194448126838097,-38.35670012667447,-29.68657322438935,-6.8842714675574825,-7.240662051656727,-5.658070947531087,-18.336326996419302,-5.286659987760686,-6.078248676781868,-5.705321268327452,-5.911742171017977,-5.809516613541405,-5.563610075039094,-3.780924639654586,-18.768291379296443,,-5.0441000158182305,,-6.675792281793292,-6.72375095004827,,-4.83032245188997,-4.659926910570448,-2.481331069261614,-4.609748655618205,-3.9480236138392684,-7.067203755099399,-18.260702125290663,-3.1343249046042274,-4.794684268920719,,-15.331961771593,,,,
2024-06-13 19:47:00,-13.173618416915701,-6.1365875080582555,-7.616248541746245,-7.355960771169293,-4.552393477385749,-6.1354857022229226,-38.735248266008284,-30.47140959582248,-7.085214560317127,-7.353882935611182,-5.413310694667416,-19.311858287963332,-5.578567698101779,-6.134700682504445,-5.598827191292003,-5.926357784857032,-5.839028248304885,-5.891952074856192,-3.654110514975173,-18.762444257859443,,-5.091156057181934,,-6.695835889301179,-6.891783431687145,,-4.827471798015267,-4.655515728219143,-2.274677881810021,-4.474114391761759,-3.848498404700422,-7.0634883551715575,-17.964665093714757,-2.6619900749731187,-4.569188886696793,,-15.433427654523143,,,,
2024-06-13 19:48:00,-12.946988274358773,-6.142303721792359,-7.888358755395075,-7.47967893888017,-4.3621609826382155,-6.094180111881769,-39.60054078442931,-31.359881436529122,-7.103858443245144,-7.592326428760089,-5.3315303685835715,-19.787050996480048,-5.521874184355738,-5.906624056146029,-5.847829430772663,-5.792199724763236,-5.868541984220883,-5.773669426469667,-3.6065053176309902,-18.7501518917461,,-5.089549563002947,,-6.678602303372372,-6.842761411377978,,-4.8465816602915766,-4.463142956292813,-2.347074377041281,-4.398948676902364,-3.7391056736191786,-7.0791744702369215,-19.061821404070088,-2.6771710608768444,-4.526723843849595,,-15.395995948109658,,,,
2024-06-13 19:49:00,-12.585835079582694,-6.170533343528859,-7.748022224503984,-7.8708311323025555,-4.277734403671047,-6.0080984458958255,-40.183595888434866,-32.05050574612619,-7.209505944095781,-7.774172552893106,-5.390583579388931,-20.273501291552293,-5.639969543751931,-5.9913071487751495,-6.015683825846281,-5.886592154529467,-5.848921567929551,-5.690050969865325,-3.5294666443767255,-18.762145893286288,,-5.180455031196061,,-6.682353891036655,-6.8473402993327,,-4.818928202931602,-4.404020448716437,-2.055298221547673,-4.365943287080881,-3.675185164213417,-7.080007377635411,-19.26904566302119,-2.384862804806744,-4.2707147968953905,,-15.465777480590077,,,,
2024-06-13 19:50:00,-12.182206171892062,-6.040826131478298,-7.464355267785322,-7.858043105480192,-4.0902420986881225,-5.799351583615362,-40.01446295610913,-31.296448667521645,-7.012700565582236,-7.744437030554536,-5.1085959211395675,-20.428139302351155,-5.508641761925674,-5.834639390566963,-5.976397868338154,-5.57106874104079,-5.719539974154259,-5.651298827060515,-3.4433393552110374,-18.713575930312345,,-5.084734267258682,,-6.6049897639309165,-6.668421028625744,,-4.486681304889771,-4.3351872983421345,-2.0061556178297906,-4.204643834124909,-3.4761258813023233,-6.9912602442364005,-19.30163646736173,-2.212578238415972,-4.03324211641916,,-15.282699412337024,,,,
2024-06-13 19:51:00,-12.040044229551086,-5.691319616338205,-7.432266533226084,-7.514282651309259,-4.160410902303738,-5.671951176265793,-39.47501614173643,-30.50965725675246,-6.882187474577904,-7.472231883396489,-3.892501667791066,-20.190529087737104,-5.519034131549006,-5.7493888557633,-5.743922222909077,-5.4622958799498065,-5.681889324146027,-5.655378425761711,-3.355039491104435,-18.417189190462068,,-4.838479477777355,,-6.402662921252158,-6.458598250029809,,-4.3301096106083605,-4.138395181034866,-1.6625951226596953,-4.197295864825264,-3.422070704797079,-6.75471556984121,-19.091950784871187,-2.205162864026306,-4.027259734822792,,-15.150186251386344,,,,
2024-06-13 19:52:00,-12.247706018148392,-5.403895059971546,-7.090428488687849,-7.348810857184844,-3.8440830614663355,-5.590595068289076,-38.4400143588648,-29.572377532714654,-6.660543744653978,-7.452232612268745,-2.439099533850822,-19.971551863743116,-5.3244069039496935,-5.614599461193848,-5.676712051223831,-5.683669405967407,-5.699916945474797,-5.5676797947159855,-3.41390606248774,-18.26622780147136,,-4.59384160719037,,-6.181234744399262,-6.420448754799963,,-4.3301096106083605,-4.138395181034866,-1.5954602535289268,-4.10381456165851,-3.4392302819528595,-6.587524409241269,-18.169307132981885,-2.1151377561973277,-3.990770155797236,,-15.188275975047532,,,,
2024-06-13 19:53:00,-12.524346364119765,-5.2856081179970715,-6.988182498675542,-7.5166551075217285,-3.9542801659276847,-5.595327679981551,-36.83295289017087,-28.402553364607456,-6.890498079623512,-7.368755356778138,-1.630993173365141,-20.223172887272995,-5.553048679130143,-5.827723854578835,-5.724446272605974,-5.7634512673292875,-5.829301151638219,-5.602350761813057,-3.490946793347348,-18.254238275483203,,-4.608025682533935,,-6.439943951766509,-6.633895838861008,,-4.59648168172771,-4.238997776953511,-1.8227488514185097,-4.197295864825264,-3.422070704797079,-6.630045225314916,-19.091950784871187,-2.3326110738341868,-4.021277353226196,,-15.333595780140627,,,,
2024-06-13 19:54:00,-12.739413595907081,-5.432335718982813,-7.09089602977383,-7.831478183037689,-3.9915512929287615,-5.581129844903899,-35.83013304410406,-27.55753890282108,-6.938150956955496,-7.4551091546318276,-1.3493458170819395,-20.248832565844168,-5.618239321104738,-5.94176659340701,-5.77476870974624,-5.778067049214201,-5.731026588733698,-5.773669426469667,-3.4840321616159144,-18.327107441735734,,-4.915500836251795,,-6.600299473837367,-6.755591726053808,,-4.662362018448675,-4.349309516184803,-1.5050694187402769,-4.197295864825264,-3.412202346198228,-6.870300023762866,-19.30163646736173,-2.3103670392945332,-4.039820139093763,,-15.409781106939363,,,,
2024-06-13 19:55:00,-13.658217948912693,-5.674751760851905,-7.333924493776067,-8.025888856889878,-4.3166435227935835,-5.589319144574688,-35.845987988348725,-27.924659618737678,-7.474660534953955,-7.817634878992749,-1.727583778498456,-20.998636058402553,-5.919645408419228,-6.324831645888253,-6.152707417437568,-5.890679297600741,-5.9390658825685705,-6.061246468956597,-3.613028425530729,-18.66590550488536,,-5.208796251624335,,-6.842712916892651,-7.049919395065444,,-4.811818127041988,-4.404914761916189,-1.99606674955794,-4.285241471181507,-3.4293629702860926,-7.212110689705241,-19.44368529130952,-2.4381693582208754,-4.015891309589051,,-15.656911572090394,,,,
2024-06-13 19:56:00,-14.573564111506585,-5.911498508398836,-7.991874142192501,-8.575685867967877,-4.5271717515515775,-5.846324650364181,-36.75925498472702,-29.349286789668895,-7.818530633124965,-8.188180593801917,-2.291313427474506,-22.315203840144477,-6.124691929008122,-6.366905955661878,-6.2618135673774304,-6.028696428946773,-6.134036272695198,-6.181598384277663,-3.712593891007373,-19.125520187603797,,-5.665197690442483,,-7.1653187165698,-7.287042317533178,,-5.028587849326868,-4.588477592403706,-2.0531185750169243,-4.397039470848085,-3.6086970788287545,-7.456924242040259,-19.80590178825605,-2.6330506380752468,-4.040417525566227,,-15.733107641079187,,,,
2024-06-13 19:57:00,-15.227524045136192,-6.520351800949811,-8.316140536405328,-8.691425716476033,-4.409844253104211,-5.642286911293468,-37.87747568733971,-30.783161010793265,-8.143772476141521,-8.51015824532351,-2.8772934447927128,-23.884019471308875,-6.002829606008163,-6.494239934663028,-6.384893290024593,-5.9997069240776,-6.047250647386932,-6.522247048863079,-3.4498587568341463,-19.42188270923407,,-6.003976758445333,,-7.388656365755651,-7.409726099436739,,-5.093053476497516,-4.510825630980435,-1.9780795388364822,-4.406198245597352,-3.436659432362376,-7.585330597259144,-19.858166743974834,-2.213274438058079,-3.8699267279384912,,-15.777611527421072,,,,
2024-06-13 19:58:00,-15.462506546678014,-6.717616745857413,-8.63484611936019,-8.677521819290178,-4.299642178221575,-5.537262333667854,-38.44451160973381,-32.059588823243985,-8.191482199635175,-8.666335765053418,-3.522087960928502,-25.250645953487492,-6.086036276783489,-6.450524430005771,-6.353767274553775,-6.007147644130214,-5.755770330322889,-6.4753736889353775,-3.2754216729074415,-19.67554846116036,,-6.046267460897525,,-7.3132061935189085,-7.338039126486819,,-5.042044435771913,-4.405819557688119,-1.9859848494129437,-4.1953861046790735,-3.435377148367934,-7.589912292484769,-19.99438461131831,-1.9657813337914831,-3.6384119131632815,,-15.588421104838744,,,,
2024-06-13 19:59:00,-15.440019848902693,-6.818915740468583,-8.523238356132879,-8.911366955578615,-4.175181054200721,-5.369798899020907,-39.37760123132034,-33.18853299928014,-8.201918641461361,-8.705282847438411,-3.37322860622794,-25.74295937247598,-6.22499216053734,-6.37857171679002,-6.387239889527109,-5.941982568147296,-5.926186227313565,-6.3530280604855704,-3.2754216729074415,-19.935107483405773,,-6.07601025170834,,-7.277853168407546,-7.377207422362972,,-4.948529848682938,-4.419952360609386,-2.0171504129198183,-4.197202800355171,-3.443960091029112,-7.668417279717232,-20.130604883075193,-2.0258008299174435,-3.534914338696126,,-15.772188765541841,,,,
2024-06-13 20:00:00,-15.109991221800328,-6.897709426694291,-8.625132286553253,-8.768982256342952,-4.259616869521551,-5.337943416273106,-40.24251545228731,-34.280331907132904,-8.286960585779298,-8.779189166090418,-3.646841676024451,-26.200029984145203,-6.050183490819563,-6.0865286842490605,-6.320017872098333,-5.862191414701897,-5.840976863060064,-6.1959836950921385,-3.236898538224523,-20.218975806488288,,-6.107347947597191,,-7.20145829978901,-7.137434476731869,,-4.813919516094302,-4.209025746791667,-2.0224248299387,-4.188043187385119,-3.443960091029112,-7.572288596147246,-20.130604883075193,-2.033216900516436,-3.479879798311913,,-15.645729236524517,,,,
2024-06-13 20:01:00,-14.441278290410764,-6.89206096069347,-8.832659786574823,-8.836139693314863,-3.9805368930710756,-5.283699424265819,-41.06689528831612,-35.58584471066365,-8.15025252485043,-8.791248560128906,-4.676931172158447,-27.304387497863445,-6.158860548762277,-6.136629638800287,-6.275203210370137,-5.756999282468541,-5.687006874082044,-6.096043197028337,-3.080632259453523,-20.140281468816738,,-5.999075780289559,,-7.202408163006112,-7.114743508172978,,-4.701270164305697,-3.943385907609809,-1.7718651065288213,-4.061551322492505,-3.182244849056133,-7.58799361182264,-20.272675646474454,-1.8005578649356266,-3.193320489806183,,-15.412014993775074,,,,
2024-06-13 20:02:00,-13.737613660317606,-6.897653918851574,-8.747584530645327,-8.99474742200573,-3.921867514629639,-5.098580749664734,-42.3261403629715,-37.092077499690504,-8.15025252485043,-8.957107932643567,-6.137379380387301,-28.560313317502732,-6.018973647707753,-6.250677128836514,-6.135229830257231,-5.651805780375071,-5.606750716121724,-5.975663371357797,-3.0784629962963663,-20.134152232953056,,-6.011634037811973,,-7.181409897545564,-7.137434476731869,,-4.835882762029087,-3.9248477499604633,-1.7718651065288213,-4.145879569206954,-3.17366335838733,-7.533477249935913,-20.272675646474454,-2.0702972535120807,-3.2477759559708375,,-15.196874628315754,,,,
2024-06-13 20:03:00,-13.122205738916023,-6.688998967567841,-8.943541484444268,-8.81876333650871,-3.9059820661057074,-4.95479505885362,-44.20918484469303,-38.71075296938238,-8.164742372096953,-8.86273037167416,-7.761033308252763,-29.404487216672806,-6.011363860212668,-6.17288333936699,-5.886145558220051,-5.31418521006799,-5.472402862660829,-5.816536829890225,-3.0265148426278756,-19.952737354614328,,-5.966153204907187,,-7.197662341405248,-6.99926798160368,,-4.665849188010725,-3.892183897622999,-1.9008649891006826,-4.013947766485671,-3.174950090200582,-7.447557388119094,-19.610849012848576,-2.047361939532493,-3.14370037315598,,-14.797999510107843,,,,
2024-06-13 20:04:00,-12.548799777098793,-6.604395448424839,-8.970021382835512,-8.319793268024114,-3.739864709919175,-4.811017817021593,-45.520878195671,-39.50154867036463,-7.9802866588131565,-8.706491654020283,-8.724747203452353,-29.646875274128433,-5.776043065032354,-6.003466308268571,-5.572796354920456,-5.096385529603708,-5.2659489454913455,-5.771650368625899,-2.8659265020003204,-19.777715814007934,,-5.7230370442277945,,-7.032551053919633,-6.845660902839427,,-4.63044509240035,-3.9830769976406373,-1.8205549435856483,-3.9938278767917836,-3.194687916312887,-7.236935790093412,-18.84549880616032,-2.2641410721607826,-3.118607621791398,,-14.15876217572088,,,,
2024-06-13 20:05:00,-11.57893021074085,-6.593103284169047,-8.65723394679435,-8.085964868235124,-3.4476812574548603,-4.536389932405314,-46.41929807369911,-39.41583648080268,-7.7212636217038835,-8.47880099819099,-9.213950755193537,-28.75939566237639,-5.702332279812708,-5.671052869368623,-5.206241684522638,-4.882194710121439,-5.021855701832351,-5.639060030956983,-2.6759179084854168,-19.469599001472034,,-5.409352570896772,,-6.827371596386001,-6.619400020420471,,-4.397415754842314,-3.9592506450057954,-1.8047571062870702,-3.7409904502483187,-2.981054193421187,-7.088273194976864,-18.27365932491557,-2.3234654596976725,-2.9834697390299425,,-13.469019541787816,,,,
2024-06-13 20:06:00,-11.05162216133158,-6.463394429906202,-8.221659663824994,-7.941299708608085,-3.2772210506122974,-4.306537068625062,-46.87126937662151,-39.144434545526565,-7.35453797593982,-8.349512859447259,-9.162086073416503,-27.903465671074628,-5.639969543751931,-5.59328705162261,-5.060810577277607,-4.642619321271923,-4.771230671061176,-5.516681361607084,-2.4971689552926364,-19.0403846436202,,-5.08152755909191,,-6.48378004954975,-6.344149857462071,,-4.204056498942464,-3.793358291638924,-1.6081962747016405,-3.5761017960412573,-2.901273767152361,-6.8240662421940215,-17.222667274593277,-2.2405271534044005,-2.873423252204475,,-13.000804694787803,,,,
2024-06-13 20:07:00,-9.954639975096484,-6.012257727149972,-7.552065923668579,-7.076619590071459,-3.101212526877589,-3.9858528182081727,-46.787248000764976,-38.77181059048485,-6.921540965813165,-8.001789491730278,-8.873006429521638,-27.457315468632714,-5.194024956134399,-5.302404750368851,-4.755625851870263,-4.316058451456115,-4.427261798574477,-5.1128305013628506,-2.427060048374642,-18.768291379296443,,-4.623495760412197,,-6.18310372852693,-6.0353258715108495,,-3.940542266927878,-3.5453966471027343,-1.4866684075627745,-3.3543331385180863,-2.730540212361575,-6.533035018619557,-16.422425291182662,-2.0605031974821486,-2.543850133459955,,-12.551775248384388,,,,
2024-06-13 20:08:00,-9.130975244968909,-5.8543924667355896,-7.423713679884713,-7.138035124301268,-3.298627980737365,-3.910583035890795,-46.57717288866888,-39.08485030704014,-7.031345311948826,-8.057243081887691,-8.835962010645744,-28.212573098358916,-5.109965905996205,-5.545481210187745,-4.82873476384998,-4.461056039034247,-4.502598348496349,-5.276033033193329,-2.4227607322270615,-18.75659923944795,,-4.709874047782023,,-6.319677596252404,-6.12977309697726,,-4.080879310050932,-3.654846043487396,-1.6828141221944861,-3.4607564335587995,-2.8682843563206006,-6.586710102138113,-16.215426300163017,-2.1798466940942944,-2.6527873842630925,,-12.228952196109503,,,,
2024-06-13 20:09:00,-8.05338940868171,-5.1946503436311104,-7.009202626245951,-6.997026534293127,-3.1052056259693472,-3.9261594484660236,-45.817495079515766,-38.22178591973966,-6.461699349081073,-7.692415715987863,-8.072404855141485,-28.224290879314594,-5.050527691789512,-5.255218746336823,-4.3841116140315535,-4.315715762252353,-4.420693315151425,-4.849835759371274,-2.3687010804546844,-18.097778904384995,,-4.292825327310084,,-5.971482136351824,-5.830960951704128,,-3.7835054748102266,-3.4793186120946302,-1.4990440846781894,-3.3693139993824843,-2.762806991625439,-6.244147694914318,-15.537724119262748,-2.404020430473338,-2.798212166785106,,-11.728704164575674,,,,
2024-06-13 20:10:00,-6.771867063407967,-4.625085067908003,-6.3547406470133865,-6.387078720827276,-2.721537941676843,-3.6150059074773253,-44.626524262771454,-37.40446134540048,-5.751262572684254,-7.060651260408804,-6.9232671821696385,-28.362456006505454,-4.74828033324934,-4.858443676734851,-4.068012815173233,-3.9020407170478393,-4.084958595042281,-4.3074209368713525,-2.1899828955099565,-17.602234600486554,,-3.6843708095698275,,-5.607936866351793,-5.36507289868041,,-3.3281709980128653,-3.2631830130258095,-1.09852589416505,-3.145798425259727,-2.601979590116116,-5.867335771718899,-14.843828774443864,-2.411100780387642,-2.706155984814359,,-11.127638964369908,,,,
2024-06-13 20:11:00,-5.11319966302392,-4.21900361059852,-5.907784637582608,-5.868720239447157,-2.2835580469327397,-3.4299453102008783,-43.14150460653832,-36.350327694647376,-5.357808520765275,-6.4180885542753,-5.996538600105396,-28.34609239872998,-4.107843245855747,-4.64658079213973,-3.645429687632486,-3.680713749524216,-3.660783849884183,-3.858869776182388,-1.8550326043007317,-17.215539688038916,,-3.204532024628861,,-5.203413338699647,-5.128072935204727,,-3.066141279668045,-2.9923236338277093,-0.7677760141054932,-2.9057752252947466,-2.314610616939717,-5.568145759338677,-14.636925238477943,-2.10335548118087,-2.541121037576204,,-10.482671028084155,,,,
2024-06-13 20:12:00,-4.2741150913064985,-4.0496606352885465,-5.319959380928594,-5.673196382549577,-2.2134112252676914,-3.4075773668097327,-42.30031922857711,-36.12746529525475,-4.947700602269606,-6.3455582736407905,-5.536793054361169,-28.38707305867365,-4.2826267243638085,-4.575145523016317,-3.919683232530815,-3.4775669740243984,-3.7590476694791732,-3.803811932617549,-2.029466543129274,-17.209374962960737,,-3.0869019639972066,,-5.186132010696383,-5.128072935204727,,-3.086653849687991,-2.8961324817214518,-0.6515223195901854,-2.691409610912615,-2.1794941792818463,-5.525615698368711,-14.549739416183002,-1.9307781379843618,-2.547113001263142,,-10.236241190814098,,,,
2024-06-13 20:13:00,-4.212090858036959,-4.049579423598516,-5.568519043152719,-5.821364355058222,-2.204748604948918,-3.448933636775564,-41.84861521356629,-36.662475736972056,-5.099000138293604,-6.152916873986669,-5.410681247471075,-29.330605216766344,-4.19474749973142,-4.66099050602088,-4.009276143152192,-3.5391814231534227,-3.8344000617217944,-3.822164546479968,-2.086185465342851,-17.25797844821136,,-3.181006002086633,,-5.18429166515898,-5.204357666290434,,-3.1759207226346007,-2.9049918483824513,-0.9046634911323963,-2.7500962876756603,-2.424029471042104,-5.583811933445304,-14.549739416183002,-2.0356132344302296,-2.534588316660347,,-10.217133353723852,,,,
2024-06-13 20:14:00,-3.814890364601979,-4.094669456366319,-5.688851245681235,-5.654746150716846,-2.134606357851908,-3.2733770758147784,-41.501557908933364,-36.903893077429075,-4.97481009277999,-5.952325696737034,-5.618235890572578,-30.286898886302424,-4.088074014607628,-4.611478538519577,-3.729545197159723,-3.248913084602691,-3.737797697946121,-3.8568125272017824,-1.9663417111064518,-17.03453512149872,,-3.1717019869997785,,-5.14145185629377,-5.13900886292322,,-2.938742001545961,-2.785078003417766,-0.5713133938006649,-2.6879010760176243,-2.2988096235112607,-5.494285176947869,-14.130589762499767,-1.8778790678231871,-2.4365573850948294,,-9.907029604207196,,,,
2024-06-13 20:15:00,-3.2676006819380063,-3.666038051391297,-5.341126650791921,-5.28340503805839,-1.9943250841813551,-2.9398980022225487,-40.32647296962705,-36.07223981468769,-4.496481497148125,-5.570050460951052,-5.284565451531762,-30.540856987059215,-3.905866126004412,-4.31380271383523,-3.4806943941182453,-3.034835888180851,-3.4626974260952466,-3.812043022491679,-1.8170769100411235,-16.750524718750512,,-2.856576027562369,,-4.939210132297831,-4.974669027215896,,-2.833307319602227,-2.674814594632153,-0.431813700875864,-2.6439801379387973,-2.1920536757570517,-5.233919379347753,-13.363247414167745,-1.824985254276271,-2.2715398964821816,,-9.274725739066184,,,,
2024-06-13 20:16:00,-2.7238131927599625,-3.4460037001194905,-4.630547345200284,-4.753472370130567,-1.8397548827977062,-2.6911268157713266,-39.272599987112926,-35.94082910014504,-4.0823117234369874,-5.037888067982976,-5.3587096216920145,-30.681385708129255,-3.4723695326517827,-3.994838849235748,-3.273658769211579,-2.907878950724694,-3.217057541556642,-3.2289087754384127,-1.620192498706956,-16.514756212324755,,-2.422192568253422,,-4.696897426140367,-4.631406528628759,,-2.591806280801393,-2.4180486918708084,-0.14759539019405565,-2.268332905780426,-1.9303963871952874,-5.082476859076905,-13.15643726857752,-1.4275959002222862,-1.9725424528858184,,-8.73119447917054,,,,
2024-06-13 20:17:00,-2.3271586535553297,-3.1526111460566426,-4.753959357411077,-4.725828823796519,-1.6436406864620494,-2.5155932009837443,-38.63710769877957,-35.86490748838651,-3.8131604117129427,-4.822458128186554,-5.951901789745989,-30.98112907812083,-3.3099368704290555,-3.6752493986966783,-3.0527015318784834,-2.664811798123651,-3.0467906843987294,-2.9719872041840745,-1.3714402603063718,-16.218799039173064,,-2.293634536892796,,-4.495585756464607,-4.413528198793756,,-2.2873480051130173,-2.1331541656477384,0.02036657052804003,-2.103552796668282,-1.806533046352797,-4.837793944669556,-12.008534789144505,-1.2021621359010624,-1.789032925636775,,-8.288628882232501,,,,
2024-06-13 20:18:00,-1.6574011754430558,-2.5435090563410085,-4.193493322492941,-4.177517691823823,-0.8550657622956805,-2.1198370163330083,-37.37433331641137,-34.095890412523204,-3.1526200070295545,-4.135462391269357,-6.14470667019873,-30.697840117884425,-2.759498205696673,-3.0229731288659423,-2.3251429953998013,-2.225870230210262,-2.4835349385433574,-2.5540416727154707,-0.946159932031378,-15.420844804465105,,-1.638283568367342,,-3.7905793742734204,-3.6426745117464634,,-1.521879065779558,-1.5685809811348008,0.45446800445415647,-1.603607013567398,-1.35844363031174,-4.173899617072493,-11.624805542639024,-0.9541778648042509,-1.4650470081380718,,-7.643762680727264,,,,
2024-06-13 20:19:00,-1.006427876629573,-1.5280737619709726,-3.4570202172499194,-3.411604783105986,-0.29550813475339055,-1.7816639561004877,-35.98269524496004,-31.95035001212841,-2.2248070272626137,-3.3204112119524325,-5.432853939634924,-29.85386753457533,-2.1399023119286085,-2.212709309013235,-1.675694275513706,-1.6019912530965712,-1.8514810488425155,-1.8975521018022903,-0.6112819805291565,-14.70119714535349,,-0.7914385318838413,,-2.9698868671075616,-2.872597907198724,,-0.8852337240546149,-0.8944888188252662,1.1518985439347489,-1.1253809429831563,-0.9445936840024842,-3.4137045010952534,-10.654105098573837,-0.43655064051927184,-1.092591522662815,,-6.961128432055375,,,,
2024-06-13 20:20:00,-0.7328558896239201,-0.8171247397440311,-3.1497770217001744,-2.8306741494548078,-0.15955186378619146,-1.564777067559703,-34.99712529546764,-31.08502983980179,-1.7215814621895333,-2.769455843182641,-4.794992929683076,-29.007516598473558,-1.8668422066391486,-1.693822024363726,-1.4571829206843177,-1.4242656335812853,-1.7106786040901625,-1.4775640076262277,-0.5321175179869897,-14.434918746826952,,-0.5419205797736595,,-2.691132992692019,-2.712708433278749,,-0.794490388003851,-0.6651099947835064,1.498016528343669,-0.954951258148867,-0.8635347320996516,-3.095853760953105,-10.583264566777416,-0.48140286435591406,-0.8851204321683781,,-6.455570293018695,,,,
2024-06-13 20:21:00,-0.8478678174017205,-0.4050117675033107,-2.8394694128414812,-2.8385909467722286,-0.4500656279158193,-1.4021119958522377,-34.671291064763864,-31.107055524443922,-1.5806399912089546,-2.5321285252487087,-4.602202697482198,-28.362456006505454,-2.0737185299851717,-1.444328924201045,-1.5830749064052725,-1.123219674186089,-1.7286698672920693,-1.2390061438179316,-0.44384638690348766,-14.253118253723642,,-0.4226186629689437,,-2.5927259355544265,-2.6672306327309343,,-0.6613037579122647,-0.5045454962773874,1.6349083473028259,-0.8449396128594344,-0.6644768694645791,-3.0263900033710343,-10.550787419876087,-0.1665987759379277,-0.8241283787494922,,-6.3228668330033315,,,,
2024-06-13 20:22:00,-1.0814643504937749,-0.29747982767230496,-2.552011363713973,-2.934396271698006,-0.6203667606228009,-1.2746224538373099,-35.13387166132816,-31.87462605028054,-1.5224119084111862,-2.438657947362344,-5.232385149461152,-28.627054607738955,-1.9062207955253143,-1.6347048114823792,-2.0503474437978184,-1.2646788480111582,-1.7826457637045223,-1.2244295094547226,-0.5454305391035632,-14.45793424078056,,-0.3940494524613314,,-2.6974036887213515,-2.6987633042522248,,-0.5866514175099837,-0.4179270886861559,1.6451833763348986,-0.9327231433267116,-0.690127937629768,-3.0889503019770927,-10.583264566777416,0.027962668334112095,-0.7636176594999142,,-6.424061939693502,,,,
2024-06-13 20:23:00,-1.838602590482651,-0.06565126515351949,-2.4902464324914035,-3.0892303843118043,-0.6690297640859626,-1.608035352737943,-35.705128846388334,-33.26042916278152,-1.5282696573342491,-2.4732920201004163,-6.604288299399968,-29.33204544467071,-2.011804850341832,-1.6408928380717498,-2.058216668063551,-1.3988958488354228,-1.8791820109829587,-1.399625237650099,-0.5272167698685735,-14.668968812639378,,-0.589822136763587,,-2.7027921988792514,-2.8748122878905633,,-0.6232457766791413,-0.40012742048929795,1.7277962064636085,-0.9270304966494223,-0.6887611679512702,-3.0820663751983375,-10.789902328847802,-0.009735540155588751,-0.6846140193908923,,-6.759065177330626,,,,
2024-06-13 20:24:00,-2.4924622063994093,0.013700744104426121,-2.738079131334871,-3.0971610313024485,-0.3999698914506098,-1.5633301178778538,-35.89418601035891,-33.60179009568037,-1.2649978674701288,-2.2626907690382723,-7.442258360340702,-29.19162582090121,-1.9579975358476531,-1.5625353462344265,-1.8511977112780187,-1.177632257707728,-1.7449421205819817,-1.224041515245034,-0.5363236544860683,-14.601767421766453,,-0.48143907893131654,,-2.5651980502166225,-2.71857719342006,,-0.5339609630450468,-0.3542491523389799,1.7562366468850996,-0.8500745420401472,-0.6887611679512702,-3.070808178373227,-10.789902328847802,0.20023768599389768,-0.5991256214022087,,-6.828536907851117,,,,
2024-06-13 20:25:00,-2.7307442979803227,0.6122451254318548,-1.8893392843719994,-2.5659779345082825,-0.06507962796763422,-1.1343024246781397,-35.20622658696038,-32.26095046667274,-0.4465518945239637,-1.5804449812656003,-7.3532435013801205,-27.846079625835955,-1.4148670313800267,-0.9157269305196678,-1.3947853523054619,-0.7750174595148565,-1.1308653609891053,-0.5203465593038743,-0.24207619287517446,-14.050574002040776,,0.21680975672620661,,-1.9056075086491546,-1.9982574131727233,,-0.007026845030395634,-0.010163594932691922,2.3787734226789325,-0.4909476468401408,-0.3005459649102704,-2.4231251838077696,-10.789902328847802,0.6501796696170459,-0.08067327899789234,,-6.48095195856888,,,,
2024-06-13 20:26:00,-2.5730809944491284,1.092354291331958,-0.9085419850239305,-1.6688996028342444,0.35136770161261666,-0.9811592642904543,-33.80986552939248,-30.25743378709717,0.2723154999507642,-0.8297678908352282,-6.990069987044535,-25.926928793668594,-1.1003660153651253,-0.2764828059557658,-0.9777294052473735,-0.44857813953137793,-0.9834872013460654,-0.028978827558461262,-0.04311861439555287,-13.596226136748555,,0.913407503065855,,-1.3270602521574801,-1.5559329329926186,,0.4364903605132895,0.4301299307176123,2.5828350461906666,-0.19224352326409644,-0.09430129699239842,-1.926862804810753,-9.416562864063508,0.6204401971479001,0.1027668693184296,,-5.8679772955737235,,,,
2024-06-13 20:27:00,-2.63980706958705,1.9560769346398956,-0.2854043904480932,-1.3081900994150146,0.3971088200180475,-0.7481678004869536,-32.34062740885611,-28.42333754293304,0.9288275487251667,-0.35028586440739673,-6.723576909560052,-24.010319550089662,-0.7238008786302998,0.021104858726630482,-0.4633167168294676,-0.11855394013696241,-0.611967912795194,0.4377221697719449,0.09698101625781419,-12.851585465939934,,1.4654568145513167,,-0.8643183582216807,-0.9948186001161048,,0.7584624326909761,0.591352725089564,2.7998429034214496,-0.06801027607434662,0.029492928673334973,-1.3680447597494094,-8.388523720670946,0.5535263840929474,0.06671891859264178,,-5.406497620023856,,,,
2024-06-13 20:28:00,-2.434197438222782,3.0567213164067653,1.0271364331688346,-0.5580387537866045,1.141200240432454,-0.2298135393599523,-30.198973624129167,-26.167561844876218,2.015677869637557,0.45841683478192863,-5.901685264887874,-22.048940065377792,-0.28421364074438316,0.4237289689638146,0.21318409150853768,0.21870729071667938,-0.16022716630391187,0.9043773441286476,0.3729878576834835,-11.847627006238326,,2.3290994354345003,,-0.17675800084271032,-0.3875973358340161,,1.209160117270585,1.0137839981489378,3.1899053624588305,0.21751650901524044,0.1361857826900632,-0.707946060870654,-6.809199607763276,0.9285717169341297,0.32314718475959125,,-4.7492821748192,,,,
2024-06-13 20:29:00,-2.5754537414608194,3.80186119641985,2.1497561151113587,-0.013917031510345623,1.3329259420127073,-0.08146885405847115,-28.28297511818664,-24.120210715074336,2.752289649092745,0.9541256751642777,-5.154718716661591,-20.410108084244257,0.027063705290174767,0.7631153990841995,0.6015726406149042,0.4834210712192544,-0.0032441281982755754,1.2199683215743846,0.4339165056296679,-11.037503013258629,,2.9464800951468533,,0.22927752258965484,-0.043733392396916315,,1.509089558346659,1.138013199674333,3.3397108617482445,0.4409296439262107,0.4320031165962064,-0.2456773577473541,-6.358128714527993,0.9888014121509059,0.45157881679961065,,-4.307011100969817,,,,
2024-06-13 20:30:00,-2.981873607326861,4.360567388562231,2.833839521788832,0.3177736903155619,1.5474771139145105,0.10677189064244885,-25.814205537965563,-22.12387405288564,3.495319980850354,1.6565129499183513,-4.38547294133582,-18.353369072105124,0.4148438789136435,1.23104833690968,1.051693087415515,0.74084010037609,0.3633629639131186,1.5192745555249871,0.7414071973921637,-10.505217577182066,,3.57989890440831,,0.7720623271006843,0.38745074748749175,,1.8339112464814207,1.51899625923852,3.463678455075751,0.7594923988935989,0.5656971151693142,0.09967811483875266,-5.075644068470865,0.8767548035145865,0.5069949800483755,,-3.6184009344465267,,,,
2024-06-13 20:31:00,-3.5995469345634774,4.427824273933766,3.2073321711932294,0.7070893796842483,1.482939835516845,0.08768733105853244,-24.138959987270027,-20.79388636932208,3.720486700519814,2.060961729555629,-4.0826330530017,-16.93272228950127,0.748818297734033,1.243966899589168,1.2693705175347532,0.9474662105998277,0.4711908976104269,1.7352462958768058,0.6552192055528394,-10.197351921074642,,3.775491169541965,,0.7755202215598729,0.4298595216146168,,1.8718586618438167,1.524053555271621,3.56954316493875,0.6511319655201078,0.5642957330337595,0.31728562124362725,-4.798645806069089,0.6296336143420831,0.4279773359385217,,-3.365629259402567,,,,
2024-06-13 20:32:00,-4.370604508301199,4.444271142101115,3.188727397196544,1.00853731353277,1.6117146701380989,0.34920840787174257,-23.151939380392832,-20.021599493934673,3.6449339429041174,2.1031679351767707,-3.4756167387095047,-16.14275591339583,0.8118298700160267,1.0864607153860106,1.3110315176622862,0.885774029598565,0.6233290905200874,1.8510177028624923,0.7434818810404522,-10.01701779056475,,3.828182349251847,,0.6805125030946328,0.29325684468085456,,1.754655756043121,1.373032187055287,3.4842892974020288,0.5576481291000164,0.5642957330337595,0.33713135023526775,-3.929118651170029,0.719605637093764,0.44043739156586525,,-2.9613909327737247,,,,
2024-06-13 20:33:00,-5.3406295635621746,3.9700466061626685,2.9081096119739414,0.4185535269546108,1.324163701694033,0.15946408197953588,-23.328465370137565,-20.713467266068847,3.2203607354142605,2.0088815843362227,-3.2532679371070117,-15.60268267993797,0.19447142499529946,0.8529006780152031,0.9783013003004726,0.8169016294582434,0.3040847841368759,1.5129483804589086,0.5851855520209028,-10.331595937653674,,3.40653074450006,,0.3982653532684708,-0.08068015358094272,,1.5366431575089337,1.281292832469262,3.18210934450326,0.3433639804266022,0.33961488497971004,0.03060233480664465,-4.711717515724558,0.5619682494118479,0.30600773017408756,,-3.150876300578716,,,,
2024-06-13 20:34:00,-6.590559691011208,3.389207423076641,2.394318773948271,-0.008754044948773299,0.9922547186274642,-0.14673387933942195,-24.877858534959614,-22.128759040049317,2.5998110488606017,1.6083604231221216,-3.7491187545933826,-15.631664916029877,0.026009155545580143,0.47855452369594786,0.45563044025561794,0.7553066780766358,0.004592600879618658,1.1790564795947773,0.24827013042840917,-10.917739122393414,,2.812771638630693,,0.01059136638241398,-0.4933845083223787,,1.2601979789956204,1.097214316577265,3.1692185370411607,0.18612186002064846,0.08075953330944685,-0.29203237143383376,-5.352804875951733,0.6514453683546435,0.18959987343282592,,-3.548843683656173,,,,
2024-06-13 20:35:00,-7.628697453205518,2.915756587172382,1.7463177092531623,-0.34696174047962813,0.8621223499399093,-0.3573215393647615,-27.522781955421124,-23.76042757949199,1.7928022510652681,1.0868165504193712,-4.370829118754955,-15.756282254984399,-0.2614453721716927,0.06838769729529304,0.003153466103185565,0.4543965825005216,-0.22605001349666054,0.5252874259049918,0.09698101625781419,-11.455218472214256,,2.1954128432464586,,-0.4364043321124882,-1.0015163680304795,,0.9632372366054369,1.0093208786047398,3.058169355910195,-0.10850344171376491,0.0024730470800022886,-0.7542905481109301,-6.358128714527993,0.6435078874976625,0.04869494322997525,,-4.243753700633647,,,,
2024-06-13 20:36:00,-8.282286757299516,2.5157513740891773,0.9609493662605928,-1.1376726648393287,0.5330660318131777,-0.3558228805300132,-30.285236550681475,-26.072068738158123,1.1493732388901208,0.3726437353784604,-5.162328422754854,-16.788888952249636,-0.6472498847767838,-0.5191609329995117,-0.5250803650183116,0.22234305726146886,-0.5663569173394762,0.060694368449617286,-0.16081461144062814,-12.246730094282611,,1.4368182995422103,,-0.9827981870848816,-1.5170918723060822,,0.6208400410769173,0.6601664539120975,2.6500409600930652,-0.26579674292679556,-0.43702256059077627,-1.2942153657572817,-6.915382861656781,0.5155852673344725,-0.07374303291544493,,-4.957679747369298,,,,
2024-06-13 20:37:00,-8.212887954409325,1.2570984037793096,0.49735649598960663,-1.7855212656465937,0.2826380151059311,-0.6668380793294091,-32.29499198609528,-28.27813824150303,0.6152971353053545,-0.04304645902766424,-6.050969466004517,-18.27762199542849,-0.797249763738364,-0.6957776522249333,-0.9336141431579108,-0.02426764876543075,-0.7628397794996999,-0.3593423713258801,-0.28971781567111066,-12.960432939787552,,0.8738790520624207,,-1.485617588282821,-1.8911687104673547,,0.2520298738359088,0.4626391116257764,2.435631611934241,-0.6688008917508341,-0.6063319328559373,-1.6590330546673613,-8.18497051921986,0.485331110238576,-0.08621779009740749,,-5.412573418634679,,,,
2024-06-13 20:38:00,-7.920635141919888,-0.03580730344128824,0.21052406789794986,-1.9743420106779013,0.1581187310689529,-0.6891824229290933,-34.55473028370011,-29.69806369648154,0.30824424561456,-0.38183122744521825,-7.1919387184914285,-19.25873061690845,-1.126203290502417,-0.9748900213478464,-0.9366698240824007,-0.15484197903401764,-0.8742360951786168,-0.6429966329739898,-0.5047958212883259,-13.136964296047154,,0.6679719635949368,,-1.8209787901641903,-2.081166116656277,,-0.040726281737988757,0.08671557766501792,2.068840880130665,-0.941844711907379,-0.7599081311714144,-1.984468468761861,-7.959352143608612,0.08795397826247608,-0.26318867186000716,,-5.614713484651475,,,,
2024-06-13 20:39:00,-7.697744578519632,-0.8940440863148069,0.06627797297687721,-1.6254742363205423,0.16955525024559392,-0.5855083784894077,-36.3391709011878,-30.67488162037398,0.3448075468331808,-0.5540220605416835,-8.303345124032148,-19.401384233438876,-1.2275611391605707,-0.8546264657024949,-0.9512682839051649,-0.035169715872370944,-0.7645925284873556,-0.7310176454450641,-0.4844789908486291,-12.751207290431921,,0.7317590088709949,,-1.6753575081356757,-1.8743679553067523,,0.17439870895805143,0.10074358678593853,2.2625940708726375,-0.7605766744336506,-0.6887611679512702,-1.8362354294977195,-6.792985489541024,0.2904904865433764,-0.05572167081800217,,-5.614713484651475,,,,
2024-06-13 20:40:00,-7.378742234180891,-1.8199847802015938,0.40179020414734623,-1.8025002492770454,0.11087795320418081,-0.5950408955570765,-37.75251493515816,-32.22735874601199,0.1909315809812142,-0.7112662820209152,-10.32563469407296,-19.69067663973101,-1.3051337368874556,-1.2890200509757506,-0.9512682839051649,-0.1367205636286144,-0.8251160366951353,-0.8148561174538429,-0.5026938029293433,-12.758827033292619,,0.6073434281277059,,-1.811195677746582,-2.0034870126773967,,0.0397349872068844,0.1147694790006426,2.1747827265753585,-0.8540594150995275,-0.6887611679512702,-1.8319063633089172,-6.602824891423097,0.02080051942107275,-0.06773591221599418,,-5.602032057675274,,,,
2024-06-13 20:41:00,-7.267267954359113,-2.8020465634444918,-0.26257526520612373,-2.118509310682839,-0.02507253729390868,-0.5998071540907404,-39.684593687541565,-34.168086523747434,-0.3146019792077368,-1.0240283977127547,-12.162501493282434,-20.48279480945712,-1.3806457055311512,-1.6367762688216771,-0.9960550934943058,-0.16574142987587948,-0.8496760645242603,-1.1126355539507813,-0.5706482961668371,-12.747866122631876,,0.3107627613005661,,-2.149191569202685,-2.1560378133131053,,-0.07003074794920394,0.09183203555176078,2.402078939147941,-0.9384210214952873,-0.877908390131779,-2.072198845567982,-6.6897974456487646,-0.23401822063829059,-0.31170216864666145,,-5.810511264404909,,,,
2024-06-13 20:42:00,-7.759495947755681,-3.3100209633048507,-1.1312642740581396,-2.2758636698820283,-0.09090745781259102,-0.7848077884370923,-41.26994663065693,-35.946387896371334,-0.9068468983361981,-1.1183224056790095,-13.814195767301726,-22.216230046075452,-1.4665068968070045,-1.8924436243030414,-1.3010819580315456,-0.3216988167703221,-1.0167659036707164,-1.2227380944103174,-0.7878254968736655,-12.766987089770282,,0.06293041122626164,,-2.2685334817883813,-2.2359876410841935,,-0.18126694635202512,0.09183203555176078,2.105041149992303,-0.9897214960706151,-0.9319505333714915,-2.0953615812586577,-6.792985489541024,-0.1217427619924365,-0.3971843633462413,,-6.03791685490944,,,,
2024-06-13 20:43:00,-7.590429555060268,-3.721948374062322,-1.7162185742072325,-2.194599114102857,-0.07658847135348879,-0.7481678004869536,-42.90704957862704,-38.1622849798548,-1.2900323637149995,-1.468791029699105,-15.724855402663252,-24.85827751070974,-1.5409981076732038,-1.9206224147455941,-1.194543728460303,-0.3652100653150683,-1.1509721115303364,-1.4041615759928163,-0.8396767322806227,-12.737431149217173,,-0.2210270623361339,,-2.4479891173341457,-2.506622786596381,,-0.2895629106483284,0.09628798472749622,2.0327092257430195,-1.0940365210853997,-0.9305906483559738,-2.1729465738721956,-7.018578260402592,-0.2494282401082728,-0.31217020141798457,,-6.170707789865105,,,,
2024-06-13 20:44:00,-7.171460791844424,-4.009678251418791,-2.0144117503036796,-2.26279833695844,-0.14382639374866812,-0.6701201781473856,-44.52684981866082,-40.086553334301016,-1.2859606284118854,-1.6047269629409584,-18.04963097853556,-27.91516068503597,-1.39826035323631,-1.7350533474964323,-1.3621683082103573,-0.32529461903743595,-0.9773066779956707,-1.4020807701111835,-0.7535109736118102,-12.804762213223967,,-0.3512422412200067,,-2.4488806969470716,-2.4919364713991854,,-0.24124940861565847,0.2976147089557344,2.2341674992139815,-1.0626955718435056,-0.9292328571591497,-2.169180955418142,-8.010983425901486,0.06511960391048888,-0.29415354320167353,,-6.43619652411985,,,,
2024-06-13 20:45:00,-6.537185609550534,-4.421457024941901,-2.599348650554475,-2.3493802578329905,-0.1552680033435081,-0.8375493995486067,-46.50813385350807,-42.8774488791023,-1.3127390856097918,-1.6880164117962977,-20.611364824152815,-31.321789553514463,-1.4179349754979285,-1.7343667263237421,-1.4541401885096548,-0.4449746532197878,-1.196613321595919,-1.4813550833596025,-0.9097414315692731,-12.98608824989924,,-0.5956963204857857,,-2.571792522442138,-2.61808371443567,,-0.32466289379362934,0.2517381777024639,1.9241662372719475,-1.183550833069603,-0.9377881667301153,-2.410047550541549,-7.502223887294349,0.13254438955777914,-0.3186453580917714,,-6.638469171557517,,,,
2024-06-13 20:46:00,-5.799347645176681,-4.596368012509174,-2.374366082960023,-2.2523175451774478,-0.09230869302336941,-0.9188812601220206,-47.776499703706804,-44.5742499699586,-0.9627510528298444,-1.5332175173959968,-22.122347794204416,-33.44163147255131,-1.5596525919695523,-1.763233130780236,-1.3591226030307553,-0.5465297965174614,-1.0983681700770376,-1.2244295094547226,-0.8803164294179169,-12.919770552021873,,-0.2899048292840689,,-2.472489835786746,-2.5990139319087575,,-0.23537829465021787,0.3479472007879849,1.9732559907042742,-1.183550833069603,-0.9278771597823834,-2.39065047413078,-7.170422379726915,-0.19741949547824333,-0.3126399795708039,,-6.739548476542268,,,,
2024-06-13 20:47:00,-4.058260894292289,-5.0362710327799505,-2.330147730478984,-2.104143120771141,-0.2282612436706586,-0.8423139147359961,-48.146665236901754,-45.41588456630507,-0.896350303045665,-1.3595634284156404,-22.743991300308153,-34.79852439615024,-1.3424131575407046,-1.8697665530085033,-1.2641085788020519,-0.6009373885851801,-1.1426554092992092,-1.2265118857923198,-1.03654541700962,-13.264288239117832,,-0.25377709017220695,,-2.5134623695657865,-2.629816667787054,,-0.32319635382191336,0.3479472007879849,1.8079235284435526,-1.2000783156063335,-0.9193213267553801,-2.5420666401105336,-7.018578260402592,-0.18228274857574434,-0.48314125913043426,,-6.745774208465377,,,,
2024-06-13 20:48:00,-2.1365187937593646,-5.498839695548213,-2.3897688986767207,-1.9756371000055424,-0.30125240788129304,-0.7880930343079626,-47.77641295768012,-45.759924176850745,-0.5934608829670651,-1.2283102765213698,-23.593131136976808,-36.17270124482957,-1.0269016536979052,-1.5852177451438365,-1.0177654381975572,-0.4486057104871861,-1.0755489752342555,-1.071363637598239,-0.9776957274568758,-13.722851103682842,,-0.09665667728950211,,-2.3959058385203207,-2.5843402269269973,,-0.30270854406353465,0.2746764490307214,1.9500076625372458,-1.1909540750025371,-0.9377881667301153,-2.592739388540849,-6.809199607763276,-0.2497051755378834,-0.39165016312608714,,-6.758347095781687,,,,
2024-06-13 20:49:00,0.01971493289352111,-6.356732325617486,-2.226161589057938,-1.5612516218029668,-0.062269484894613925,-0.7338721629085967,-46.9463260614491,-44.37791650793656,-0.22819874749689006,-0.882496164938857,-24.1738902381137,-36.705123149013616,-0.7434553425653121,-1.4209418225632362,-0.8355494362047011,-0.22010830202304987,-0.8970479246537479,-0.7693800232470949,-0.9573753410306836,-14.56186700150738,,0.17055448263818107,,-2.3602984863346137,-2.588743289441936,,-0.2763545559564591,0.27913191744301,2.0016883610473997,-1.0552905710696905,-0.9278771597823834,-2.577705096291993,-6.792985489541024,0.08768456991128915,-0.29415354320167353,,-6.556195453052169,,,,
2024-06-13 20:50:00,1.8268591511749719,-7.717138152227108,-2.882210505538751,-1.3304689171759492,0.15384222414968463,-0.5026889460006032,-45.778146055458365,-41.13871211333026,-0.12557740616421142,-0.7747721563441701,-23.49696847759469,-34.221016516419695,-0.8489838027819587,-1.1356806649298505,-0.8688009447546392,-0.2853777790277263,-0.8838938044983706,-0.9771095794158953,-0.8305715857411542,-15.539983137348372,,-0.05459603430358584,,-2.566996618542362,-2.669441114815527,,-0.29537843554089704,0.21922535138037347,2.063657205191248,-0.9452767847151335,-0.936433344733814,-2.7566679427804957,-6.809199607763276,0.13254438955777914,-0.1296547765291507,,-6.568889072725256,,,,
2024-06-13 20:51:00,3.734969307827214,-8.236714199003472,-3.906980066516553,-1.718730873979439,-0.1452349663484256,-0.6462923721703646,-44.33735842117562,-38.09419094051054,-0.22111169737308956,-0.6120272594691869,-22.39357764420606,-31.102949347518916,-0.9959325883885413,-1.133607780743887,-0.9855447818235916,-0.18741465877565133,-0.9312709147081932,-1.0643164298374188,-0.9910257675935554,-15.954912170950138,,-0.34371780962601406,,-2.538632351090655,-2.8272162157604726,,-0.2851309243378637,0.4753420419237955,1.9731587518058404,-1.069583607673394,-0.9607539091007311,-2.7579402061924156,-6.9123895397701745,0.057143810975503584,-0.13612730392173944,,-6.575468590539003,,,,
2024-06-13 20:52:00,4.608836590014562,-10.859421428377118,-7.626494142978572,-2.9556323110205085,-0.8135576774700439,-0.9093532757556204,-44.99500553673897,-38.71526165479554,-2.7961977615311753,-2.2134840487167367,-24.692915992099415,-30.225476455802436,-2.213666821198103,-2.668595372040045,-1.7670550501015896,-0.8910892476192203,-1.687839756991707,-2.7714278596976385,-1.4982424604891094,-17.474586070641635,,-2.6388178745239657,,-4.615011198585762,-4.328730871979587,,-1.1970090090394478,-0.4090265603485932,1.0924126935692584,-1.731374518443772,-1.4768922735202068,-4.1616072478555,-7.015581187666612,-0.707364609743081,-0.7701034914989577,,-7.156698276240718,,,,
2024-06-13 20:53:00,5.848866026082192,-10.017200655761826,-7.925839658767018,-2.535827911060551,-0.2840640686069946,-0.6924655700124731,-45.05404810935397,-38.1390379063007,-2.9751110945171604,-2.377600854795901,-24.257696529171426,-28.049928935055505,-1.7066326610272426,-2.2224187357630854,-1.1877795665864141,-0.41595463973499136,-1.024684336098403,-2.268113751910846,-1.2943853792514801,-15.415505014922473,,-2.2224257089440016,,-3.6411166118036817,-3.137387692345328,,-0.4095490849476846,0.21922535138037347,1.4695787174628094,-1.1761482871688713,-1.1427095178041782,-3.2403751912497682,-7.0480101130042385,-0.23512456215166821,-0.3496149525310557,,-6.935484374822977,,,,
2024-06-13 20:54:00,6.9146665249016905,-7.901479170941911,-6.765715281106168,-2.5843725294846536,-0.43575256035433085,-0.8631856385662786,-44.474661070082675,-35.43097850729714,-3.2096189685387344,-2.516690253638899,-20.98948428334893,-24.72023425307998,-1.9001406867141668,-2.2148714243153336,-1.3639091222723891,-0.6045469891810171,-1.2931241234111894,-2.1843345668794143,-1.4912636606595697,-15.040441337973334,,-1.954347586744234,,-3.564577154106246,-3.3325263221299792,,-0.8208461638059816,-0.1529352510951867,1.3119064587294815,-1.4361335401094948,-1.3035053038820479,-3.0820663751983375,-7.102559916561404,-0.2576925338212277,-0.502106226177375,,-6.746017058211464,,,,
2024-06-13 20:55:00,7.068492156753223,-7.055524628632611,-7.933205716049088,-3.5195108893904035,-0.9681113602548521,-1.1485896941875353,-44.189007349170424,-34.64315190879256,-5.113306985250119,-3.97241706884256,-18.852131705598822,-22.424198851383608,-2.837375494370008,-3.416995195790605,-1.988605937376633,-0.9346127826730708,-1.8352079078372299,-3.471404082488476,-1.7539689513776011,-15.723788359397076,,-3.466588836668052,,-4.676857343124539,-4.333595452796089,,-1.3404096855701937,-0.4822925253483845,0.9348730430547221,-1.8248549563991219,-1.6205686062057794,-3.914893383015169,-7.102559916561404,-0.819925693633877,-0.7580979609990663,,-7.201021023913199,,,,
2024-06-13 20:56:00,6.45659758374245,-5.17747219044486,-7.638591987290056,-3.899598916324976,-1.1698801595287023,-1.3112567361230276,-43.90305756934299,-34.107730314558694,-5.289525024288878,-4.393496115980952,-17.91279153248206,-21.731169371096712,-3.0699774138988687,-3.703443078314649,-2.204695181349507,-1.123219674186089,-2.015422275703827,-3.3126282542235685,-1.8716702466535935,-14.00152873314346,,-3.018536973136861,,-3.885354814443872,-3.4057804763019703,,-0.6642360022192406,-0.046460387241040735,1.2681362179264397,-1.694862481686414,-1.4314060050942317,-3.0564648637082428,-7.1512038212376865,-1.127320255839777,-0.7460924304989476,,-7.5106296741817005,,,,
2024-06-13 20:57:00,4.879942248731368,-4.100585951554876,-6.236422953386864,-3.2345666300195717,-0.9967242648710908,-1.2760812831086241,-43.52776714540096,-34.14192184643798,-4.219105592178494,-3.7393412760584397,-17.31361220263011,-22.160739325805935,-2.4978193381509755,-2.9515139106140396,-1.9026759450930513,-1.0361711701332297,-1.7763882504866615,-2.270786029512948,-1.742743156249844,-12.781958398094957,,-1.7188566225686372,,-2.9044017175474437,-2.6701864818173817,,-0.4198147355114088,0.09562399344667938,1.5625705462066435,-1.5153008369184136,-1.441309630487467,-2.4282905315353673,-7.553797447976194,-1.0521795904012379,-0.800601084571781,,-7.472653073316792,,,,
2024-06-13 20:58:00,3.2840768300999343,-3.57639077341355,-6.726066696009184,-3.2044236290389563,-1.066846356864744,-1.2856047347688673,-42.60396782583143,-33.587053232226026,-5.027143094343046,-3.9419746429418865,-17.306246586605994,-22.40900015821353,-2.6054257785824575,-3.2422483650848335,-1.8494108111051446,-1.1123365897068425,-1.689564356824576,-2.807079773649633,-1.781267705390519,-13.000048397157116,,-2.3715115817415153,,-3.7214521597288694,-3.4666502066074827,,-0.9086519081220104,-0.28474858370873335,1.2396956142570161,-1.6435591171025408,-1.441309630487467,-2.819960382365025,-7.257405886458855,-1.059308699439498,-0.8371010976593425,,-7.4030541627685125,,,,
2024-06-13 20:59:00,1.02643731301373,-3.1365901569033667,-6.5331401426228695,-3.976641233139617,-1.149825041179838,-1.5262875019095645,-41.450024992205044,-31.740240310773288,-5.816173130755715,-4.831507997919516,-16.951264173723757,-21.395120521023728,-3.3480001947473284,-3.8551571675102423,-2.1774659471120685,-1.2791693758337033,-1.9680197313078907,-3.396550172110608,-1.9556878759633491,-12.631216939835667,,-2.6822522548025063,,-3.733408003450677,-3.423393532229511,,-0.7857380841805934,-0.3299503826860928,0.9763083990324049,-1.7848826895638013,-1.542185431947928,-2.799422650157794,-6.944818120660784,-1.508938572505258,-1.1050846815912791,,-7.453455086354211,,,,
2024-06-13 21:00:00,-0.48121605657445343,-2.302057770861211,-5.536463351546445,-3.6879411015343067,-1.3000653333911032,-1.6218947652981797,-40.725986601964905,-30.756811791902237,-4.880255726622636,-4.389787189123808,-15.330864550040587,-20.429886050728328,-3.1471597914951417,-3.1390355255248323,-1.971122472138859,-1.4024692083127093,-1.9517505902417724,-2.436522964171047,-1.9647865915897,-11.458970141310147,,-1.52224263619064,,-2.6897982283026067,-2.550036048819493,,-0.39355005140396315,-0.10057799408014034,0.8446192866381352,-1.5779571238717836,-1.5975751453747762,-2.046856923822361,-6.809199607763276,-1.6886007962564236,-1.2755689394407455,,-7.402774937511822,,,,
2024-06-13 21:01:00,-1.6231222352294026,-1.5579772890077948,-4.707416059249226,-3.274914119308278,-1.278610355248702,-1.5182202487084169,-40.626599142306986,-29.587893283026915,-4.044286894477182,-3.8222024845472333,-13.073688226136483,-19.646909009871706,-2.8327269839064684,-2.83391900081574,-1.9039481341155806,-1.511264372249343,-1.8600856769703569,-2.069580045339052,-2.003309256986313,-11.387590956409895,,-0.9863871272839333,,-2.6889120205005383,-2.7370163899936415,,-0.5252582056932624,-0.1324262831285523,1.0770830660048887,-1.6549068154636188,-1.4894886005395165,-2.1594423763322084,-6.809199607763276,-1.7708538163469711,-1.3790569496618446,,-7.465876431163224,,,,
2024-06-13 21:02:00,-2.3228566770695807,-0.7571008238105605,-4.102776524567162,-3.5122038779793456,-1.3816386645230523,-1.49917822676764,-40.629274023659036,-28.437144165894324,-3.8438502515248274,-3.9524715545189792,-11.911797120043047,-18.23093451015302,-2.863792339044039,-2.8627736612509125,-1.878516086019772,-1.4024692083127093,-1.7666955124043398,-2.020764820018485,-1.9556878759633491,-11.126971778651296,,-0.9897660620013085,,-2.8264941338916287,-2.881504368628157,,-0.6145344941310213,0.014107772646639205,1.1209807259037916,-1.6053295318406526,-1.4710246766017008,-2.1088093757985007,-6.792985489541024,-1.5986178932871553,-1.2205769547947511,,-7.415338694469142,,,,
2024-06-13 21:03:00,-3.210894981638603,0.17936525282220828,-3.275573173549674,-3.8988951782105232,-1.4617552979552784,-1.6537631602632246,-41.239717666795514,-28.526459795579285,-3.6284450544701485,-4.034923480286579,-11.082881287750752,-17.271378078361977,-3.2898440742139883,-2.9136088136972376,-2.239820123439131,-1.6381964177766122,-1.9583206841025458,-1.7722236495604022,-2.1504290762170513,-10.745086567209455,,-0.6479314705236447,,-2.363947714799906,-2.4466822219906135,,-0.33064243434500895,0.09694149410142927,1.1287646552436854,-1.6549068154636188,-1.462466986481104,-1.9030406391825636,-6.964028833011071,-1.8234202909745818,-1.3790569496618446,,-7.649112720754715,,,,
2024-06-13 21:04:00,-3.4144643254173843,0.5970003886914128,-2.2493655337952987,-3.5081149105924396,-1.5719308177183393,-1.7893061281807832,-41.39370361247438,-28.07813033226057,-2.715471310212024,-3.5666053705326703,-10.069103313710457,-15.706975664601032,-3.0292116842367705,-2.572785572671137,-2.2119873255187485,-1.6454428346844452,-1.9469024641193755,-1.2218467534423212,-2.0803535590021056,-10.46065344382896,,0.021433711280224088,,-1.985067307051395,-2.2105375882151748,,-0.2179396959541009,0.19314651965441954,1.5859089597020102,-1.5523072416772266,-1.327359049095321,-1.6977845457804506,-6.809199607763276,-1.7482816660856315,-1.3850565789816756,,-7.541683015147669,,,,
2024-06-13 21:05:00,-2.9646244794624863,1.471170508031264,-1.4274187474966311,-3.0361313285013694,-1.3844861308605232,-1.599545988877253,-40.08489261364298,-25.656486665338434,-1.738471920353959,-2.777793836708952,-8.048546731390616,-12.766532968540105,-2.681702802163727,-2.061553313595823,-1.8591652587251701,-1.4459789756147075,-1.6030850526224185,-0.7631997986032388,-2.071255364802937,-9.958047614331008,,0.7504322148192841,,-1.525165878450025,-1.818177939668658,,0.003047746003630891,0.4269741724774576,1.789944911870407,-1.2884026416427332,-1.1382083089074513,-1.2829759064629798,-6.635252438973566,-1.4483457156563873,-1.2385784560306092,,-7.446817190138518,,,,
2024-06-13 21:06:00,-1.9227606879608174,2.1142571034115463,-0.7518447712218403,-2.8892815980618707,-1.1269224500467772,-1.5325017651639428,-38.683081236747284,-23.530846281104687,-0.9308849953551999,-2.325274904992966,-5.449825057361522,-10.194392839094235,-2.377633441072021,-1.6568299904874948,-1.6128596818357437,-1.2211323211520266,-1.3754855924098592,-0.23116985451054006,-1.7861176547817195,-9.376636890094687,,1.3056426392768117,,-0.9258934693743868,-1.242520964355208,,0.5547870198183773,0.8946357711174642,2.161889537503157,-0.954951258148867,-0.9121232937886816,-0.833154508196003,-6.602824891423097,-1.3357955215715265,-0.9641187035208532,,-7.206698964022735,,,,
2024-06-13 21:07:00,-1.1036551723287857,2.825604948182445,0.12281338438106104,-2.4474522701041224,-1.0310506423063543,-1.4288307713533186,-37.80503697349036,-22.361651762212887,0.0031045243033531733,-1.5977759857348701,-3.116516734401557,-8.81805690642841,-2.031151148601566,-0.9957700647182719,-1.4337286059476355,-1.2392660117933474,-1.2478605057222012,0.427181547489198,-1.7770177224933832,-8.788934169903769,,2.1321835835385627,,-0.24733584627892924,-0.6213407214659128,,1.0216938350777127,1.3438335087762425,2.877360830330872,-0.7001561959268656,-0.6774805759296214,-0.3100009827953727,-6.396457038654717,-1.0210102222438309,-0.811641175245768,,-6.960368395592695,,,,
2024-06-13 21:08:00,-0.4767952183125317,3.361532266515951,0.6809060026921543,-2.082989433272587,-0.6590209015280379,-1.3793765867313823,-37.789873128289855,-22.031823525965137,0.5993319483754931,-1.1185717474390913,-1.3607895601599012,-8.19175270942469,-1.5719639818389624,-0.46249613489521835,-1.2461153503588775,-1.2247584947159567,-1.057973499029913,0.6127385554178488,-1.6684234244823983,-8.43815504566328,,2.568116107297101,,0.030553593646800437,-0.49586152631900404,,1.1783219509006813,1.49992863708394,3.0400865658984912,-0.5040699630421841,-0.6234368237314811,-0.10470056631083935,-6.396457038654717,-0.9758751711362947,-0.8176441147140849,,-6.76444511688976,,,,
2024-06-13 21:09:00,0.32312006348286104,3.5699867557837024,0.7439064014356518,-1.9361510144360636,-0.8321563926297131,-1.3028155969760746,-38.652414607104674,-23.397962436408534,0.7127356789419537,-0.8805821450446274,-1.5013008025864565,-8.982735323575525,-1.3433900061827444,-0.34153901582476465,-1.4167666032330999,-0.9890334497846425,-1.0759547421831712,0.5147104953246071,-1.6684234244823983,-8.516937924658123,,2.5663753083754273,,-0.14889403131064682,-0.6674595477702496,,1.0276162163290792,1.4126455706737033,2.9651818723104952,-0.6670929685137708,-0.6234368237314811,-0.16288304813724608,-6.396457038654717,-0.9010354732401993,-0.7566534742454678,,-6.511767784196536,,,,
2024-06-13 21:10:00,1.2156403822003767,3.880245967553492,1.3225579007325905,-1.8981282595143512,-0.4458172789020409,-1.0588480950337953,-39.54968708262254,-25.062725649931508,0.82856891962183,-0.7219316604007417,-2.3605098044306487,-10.232179933238967,-1.1923872241529807,-0.22817523266053286,-1.2685068704938658,-0.9418898490147285,-0.8680894596184316,0.9775507980289717,-1.4827805494492168,-8.069239215265952,,2.729247788731527,,0.11414248136770766,-0.41161601368867196,,1.3100355004507946,1.5916769937039135,3.156318977085448,-0.31709859361080817,-0.4257326115784963,0.1398424973708643,-6.396457038654717,-0.6910798125772999,-0.5676772964529846,,-6.391774951602429,,,,
2024-06-13 21:11:00,2.3500740589568068,4.26392622462572,1.3462772680118178,-1.6516594096244717,-0.4816051703660378,-0.9104972638357367,-39.70046034112079,-26.01848688401674,1.1307063344686412,-0.5632885760192039,-3.2871202062638076,-10.791040770210657,-1.2048024425773747,0.012996175350281192,-1.0839508766919153,-0.7714488215268602,-0.8075739794901438,0.9387558688204081,-1.2747003314723315,-7.736586251442986,,3.0567253987317144,,0.39547697350417366,-0.034000507609107444,,1.573461602036332,1.7891720471911867,3.089160706277653,-0.16149705637690204,-0.2194823191211981,0.34179382275397074,-5.3881043129149475,-0.7207907407912444,-0.3417308034299822,,-6.03791685490944,,,,
2024-06-13 21:12:00,3.1541469550438705,4.782961717572107,1.7495836777020486,-1.2281994687771203,-0.05093038720860932,-0.47678629643678505,-38.93620748622311,-26.075389846111193,1.4555066011612325,0.025059330518161005,-4.295560633932837,-10.443215729143049,-0.9751924420206706,0.5386885814577909,-0.6554500807205841,-0.36165195828721153,-0.4260534307056787,1.2731876226938823,-1.0778427799507426,-7.57338758695596,,3.3859466392150352,,0.6350242386833997,0.179421280569386,,1.7710303053418102,2.0140661742971133,3.2493047517814375,0.04370555471496118,-0.09292491016594795,0.5007327783309847,-5.211194021214396,-0.08350813839524562,-0.06727661915965655,,-5.4693564366649525,,,,
2024-06-13 21:13:00,3.292828095654727,5.0093205984790075,2.066265458032376,-0.9935408075546093,-0.12819485382647144,-0.44967938016463904,-36.99583329958023,-24.296519193963604,1.741477892547664,0.17588208269239658,-3.208924554648547,-9.082797765543091,-1.062070302773236,0.5173869038740122,-0.7674081515840498,-0.4160546344570548,-0.4260534307056787,1.234389574164254,-1.1163698141822351,-7.868514279160536,,3.364185015625708,,0.4346856477586698,-0.06843215844583028,,1.6378321405609313,1.8719774724713716,3.4120295275565695,0.12065641001936456,-0.13841875310936302,0.4269536272681762,-5.211194021214396,-0.09093952551052098,0.018200233708057567,,-5.229276876755193,,,,
2024-06-13 21:14:00,3.631986449369492,5.383207307768316,2.4923361554892836,-1.2478647261311835,-0.22693782917372118,-0.7302804642198453,-35.193048797613756,-22.218957632431284,1.7132051205533116,0.0699147564280338,-0.5955771956612352,-8.039683777805294,-1.3009847780240307,0.3401246242920024,-0.8121914032290078,-0.5429810936220747,-0.5488411246585656,0.975446784350396,-1.1163698141822351,-8.1624721014623,,3.311525629878588,,0.5105256390352224,-0.07640234855489325,,1.506120495740106,1.8719774724713716,3.321623349666879,-0.024131314258283965,-0.1213221071470798,0.20560477728349724,-5.211194021214396,-0.3982981077558634,-0.2317639816060364,,-5.084014064068697,,,,
2024-06-13 21:15:00,3.9216915588411894,5.470285602910735,3.0422620485446714,-1.0512123155531299,-0.2856056096275097,-0.5947475471803045,-33.53493901465913,-21.399495949945276,2.2317943684799957,0.5328137216865798,2.238946991434659,-9.955904122578886,-1.063109389314377,0.6809543591714373,-0.5743712936416614,-0.2963934696006163,-0.47693522639394814,1.387478087396147,-1.0869470574502884,-8.323926984567152,,3.7292226597892295,,0.768402334565053,0.1407250090519483,,1.7710303053418102,1.9911298567794802,3.4662560357128314,0.05281906969503325,-0.04880730911418141,0.47289392945231157,-5.211194021214396,-0.09093952551052098,-0.06727661915965655,,-4.938670670552028,,,,
2024-06-13 21:16:00,3.8920615707313573,5.3482465722149755,2.656211573430028,-0.8060609627993927,-0.30420078710517373,-0.5134278240489039,-33.23576632841059,-22.111284225067493,2.505711079564435,0.7889816208632965,3.435492582388406,-11.830160220214111,-0.8241993019580605,0.6025935816237507,-0.45700014799763267,-0.24925658684287555,-0.45895962966767456,1.5631404371105475,-1.0757332080288506,-8.794384753291524,,3.803287234003392,,0.6464707393643039,-0.03087390120845157,,1.5924425260941462,1.8675064997710251,3.3706944235823357,0.03628229206742617,-0.09430129699239842,0.2983419692759526,-5.211194021214396,-0.323180245787853,-0.018302122369050267,,-4.768066591861157,,,,
2024-06-13 21:17:00,4.732125831591588,5.208966136596246,2.7165584352396763,-0.6277458042131911,-0.0023101896097159624,-0.2646999030430379,-33.35586686439433,-23.027158867911567,2.588587807531667,1.164197788502861,2.971632519106379,-13.677946675033127,-0.5749539823104897,1.1290651859835634,-0.2917730031792871,-0.09694809614518363,-0.10858297546212725,1.9018367023732594,-0.8403541416832923,-9.499169792537487,,3.6835565495894116,,0.8024556770010349,0.16718966113830902,,1.725639719033552,2.078402819484836,3.5359934313382837,0.21583172031887443,0.22140193151471976,0.44168565493464484,-4.724688627478827,0.11901049733432956,0.19515957990961397,,-4.389078646320854,,,,
2024-06-13 21:18:00,5.225397851316529,4.667838825992021,1.5842984354803775,-0.8400894567957948,-0.3328366710022692,-0.5086605195079983,-33.004701746357796,-22.517241825990823,1.598256381490728,0.6341751788615966,2.0586802331436047,-14.36232113369988,-0.7466165607818311,0.5691146326566923,-0.6330584765339609,-0.1984870835002539,-0.3787078972796962,1.2723057929279378,-1.025993212195317,-10.458789371689818,,2.7313033592704414,,0.05763053002692686,-0.5727321073845815,,1.4387800311847059,1.817163472167067,3.2570433860360026,0.08015750403819766,-0.004691846192599769,-0.0900235008771233,-4.23818016668838,-0.24063381661312633,-0.030317409073632007,,-4.389078646320854,,,,
2024-06-13 21:19:00,5.0447163432552315,4.402377418456581,1.2393186011172475,-0.9227260184957231,-0.5088322753172179,-0.5596029169938674,-32.43214461531147,-21.569253406503776,1.4548354166790887,0.1783195785510543,2.0066973438554214,-13.43610164760912,-1.001076648173921,0.41772621266295573,-0.5472990341938839,-0.3979729960298073,-0.516421620221081,0.9005446201289828,-1.0442028100424068,-9.776002570277342,,2.7805892567166666,,0.22744938722689767,-0.20189224710429698,,1.7137352127506347,1.9368868402211774,3.2880242156334134,0.03223081499527325,-0.0330928699991091,0.10863457925370312,-4.985671452997394,-0.3454707520750162,-0.0728265406180526,,-4.4900737433821405,,,,
2024-06-13 21:20:00,5.519535236838578,4.785605650598427,1.9490688832120213,-0.2842713754550914,-0.17831496221810994,-0.19768792786999256,-31.879818761277647,-21.468599272384154,2.2595965469320163,0.9450630605049355,2.325339917176734,-13.858061707857814,-0.5005121921842601,1.099372370111496,-0.15818380948394406,-0.12602027509706204,-0.11036158978674848,1.5547027451167992,-0.7906156114368059,-8.833599575389144,,3.526302285637712,,0.9495758106231733,0.35471429269136934,,1.9392013977462739,2.0834457683436085,3.579908301604519,0.3714125377559867,0.23849318339352976,0.7292403613168972,-4.879486130933856,-0.06068072605512498,0.14663899464949282,,-4.123698775991784,,,,
2024-06-13 21:21:00,5.343702148177044,3.9099658640298003,1.2743802909430997,-0.508422255409414,-0.6161267720710839,-0.4368759487833813,-33.00405050076688,-24.778313158283254,1.5383602724223238,0.5607607051651939,0.8226787679068366,-17.083979820936747,-0.8024802291611195,0.502932286508667,-0.46007557985922176,-0.3109239777105586,-0.3379488537242423,0.6882230499863908,-0.9853590769134826,-9.452018490237606,,2.79369550860838,,0.029689514369238168,-0.5905983918646598,,1.3011316992415232,1.7164783898351743,3.027164710154466,0.012321383636844985,-0.05018597900516397,-0.03091235503916323,-5.05639718321072,-0.33804058331270426,-0.09731309374410557,,-4.117426788329112,,,,
2024-06-13 21:22:00,5.2172982239379735,3.034979345299689,0.26559528674715693,-1.2675299871063999,-0.7477668898229695,-0.4735176462139634,-35.40465751255579,-28.51241967086844,0.6298731498532106,-0.07397390605592591,-2.131278039810468,-20.83867887524002,-1.3144334690859978,-0.01590511515723847,-0.6870522326717037,-0.5466442567091008,-0.560720089089159,0.2725566962766095,-1.0350980111186345,-10.050164254358151,,2.140321366189255,,-0.37014261971171436,-0.7923358575344537,,1.3171392970107263,1.6801284714065332,2.8747680079441125,-0.04471480885558776,-0.114153135741617,-0.27878840920539005,-4.724688627478827,-0.33061041455016493,-0.0668190714834509,,-4.306948803093292,,,,
2024-06-13 21:23:00,4.928689930847099,1.7591747304454657,-0.5059846313506569,-1.3960126614540513,-0.9165954573381896,-0.7317703814924243,-37.19602569669178,-30.818775429326024,0.31130225840570347,-0.05190897777424652,-4.677556455621698,-23.597490179553006,-1.5016279465455682,0.04039731766511068,-0.7657799637865992,-0.5829208049681256,-0.7277913198364558,0.653631938723862,-1.103046561951487,-10.492785833472226,,2.0209917661024974,,-0.4067438933329868,-0.6472075867613967,,1.3785276158519082,1.6667109871345929,3.083973898717886,-0.18038194581276912,-0.13262649385796976,-0.18137703413231065,-5.417478424316414,-0.6002632860815993,-0.261796100746551,,-4.439543391178859,,,,
2024-06-13 21:24:00,4.9980990436488355,1.166033917101231,-0.6210922043383107,-1.0132056706897856,-0.3686315258739796,-0.36183008149714624,-38.02477955169638,-31.501161305405503,0.3455207956289996,-0.039466534117991614,-6.114372958036483,-24.846307120242727,-1.296867590609736,0.3020948001430952,-0.2647244370377848,-0.20943732540524707,-0.40857957646289833,0.6452284476025909,-0.8767775087676455,-10.168884191436973,,2.0938089679500536,,-0.36062162183816326,-0.5131842580544799,,1.5072474757475902,1.8546608042770458,3.127885482245347,0.11828654824375917,-0.016001168680759292,-0.20033414731460653,-5.385067065887142,-0.2929175626154574,-0.0728265406180526,,-4.129969715760694,,,,
2024-06-13 21:25:00,4.482726100215245,0.7645964460980395,-1.047414339785064,-1.2111754853244747,-0.36574909731393745,-0.5691371774067875,-39.40531843148642,-32.05111251053722,-0.38676535841818804,-0.6941527798521747,-6.907424363368591,-24.814619992631833,-1.7405240640441662,-0.06685792055282036,-0.6592473905886891,-0.27105444202061335,-0.5050283082144915,-0.05608835166387394,-0.9853590769134826,-10.4187377175258,,1.555154433078087,,-0.9773040510663122,-1.115247601802821,,1.1326183417195352,1.6208419877530105,2.988413992340611,-0.028177686968319904,-0.13262649385796976,-0.6071137193102913,-5.262669619226472,-0.16551967991063066,-0.0728265406180526,,-3.9721095409893223,,,,
2024-06-13 21:26:00,3.713088140354671,0.3746988158527529,-0.9748979828382289,-1.7054169007321889,-0.7549232495180149,-0.6010096616490728,-40.33929302745082,-31.462914740573524,-0.48400926592694304,-1.1915272720061694,-6.709913216059931,-23.82959771372134,-2.177958084660304,-0.3878563582086372,-0.9001160943505511,-0.40886930735257465,-0.7703213629652055,-0.27462357583931407,-0.994464223452951,-10.310471589176359,,1.5190162716137365,,-0.8135852470741156,-0.9240402580080627,,1.2189278625519364,1.7769092006979008,3.045219372653264,0.008265910046247882,-0.12408009758701155,-0.44776819938670087,-4.599199794098695,-0.4728676840825301,-0.1398213606059926,,-4.1110958290474855,,,,
2024-06-13 21:27:00,3.432689515365155,0.8539871639422927,-0.6735539351061561,-1.7762105941844766,-0.8236131705555181,-0.669520198102191,-40.493200011918134,-29.151844753007936,-0.30984932630053663,-1.0563464162469245,-5.254520383080262,-21.63432597661631,-1.9194184130512895,-0.04706598637881143,-0.8167014482787636,-0.4922820503629737,-0.8277729325019436,0.39779864363111983,-0.9538318450304359,-9.844621926859418,,2.059899195525986,,-0.2326753866063882,-0.3712320711006214,,1.5451823909179438,1.9055631443598031,3.2621475005098546,0.11253728214978764,0.03665291276456628,0.0175891201788545,-4.734711900189723,-0.34520026821519423,-0.3043022930085044,,-4.306885108957317,,,,
2024-06-13 21:28:00,2.990765064720563,1.7565012014088097,-0.20284199317529783,-1.5022420246166348,-0.6133206779979901,-0.6296113968808186,-39.30712799834782,-25.5567006390786,0.1374167808846778,-0.6941527798521747,-3.7533446389645633,-18.59081223233852,-1.4209889783498966,0.2861130260291702,-0.6097959040316709,-0.5829548293838798,-0.657663254485783,0.6546035016805547,-0.745782000691861,-9.372524478272226,,2.3891309267542056,,0.008556525132007664,-0.15784211255549963,,1.8260313573423446,1.9380000483829463,3.5462196679627596,0.2424490668740873,0.1973771223983931,0.2502660375657797,-5.488211496866825,-0.4423325634943467,-0.40132439887452165,,-4.357280765615542,,,,
2024-06-13 21:29:00,3.130853488643197,2.4897216644644686,0.17706649061619828,-1.2584409446656082,0.07479844977774519,-0.42231369696685306,-38.65633402302592,-23.95281963551747,0.26786887562707307,-0.5504198349360649,-2.7752468310136464,-15.484049788038192,-1.3785994733543703,0.4131361921599819,-0.10336726378932326,-0.34003176694409376,-0.17976501078749152,0.8888580571098146,-0.4109510146101911,-8.882857587433136,,2.691356933443558,,0.35164291214141485,0.2657477746620316,,2.2195965494438497,2.295969531873652,3.881904447746365,0.7131950327611776,0.4035883381598069,0.688618273225984,-4.9309354196334425,-0.12730337840844186,0.007542568874441713,,-3.801426687057301,,,,
2024-06-13 21:30:00,3.667609277168708,2.833908992412489,0.47534907027193185,-1.0119960495660507,0.008972330315373256,-0.09706655048319135,-39.07151784347843,-24.610976747426548,0.5765644610851268,-0.3170220946205973,-2.381024637619703,-15.05968720887904,-1.0001553190115828,0.8109648198801551,0.013971304359756687,-0.03908739288601737,-0.01447981004207577,1.512514285147887,-0.38153064886137145,-8.532036433216035,,3.1290235240194306,,0.7714297880593222,0.6771792792283122,,2.4595201198430914,2.5437456627241772,3.695963168880553,0.7222980993378769,0.6282720223821343,1.103404794605467,-4.4443893475909135,-0.044766116870960104,0.15399201658897255,,-3.340366408595287,,,,
2024-06-13 21:31:00,3.334186883626444,2.957853215481464,0.4424957411988544,-0.8533641883202563,-0.4101971664360917,-0.3234360411031503,-40.85164899614165,-26.41528683313959,0.2614133339329783,-0.3131117263583292,-2.896179492289093,-16.17668364875317,-1.1738732042499578,0.6261194761741535,-0.05319061760178556,-0.16236049878705217,-0.20431796784737344,1.235265122139225,-0.5083205889241071,-8.581395876513852,,2.986177856767654,,0.5118856127733125,0.31129287699423003,,2.1757010940436885,2.4290834270063897,3.6546178190819774,0.6197125138637603,0.3666327024579914,0.8863156609186262,-4.4443893475909135,-0.037333685454314036,-0.022949172540620566,,-3.397218712120207,,,,
2024-06-13 21:32:00,2.2458411629243074,2.861794875168016,-0.040398525301043264,-1.1797911612979988,-0.6634249446444755,-0.6725139997282668,-43.13093327382626,-29.496058099824495,-0.03914255892050278,-0.6596433324305053,-4.698325378891013,-17.847324768271392,-1.219395869505206,-0.04934441422847158,-0.4175577560799866,-0.4706150715149988,-0.5564154781897059,0.6786804746639348,-0.8389497507780561,-8.86590613329281,,2.5123746320937244,,0.014546425287335296,-0.20655920626313673,,1.7746573306808386,1.9569935851245646,3.2413991947573777,0.2548969907356877,0.15763568556121754,0.5027048469005422,-4.4443893475909135,-0.5317614252430758,-0.44937160827112166,,-3.592944924318317,,,,
2024-06-13 21:33:00,1.5540407947988797,2.765245212854552,-0.3043685094562534,-1.0369782325526558,-0.544719019544118,-0.6326104375724526,-45.80426502135606,-32.6293205429356,-0.15333941951462293,-0.6738841542355658,-6.4058293201067045,-19.561494508153828,-1.2566843893609985,-0.30035186332270314,-0.41292687620034485,-0.41627016150812324,-0.595906051725251,0.5151418457046475,-0.7394863599831751,-8.582608202592837,,2.565054082484494,,0.021371060358887917,-0.11816747845841746,,1.764173657295487,1.865796037927339,3.161290771441145,0.1978372160060644,0.12068176513639628,0.5961996321334482,-4.599199794098695,-1.0038770836406457,-0.6443268590060143,,-3.5928410024089317,,,,
2024-06-13 21:34:00,1.1958397629376805,3.136429043709086,-0.0016711911775928456,-0.6779334722973545,-0.17707063408488466,-0.3568193762982901,-47.70303753189478,-34.71587100840452,0.2412684699440888,-0.370851908977329,-7.515903830169918,-21.181554037530077,-1.1833206871517632,0.02515663129861423,0.0007840669588858873,-0.31475347384696306,-0.34381189398982315,1.0668604264325268,-0.5741738999649897,-8.082380619601281,,2.804067756334689,,0.2275948967999284,0.08825800289423569,,1.8898464696662813,2.0218323910148683,3.300738332173296,0.326060948050781,0.2372879775025467,0.7052445143822297,-4.373679757170066,-0.38181694397553656,-0.30893062501627355,,-3.1002362877188716,,,,
2024-06-13 21:35:00,0.5594267773852835,3.631607628861275,0.03782123646169566,-0.7697518122802194,-0.15848281011903964,-0.36635747206833,-48.97365522414407,-35.594310316503424,0.23642919608732882,-0.3207732970745383,-7.938658548165904,-22.1984498421225,-1.2277963891015133,-0.14597692337156332,-0.030094475373971363,-0.438016884839044,-0.37494645046240294,0.854609281221542,-0.5405681465601901,-7.877956255189019,,2.8928497014455843,,0.19092927429846895,0.004592893707922485,,1.8444549509340504,2.0632112567982404,3.171572660189213,0.404656085976967,0.3624297980054507,0.7287691453620937,-4.23818016668838,-0.48637678166073783,-0.3634475679161824,,-2.9739341007666553,,,,
2024-06-13 21:36:00,0.13081364863364797,3.9970410551663917,0.7674124961472444,-0.7724339946657892,-0.06554896123429899,-0.4715061537818883,-49.14727011770742,-35.51838661081274,0.6106528127238562,0.015294563035922693,-7.7469593665257435,-22.38251969885914,-1.0127982350684306,0.10956021391984905,0.1319821993658934,-0.4090549944035047,-0.39469643939855814,1.3455312074937353,-0.5882038552076665,-7.3828131438131095,,3.1967343729397726,,0.4721409630265043,0.3820345062817978,,2.1047866479734694,2.210271426525196,3.2980480961005014,0.5692759401913463,0.38804032163216107,0.9769654332103528,-4.23818016668838,-0.7034504444068261,-0.35698480312544234,,-3.030740832704737,,,,
2024-06-13 21:37:00,-0.001406725721381008,4.6552562923875485,1.3411064102951968,-0.41212844149686134,-0.05412569831833025,-0.28656789861474863,-48.99532098464806,-35.150266655298765,1.023663501259307,0.29150329401363706,-7.4144455645823655,-22.317749126475064,-0.6882045342483707,0.5065347992531315,0.32493367190772915,-0.18791908909975064,-0.21146172264093366,1.9034434118673005,-0.4796407387216277,-6.827721348717205,,3.683378017973155,,0.736681015107024,0.5767799629397814,,2.3431629618680745,2.2975056746740847,3.579490326737414,0.706590926798981,0.4506074303317291,1.2524687326704225,-4.23818016668838,-0.3361753003148351,-0.155576777548049,,-2.7654617272509086,,,,
2024-06-13 21:38:00,-0.564994142760952,5.35198933002539,1.3266818947404317,-0.39652532161971976,-0.30733885302402086,-0.08407370519705637,-49.04746119259107,-35.42887585290191,1.0388971533513995,0.3609202692539384,-7.281929568864598,-22.417714682336737,-0.9280759841999497,0.38402555993752685,0.3272095501838521,-0.3003318750155586,-0.31144901912114165,1.7236229176585027,-0.41871650168309316,-6.2852484892137,,3.734164929385315,,0.7625728318366782,0.619053302750217,,2.2713026306073516,2.302485235521999,3.468423627755328,0.6916943994315261,0.412237270046262,1.2565721139117159,-4.199868488335596,-0.5232635853799366,-0.32003498158019283,,-2.5886193156001127,,,,
2024-06-13 21:39:00,-1.0514083910087493,5.823217096698954,1.928816596030174,-0.07831562947603743,0.02447009206389339,-0.17968682484183773,-48.70022308311104,-35.53475653882697,1.3067504739656215,0.7467515890680261,-7.674083847906786,-22.75165488663015,-0.735882409838041,0.42502199191721957,0.5085322282097877,-0.26411312511879714,-0.23959073962464572,2.018413415145801,-0.3872122921718528,-5.574173748782869,,4.007346272965833,,0.9886703747702086,0.886253364834829,,2.4846952503162356,2.3852234983150993,3.6362250178567592,0.7098872331362145,0.636886560896528,1.6406739126650791,-4.009865465372968,-0.35077753885866514,-0.3320492229786396,,-2.342333233553404,,,,
2024-06-13 21:40:00,-1.6606623257158617,6.090363480115229,1.6005738225258028,0.01859427193562624,-0.04851200666735167,-0.18922805862871428,-48.91895480642347,-36.6414779306599,1.1396726548148308,0.6951981237036762,-8.6362208997773,-24.028790390666927,-0.889971480362874,0.5093898519903632,0.4915326625095986,-0.16987569646232714,-0.20366370669080425,2.0691857882294755,-0.27865577563534316,-5.05157833922658,,4.011063159480273,,0.9335946274013622,0.7570050153572083,,2.459730534337723,2.399171879946607,3.3418150619581866,0.7537204344243946,0.6624827386849574,1.6253640220970738,-3.993668225284182,-0.6203869962860153,-0.344063464376859,,-2.26653645941758,,,,
2024-06-13 21:41:00,-2.1158332483644244,6.076231992084558,1.8486267161038086,-0.0037884382313677634,0.03588967984023839,-0.0266307710583078,-49.19425410678309,-37.24415051848723,1.157278555165476,0.9295867090017964,-9.162068507515414,-25.225537181252093,-0.6842796139130769,0.5937512994084955,0.6705799579312952,-0.35114379092976833,-0.038411365681099596,2.060722969103381,-0.28776665782220334,-4.7159069495296535,,4.134070272169765,,0.9761276253962023,0.837352266529706,,2.4801609933424515,2.417609431965957,3.623236993710634,0.9423063952194752,0.8430487393698058,1.7031231195942382,-3.6488968222333824,-0.4030577843523133,-0.2586078564597756,,-2.013966070503784,,,,
2024-06-13 21:42:00,-2.5167855194036974,6.141718843583931,2.0483055486215562,-0.03395114576801461,0.12029238180980428,-0.18922805862871428,-49.052519780957255,-37.06753404740334,1.4752931369528142,1.0769604810570854,-9.193159782793373,-25.643326275378513,-0.6625718123068509,0.8066600404213204,0.5224135428525187,-0.2931236942805526,0.12205290243934996,2.2193730321253327,-0.19040579733496088,-4.409457277061847,,4.320300064042158,,1.277267087140899,1.1268938767402688,,2.7888629626163493,2.8393050987815514,3.873734646705998,1.120160474567001,0.8615320460721705,1.8000271996215815,-3.333428385049956,-0.11832195965735082,-0.09415301060289494,,-1.9508310388060863,,,,
2024-06-13 21:43:00,-2.679245631921276,6.517050649498287,2.5951799839258456,-0.012932978686421848,0.14894845954245284,0.014784280660023796,-48.06546214800392,-36.2323358477413,2.002077059655903,1.2431584766293327,-8.685149121297172,-25.16932731640736,-0.31310015227791155,1.204361629703726,0.39124200875403403,-0.15897153634386996,0.2334234839719329,2.773608246785159,0.10168278749961246,-4.005308627637078,,4.765048415931005,,1.5567309785246835,1.3095853794407049,,3.012829518788749,3.05914499520577,4.168155694750112,1.2889265449707636,0.9525275254059125,2.175930294329646,-3.0017628329865147,0.06134267156835449,0.14330117353347305,,-1.950845209891554,,,,
2024-06-13 21:44:00,-2.8568955588064,7.197499537226122,2.9586272714109327,0.3225510684794699,0.43933222264308824,0.15982997968581003,-46.737602595060025,-34.584444006196236,2.765392799971778,1.9213955839591108,-7.814662324023857,-24.390009913265658,0.05917637867923986,1.5824294404992543,0.6212958128869559,0.07305668361993867,0.5232314133448881,3.18544707430479,0.2578822233022038,-3.569571969876506,,5.262213422617151,,2.053142664839015,1.8274281180856633,,3.440355194847598,3.5037865003482693,4.581339112416117,1.5859145815725242,1.278127417997439,2.5090422542070883,-3.1431301945649466,0.6008606502487055,0.3382541440175828,,-1.7929884063929649,,,,
2024-06-13 21:45:00,-3.5535449732150255,7.669917404045918,3.6068069070552156,0.4537301677905816,0.49374388647856904,0.2012490275287746,-45.39326542531717,-33.396040755035756,3.4156176089425117,2.490003421536585,-6.8626333197116764,-23.225445341003706,0.3994556289887896,2.3088737364912504,0.5634915924711095,0.26888353580011426,0.6543829875826077,3.475360186401815,0.3825914809644928,-3.4482027417184327,,5.585843996132098,,2.306854847834529,2.1659603277735187,,3.714294984411481,3.645412250605659,4.8887945841811415,1.718323095492451,1.389039608038729,2.7179958278047707,-3.1237862901152766,0.9079368892132607,0.6732056657917838,,-1.7487932085995226,,,,
2024-06-13 21:46:00,-4.169193335803584,7.82717506978679,3.853817467818317,0.3883580189094573,0.6397363884498191,0.40050361933072054,-44.254224543660484,-32.45947555873272,3.7135061651931665,2.5537950052407723,-5.644500329918401,-21.80692080036124,0.4048463549245298,2.396552436687898,0.5643273736591254,0.1021470019991284,0.6741554423680327,3.7793827228328496,0.3419835670458724,-3.5198488841606377,,5.650941033274421,,2.3211154553059714,2.0359149746645926,,3.635598366654449,3.6175308794668126,4.97152763246595,1.6984962185110817,1.4629810680662558,2.7022220924400244,-3.2754196872278953,0.8777128482190619,0.6667653065626382,,-1.685647805915437,,,,
2024-06-13 21:47:00,-4.800010933748695,7.635518683520331,3.731196447122329,0.06743764616430781,0.330748679573162,0.11193407303358072,-43.21642309432491,-31.178893190608278,3.668273883413349,2.5195219335319052,-4.810530314164453,-20.216467559294415,0.3966785707782492,2.155483604930623,0.2818100259237326,-0.0174744009054848,0.5400303883092192,3.5699977818321145,0.2040050500831967,-3.8279211266467428,,5.430349316763795,,2.197666700344598,1.6506156371506222,,3.3752677256038623,3.4844386495128674,4.829523913505,1.5355262533544192,1.327898130995436,2.50430561529447,-3.4653622730807,0.7651952313162838,0.5508151449048455,,-1.8814218735723216,,,,
2024-06-13 21:48:00,-5.076940302589946,7.561497216761381,3.5896635748304107,0.05692943045642096,0.3750815993978449,0.1071618871329747,-42.114177046085615,-30.306061410150278,3.583180073098447,2.444155439290853,-4.345885628156793,-19.255469725897,0.16815415182304605,1.9493556649042603,0.2563211114677415,-0.04648844553196341,0.5759523865278879,3.5171159742921816,0.07721849692052274,-3.7798725233092227,,5.312820199363841,,2.0574932440513294,1.6812744402773205,,3.3533213868081475,3.2964986265337757,4.713318669811088,1.4329430361708546,1.1657983138402415,2.3492225792979298,-3.4653622730807,0.30792641386528885,0.42885258474484544,,-2.020352919375796,,,,
2024-06-13 21:49:00,-5.465255250974565,7.566092297234263,3.524502143173777,0.06471692381205685,0.3493327832140949,0.035400846620973425,-40.87102933633787,-29.85645647909655,3.539322013969013,2.5687787387323624,-3.9690476136070174,-18.46394640816652,0.05851896641070198,2.1197166225431374,0.32347711477950725,0.08404078831733841,0.5154792633074976,3.44376733567114,0.08633094336914837,-3.7137038433024827,,5.311016639753234,,2.0583211699599815,1.5822536282371402,,3.198188157074128,3.1359816612352915,4.362138930338006,1.3816513825145194,1.1217142128411979,2.422936887502601,-3.4653622730807,0.4727414776132264,0.28841947723776684,,-2.045613642650892,,,,
2024-06-13 21:50:00,-6.564560728541892,7.71163836485448,3.5612727830816766,0.1538504183765781,0.22058865387361948,0.06727449021764187,-39.977442168910784,-29.630167120042415,3.34252861333448,2.591476792125377,-3.466444782013923,-17.877913245031323,-0.06143538669334703,1.8641750556332681,0.2254396394507694,0.015175583071936671,0.3256583673834257,3.3196616345787504,-0.071957550434945,-3.7925080705035725,,5.22964866186021,,1.8972945981063276,1.3572813082228095,,2.956779076692328,2.970974985866178,4.33889754793563,1.2443233466287893,0.9510765313648335,2.2096991807688937,-3.4653622730807,0.2628175044387717,0.22743744901731588,,-2.058249433685546,,,,
2024-06-13 21:51:00,-7.4179230435154295,7.706430600013391,3.18400400188375,-0.2680819851977958,-0.13989533754966033,-0.09533742786550192,-39.369530867054664,-29.23533589419435,3.03664744008438,2.229638653668644,-3.4946945186900393,-16.754555589148367,-0.31166287111932434,1.5089848700145012,0.16677972707748268,-0.24224982296163944,0.08014499387127216,3.1038616631692832,-0.08106895404284842,-3.9429687153919986,,4.855353482486862,,1.5560382944877347,1.1666960620596,,2.71085279636236,2.6958029369016003,4.380254168009742,1.048254901495966,0.8600791416861284,1.9615127286579082,-3.4653622730807,0.04546021244891563,0.01400024932490851,,-2.197192282912397,,,,
2024-06-13 21:52:00,-7.7177083046827875,7.988367198791821,3.628174542792749,-0.12133709641034329,-0.018313434958372454,-0.07300640143148485,-38.61269858560604,-28.940875559721917,3.1137245350139438,2.2934222116236924,-3.4259000934182495,-15.767301762349689,-0.593925380377641,1.458756377339114,0.12740350203375783,-0.16974723307851036,0.23882901803972345,3.012172295028023,-0.042538640905831926,-4.032757120961378,,4.880655604576532,,1.6953823629642102,1.2275969410861762,,2.7547445694672206,2.622522858760476,4.33889754793563,1.1599377063926113,0.8600791416861284,1.9691576982863808,-3.4653622730807,0.038027084831583124,-0.016490792016611522,,-2.241395971843076,,,,
2024-06-13 21:53:00,-7.617730624091564,8.180011626075611,3.3749183145378083,0.02676479193723935,0.18051212762406976,-0.04590458602922354,-38.10968934461653,-29.075740300860843,3.198810259591937,2.394891162203521,-3.171851041419359,-15.209273005771138,-0.5835994154633681,1.6504087946275376,0.14129289944435186,-0.07186707405980997,0.28612913163556186,3.193425014394734,0.03660596065697064,-4.044566160237082,,5.070505246600305,,1.7955086909701095,1.3800664352866079,,2.9303112922589207,2.7142464775674853,4.111612292183054,1.194682030626609,0.8600791416861284,2.0079295400300907,-3.4815526239990504,0.030593957214250622,0.19093687035524454,,-2.077192432836682,,,,
2024-06-13 21:54:00,-7.217961587074342,8.292402464537645,3.1426685563801584,-0.0820245507989057,0.14043629448519823,0.11193407303358072,-37.92037583471961,-29.135103669892032,3.028640839136642,2.28183801572618,-3.274070277487226,-14.81342628593302,-0.5433622868199564,1.664060949073928,0.29488043999845104,0.00426880669010643,0.2927173375935581,2.9324501172781083,0.18369949832163002,-3.94214514833493,,5.06870712205432,,1.7170705984749475,1.2545365816249614,,2.8160602573202596,2.7282009015866606,4.114176286936981,1.2128781867249927,0.8771494794896171,1.9964604971332847,-3.4653622730807,0.1805371976670358,0.17891775086422967,,-1.9382535340250797,,,,
2024-06-13 21:55:00,-7.133407333186369,8.32553290614078,2.95491788407935,0.014896567624418822,-0.05412569831833025,-0.006015427695729159,-38.07723821100171,-29.429552926842007,2.7055350828147766,2.029638295894756,-3.4729630849194564,-15.091348022451712,-0.5889120022093266,1.4571309015454972,0.26938943872119125,0.09851071220168706,0.25020428471054856,2.887282574737526,-0.0789849505647453,-3.961090554367729,,4.889714293423367,,1.5994159777856112,1.1252831183146554,,2.723756039136333,2.765083345115727,4.003100240256117,1.1119465039564602,0.8672021860174937,1.965603475977332,-3.4653622730807,-0.17906639333659768,-0.016042322877183324,,-1.9950820340436621,,,,
2024-06-13 21:56:00,-6.887520490607244,8.279400139380868,2.99168388607859,0.05284677939107496,-0.134269759737208,-0.13350375768652611,-38.10916159366593,-29.61850158895504,2.68832634271439,1.8566783527944608,-3.1478690449018814,-15.366863261918297,-0.5807199804221455,1.1931583515017792,0.24079015208280907,0.08032926321470768,0.11906592790523973,2.654515945857753,-0.029260461084732015,-3.962749177230762,,4.978339965223313,,1.5635202712783212,1.1600855067617886,,2.7381548270868734,2.632474854107386,3.9487593692529117,0.9870202264469299,0.8657877917030419,1.8689412043249831,-3.362295118939983,-0.41870584410003175,-0.1620342933899792,,-1.938234268970973,,,,
2024-06-13 21:57:00,-6.580115305192294,8.267037410874764,2.7419400273561223,-0.0010600499510928785,0.0902905956363611,0.014784280660023796,-37.746506337758774,-29.73562941898922,2.720350329553412,1.8610144356018736,-2.7353551612943647,-15.35712754130327,-0.5291155373831771,1.255405963384419,0.4136236479434956,0.044043519138426745,0.19091356585659014,2.806800383452753,0.002238769091945869,-3.6500677113490383,,5.00728978247048,,1.5693200195637473,1.183276552307234,,2.730600092297209,2.646423030354981,4.049401207417304,1.091238088931732,0.8643713036058216,1.8847482268447493,-3.2268496678539123,-0.49354151792636003,-0.32649564935354647,,-1.8308716540251453,,,,
2024-06-13 21:58:00,-6.149763375950215,8.209182697268261,3.070039984115283,0.03415285639380272,0.050216674199418776,-0.04418733621002957,-37.295535342299445,-29.118812466157806,2.7669669454328414,1.8126833765275023,-1.8192733215503267,-15.414046643817983,-0.47751987279593777,1.3252842588908607,0.4861509534837296,-0.03572270671043043,0.20228656569929626,2.816643513084074,-0.045402928860312386,-3.452471126983255,,5.0615360508345475,,1.5534307993616494,1.1646165180609387,,2.7245500302237815,2.6329484940570183,3.8686125059357437,1.1350703539101232,0.8814356853799836,1.9625145602094562,-3.053103952343463,-0.6357789145033621,-0.31402786088119683,,-1.7550883490303022,,,,
2024-06-13 21:59:00,-5.723351014382274,8.25331184300012,3.5714894126867875,0.09951828017506159,0.0029801227785810624,0.022796295157036184,-36.26100869921447,-28.02002716877996,3.1179985796457004,2.0430522733256566,-0.27410167728726265,-14.797767703511454,-0.6316148816274563,1.3670421491112847,0.7068402265981604,0.10562758382661741,0.26275558562633705,3.0626910806052763,0.013431371778096945,-3.3391721756547668,,5.305599095346906,,1.8161773762521989,1.4239115340792523,,2.9174843119221805,2.6284562877640383,3.850496295136054,1.1623514870543659,0.862952721729016,2.168050298376329,-2.56661997853962,-0.40331849798894837,-0.32003498158019283,,-1.7361383203490277,,,,
2024-06-13 22:00:00,-5.600534876395841,8.190258116858331,3.4474277489907763,0.20692060187730021,-0.21015040286806652,-0.144570884858922,-35.15796969630446,-27.287627214029044,3.1938030239598447,2.3183383163939197,0.5466680375609485,-14.341040887462896,-0.5892717749691201,1.3236358132621717,0.5022939837492686,0.18175609552883998,0.2807152127277277,3.111312557588576,0.004318925329016565,-3.219562876031432,,5.312820764298294,,1.8186429433076228,1.4164387197952237,,2.9159682691415583,2.6423988534047567,4.087996937505068,1.213635836296362,0.8714842132117155,2.214692274415029,-2.585989385699577,-0.6506385558261627,-0.3380563436776356,,-1.6035370624551888,,,,
2024-06-13 22:01:00,-6.019503736063939,7.986263783812774,3.484102537862782,-0.07871969392272149,-0.32029531566104197,-0.38846379001631703,-34.670894402292106,-27.703127780299837,2.9984059513742523,2.156938512245688,0.62005728573331,-14.346775608526514,-0.8839167306839499,0.9889990967838003,0.43515329979072703,0.07297848160578724,0.05319431755356163,2.9378233709783785,-0.04332259411853556,-3.1606551680974917,,5.309194102794891,,1.6008879582627742,1.2565352668966625,,2.760862400741644,2.587556319201667,3.873734646705998,1.0175923444312502,0.8800153527745351,2.0132154653074394,-2.966233151855249,-0.6880543255813336,-0.5514719282384704,,-1.622478004878758,,,,
2024-06-13 22:02:00,-6.473089653967463,7.777108070321901,3.7069835094434893,-0.31863556031248663,-0.36036318930860034,-0.3661341401854088,-34.188077061073045,-28.426824001119712,2.9917690940062585,2.1535077570524663,0.5823814970281092,-15.29527062457828,-0.7764547706565281,1.002644106638627,0.4181540818931353,-0.13366324492881176,-0.04020970466547169,2.9843195582689646,-0.11126778634070433,-3.1742251850596404,,5.31640669052058,,1.5633145652368512,1.18816612047749,,2.737405701232092,2.5142800087101023,3.7136278062816928,0.9754023271557344,0.8259867944270809,1.962952616493567,-2.9500436620883193,-0.7331676384458206,-0.5819598816972302,,-1.7361280008509539,,,,
2024-06-13 22:03:00,-6.23874277152629,7.708885760803696,3.883656850756779,-0.13126684729081717,-0.4962504547163462,-0.47453033927274646,-34.34520279838944,-30.173245085313283,2.8734696480994444,2.0559003844703057,0.16722338285853766,-17.345577444561513,-0.8508228656974097,1.1874244577606987,0.2391148938211245,-0.485290075030548,-0.0156621887995243,3.027357075312125,-0.2401280555111498,-3.1687873211726583,,5.31640669052058,,1.5641359412397833,1.172849125884568,,2.62921391717191,2.5142800087101023,3.5741982842841935,0.9315715437323888,0.7904408212098133,1.827291091105053,-3.053103952343463,-0.8531128974054809,-0.5819598816972302,,-1.8182145133056338,,,,
2024-06-13 22:04:00,-5.789294853531828,7.652378324351503,3.9648209182219034,-0.14177627796448178,-0.36036318930860034,-0.6371247056446236,-34.602866554478624,-31.47191529146039,2.87082181561982,1.9052242357288378,-0.6625021453901354,-19.210247632345272,-0.9045557986801214,1.0307549375368126,0.1133325371704359,-0.412795648959559,-0.10726615312000831,3.061894777847101,-0.28776665782220334,-3.127122991421402,,5.267591730350432,,1.4840594742026951,1.0966356123549303,,2.5649030795270846,2.518773233473894,3.5328471285688465,0.8802870292797706,0.6098722063534296,1.7110094688055142,-2.9500436620883193,-0.5309588385384814,-0.575954154740657,,-1.7424448512624622,,,,
2024-06-13 22:05:00,-5.359100986419207,7.515935744837861,4.001422667384304,-0.06591214111995214,-0.16156248839843101,-0.4203322352126406,-34.289246709596455,-30.96965406747495,2.9758340793509888,2.105117473550763,-1.308174413946972,-19.831771032559573,-0.8518914649930593,1.3006900369939558,0.22211845834681299,-0.25690738945195335,0.04480567145128589,3.2226233853236295,-0.2380449116726595,-2.826443423183264,,5.394110402462047,,1.6858900030729274,1.2950091398975019,,2.8471116684427216,2.770977379080705,3.8814152321569964,1.0854249068661375,0.8259867944270809,1.9397380992254512,-2.670095856304215,-0.5084025516530346,-0.4904960309258968,,-1.5593332443909276,,,,
2024-06-13 22:06:00,-4.82524266428652,7.362611861218738,4.020507412304596,0.10956625265885123,-0.021418297596710545,-0.43940912408993427,-34.184609698827444,-31.06997530181411,3.4157860020925455,2.233509426682531,-2.0418818408829793,-20.02682110567821,-0.6793136604608208,1.4633487279345445,0.40115486399577094,-0.061171851601670824,0.08731229761667691,3.6033140558216985,-0.16801950684157418,-2.5439100748949386,,5.603776779879581,,1.8276564514644633,1.4627437279395963,,2.955299958345222,2.8856151706518176,3.886533871991105,1.2152710938016753,0.9240904812313602,2.1297014449619383,-1.3655252637390731,-0.4107497110537679,-0.3195830056683917,,-1.426736431605491,,,,
2024-06-13 22:07:00,-4.1991336296341615,7.564482963282899,3.9870737552732862,0.24711557350201474,0.03007137530289583,-0.141327383949033,-34.1160913531437,-30.922184127005266,3.4795743889858386,2.542526616001851,-2.7830886388787803,-19.828882067707127,-0.5376883133362753,1.5697914735010272,0.6835866986809833,0.040330075443421265,0.25914107325615987,3.5581312136793315,-0.0797716846871026,-2.2912791706962707,,5.813435708705811,,2.067875580232794,1.679804766788493,,3.132346101996518,2.97732519850706,3.9794836059018053,1.206178969440316,1.0321460128998297,2.2266001506723114,-1.2269208125230762,-0.3133597233952514,-0.28909542946280453,,-1.36990952758606,,,,
2024-06-13 22:08:00,-3.365693835127672,7.557910998710213,4.1207124198299425,0.29692911665028987,0.1731249326148827,-0.16842571266795403,-33.773952077084914,-30.391442031943598,3.7547121279317253,2.7081800321866467,-3.337991691397292,-19.209588521373462,-0.5593943331953142,1.7971499984596448,0.6388280517023759,0.09108102929712913,0.2902771066156902,3.3543727373994727,0.008476095187234023,-2.170850098711071,,5.862258664590627,,2.1070968368867398,1.7216520338656665,,3.265511839246301,3.146812395816596,4.0001627697411095,1.2574625851179917,1.1316725904944178,2.3893148352503886,-0.8952435633045752,-0.2234009839035025,-0.19763272006139232,,-1.0857800413774612,,,,
2024-06-13 22:09:00,-2.878073256999528,7.9168046149357,4.01087788396444,0.12784096701420822,0.3904987241130584,-0.08713073328851806,-32.634880521921104,-29.028006648175506,3.944768483014741,2.8476902967088336,-3.5227975611107922,-18.109596366535698,-0.20178556388327706,1.8252535085523505,0.7869805186328449,0.16720744798988108,0.35732888281415853,3.7294969777567246,-0.0797716846871026,-1.8330872732908574,,6.189402772023641,,2.3080937245595123,1.9693398476129005,,3.4849231137013703,3.2569528003123196,4.232538212058898,1.4113132519023566,1.2482566505723298,2.544354673212183,-0.8952435633045752,0.11388159912394258,-0.0756824856973708,,-1.0605241087946524,,,,
2024-06-13 22:10:00,-3.2700776786732604,8.191255719824312,4.459495861787218,0.3531208037302349,0.17737542668965034,0.04836085382373767,-30.992661137681353,-27.141162391779744,4.225144706105766,2.9910314719140842,-3.588119370240065,-16.77545964801493,-0.2451971221498752,2.087527131503748,0.9127514536032777,0.1925829176636853,0.4555166471029679,4.309660611123377,-0.020939826739777345,-1.3812841737944836,,6.433375703756155,,2.590777568057092,2.171428561297944,,3.6369878121390684,3.3715902899075445,4.467467458643114,1.4625967474121353,1.3747983222456241,2.8467470873265484,-0.8952435633045752,-0.013497394945716223,-0.0756824856973708,,-1.0478994655715042,,,,
2024-06-13 22:11:00,-3.7386871395372054,8.45466631676345,4.607400560601036,0.18403503734703008,0.04148816804558919,0.09778476394876634,-29.510718659264967,-25.343841032774662,4.4523959389284755,3.255017324447863,-3.343785103211303,-15.320262913188799,-0.07155099335068371,2.1224386880958264,1.016141438304885,0.3194602418514023,0.4555166471029679,4.303248061733399,-0.0006366988750414748,-1.206544007474804,,6.690004655752546,,2.7701266164708613,2.2095333798306456,,3.770156388691703,3.6053653685989957,4.578545653113451,1.5817155731710955,1.3747983222456241,2.920420784536873,-0.8407840629092789,-0.013497394945716223,-0.08169117435545559,,-1.0920979612284327,,,,
2024-06-13 22:12:00,-3.358263426767053,8.994729941553942,4.702795793088626,0.49703219799766885,0.28035395996062107,0.06591409533007209,-27.867474046303414,-24.009805111613787,4.97734171892489,3.6166352419963914,-2.079512211282463,-13.715959367599226,0.03589330415252334,2.4630438364208658,1.1419081535368605,0.3339205534324492,0.44233605550016364,4.65364827859068,-0.030052446995341597,-0.8443381954284632,,7.029785853690555,,3.011143719433676,2.5562252007171082,,3.9660993366633193,3.6741479207657903,4.51138761121274,1.70992489091077,1.4288261650776803,3.214955418509817,-0.7378043120697839,0.18897130878758617,-0.08169117435545559,,-1.0479050665989007,,,,
2024-06-13 22:13:00,-3.2122426301064024,9.185477792890651,5.006680509936814,0.5637226298815676,0.22886469978107016,0.03881613335431666,-26.59057057829,-23.041740684172282,5.208541027362571,3.9444093601312034,-0.9775535720571042,-12.777782700460648,0.1650382845493823,2.5975776292850696,1.0886456967580216,0.2614335979039879,0.583024186480884,4.4844032443149615,-0.048277687506697475,-0.536465765007506,,7.252078589471239,,3.231334309335125,2.670539694762283,,3.9660993366633193,3.7887852794347054,4.702391911119776,1.70992489091077,1.3747983222456241,3.253714020611369,-0.6892833790107034,0.009055166676489534,-0.08169117435545559,,-0.8648095192365872,,,,
2024-06-13 22:14:00,-2.9893870088297945,9.596401925912687,5.402740899070977,0.9251177930545964,0.4462326593400121,0.006945983218429319,-25.261716693033804,-22.25101406193926,5.569967245352927,4.275990520877258,-0.024188045776099898,-12.63413536725966,0.3364960296200934,2.7602013645621355,1.063129653721262,0.2831706783227901,0.583024186480884,4.6041461615440085,0.1282146450600976,-0.24670558462048575,,7.568352118866642,,3.391472400341627,2.7964015702759752,,4.075802715971804,3.8989190670017706,4.9038705422335624,1.7446554356802153,1.6179233356106124,3.5017947231908693,-0.6892833790107034,0.22639218693416296,0.028239540833283172,,-0.8521869662324661,,,,
2024-06-13 22:15:00,-2.874139118008884,10.052873636162076,5.738422210238241,1.2970148610936576,0.5234654130988474,-0.10144519898130966,-24.190169692502423,-21.242103686820883,5.9195129020986315,4.74291329925245,0.5528576472070199,-11.978758740487137,0.5318342080922775,2.980752963792156,1.1441350328966564,0.21068336428629664,0.6255252837404441,4.972861271555814,-0.02797508106255009,0.037697899119393696,,7.839487727559572,,3.730164654550208,3.0172352680651784,,4.274796048263852,3.8804949609198047,5.0690827055400405,1.8381340208602523,1.6179233356106124,3.7265164425234616,-1.3175178542464892,0.3163507157605636,-0.0022474774880265613,,-0.9026957267357147,,,,
2024-06-13 22:16:00,-2.8202153029398005,9.975185251514176,5.633430777220838,1.4647154240451528,0.5277071545399394,-0.1651830834289285,-22.75568070285408,-19.754095627829884,6.346282882629566,5.03274215845704,1.6255549925590458,-11.202422950917025,0.5101299834252586,3.008843916468777,1.3092859371042778,0.18167090875704162,0.5943875512891736,5.348025474546546,-0.018862287000047218,0.05045168392143751,,8.208339917029662,,3.84787035752106,3.1428121401600038,,4.343673943644717,3.884997720329011,4.836710349794885,1.7868503914155554,1.6179233356106124,3.718686418381367,-1.439914622863398,0.009055166676489534,0.11970057657663347,,-1.047909271359572,,,,
2024-06-13 22:17:00,-2.89704936978751,9.964995735696903,6.418020755006637,1.6688965924674903,0.6635940903622668,-0.11098817610991318,-20.817785606721827,-17.64920633242059,7.02568504023202,5.514701872648175,2.7503573440217224,-10.199594531915864,0.8139887331965383,3.3494397974104686,1.4936685811098869,0.4027675418861918,0.7171177400995248,5.767450217848591,-0.048277687506697475,0.03973258989753958,,8.765196718466996,,4.265855220988669,3.3408510184417537,,4.475320248360276,3.884997720329011,5.200856838116124,1.9738098588468347,1.6179233356106124,3.9240376196648867,-1.439914622863398,0.22639218693416296,0.15619766448185146,,-0.8585069958166969,,,,
2024-06-13 22:18:00,-2.3860506734296223,9.847635636814175,7.034132128171223,1.8758904879771308,0.7079131219343253,0.01972669241524727,-19.315100853351623,-16.51260546394724,7.4925729335056985,5.751651965052133,3.2690662563495607,-10.0630664723667,0.8883014456528144,3.704523787662538,1.627933207804972,0.30490740829452534,0.8021156756917662,6.2321479779039635,0.17793137428679984,-0.03606899639999028,,9.298588952029831,,4.603781316246113,3.6341620954772225,,4.58655453894653,4.141704758595097,5.159481776068787,2.0341813382801774,1.7800062787223396,4.148776452717357,-1.439914622863398,0.22639218693416296,0.1806745843873614,,-0.7701235539196887,,,,
2024-06-13 22:19:00,-1.8869004398296738,10.188364534010816,7.179482142302277,1.9846537305115817,0.8952888693854675,0.1233426798438586,-18.485833472281456,-16.10767294538323,7.6233962899368635,5.860367394771629,3.335257608940992,-9.95329373116192,1.115636452224635,4.05961191119809,1.7845751205063607,0.42814212335019874,0.9559837782578597,6.472592447011465,0.24794786327424845,0.09470013757072593,,9.61158668379312,,5.061042847531553,3.927480692325389,,4.874850969672934,4.421341690565896,5.363520382710249,2.2211445310322233,1.879537283647096,4.547954635198494,-1.439914622863398,0.47371777960847794,0.36960783284393983,,-0.5870391529834933,,,,
2024-06-13 22:20:00,-1.6951043710033673,10.618632822680866,6.990384351199282,2.3095344820665105,0.810887889402693,0.23650474625526385,-18.36503846162418,-15.743376781412735,8.190208870585138,6.43636706448865,3.571611833198176,-9.976866044211874,1.3668892501138998,4.3508417754198945,1.941216869734717,0.5006262543371349,1.1637047285190647,6.523264854349463,0.30677751338362214,0.1637426514434992,,9.792534716641285,,5.319711854392153,4.178938539273986,,5.008030807584873,4.613776910129673,5.663061971128627,2.2467867531972843,1.879537283647096,4.714567565167272,-1.439914622863398,0.48139479892211057,0.4245704874695093,,-0.5239137004550685,,,,
2024-06-13 22:21:00,-1.8795469868583723,11.368150487659932,8.052221307206764,2.5361848513534824,1.0240080780231438,0.4532826554386702,-18.383677630037255,-15.456910431460983,9.00524156500569,6.798030675727659,4.185530878010923,-9.62725521853963,1.7358545736492488,4.6420752097587865,2.276877210357952,0.8304933362389875,1.3846137037548942,6.889855498963641,0.4720830539679355,0.7101886084797115,,10.405440840497704,,5.7593538951446135,4.594120098773146,,5.384103581842282,4.8934200990884165,5.911039617362803,2.4684816928934197,2.12266240377312,5.086676100451314,-1.439914622863398,0.6162122248604192,0.46106928550625526,,-0.39764856455622066,,,,
2024-06-13 22:22:00,-1.9755814402063834,10.865188298074372,8.139764127578474,2.557254740532244,0.8767147821765775,0.15521299301497038,-18.951475666621036,-15.902138858664102,8.702377787066098,6.6922171124801935,4.138854565193014,-10.5090368486035,1.7700824036639915,4.9478112138554025,2.145776896125426,0.9573652181987882,1.379859536708068,7.141125599481484,0.4629673051952068,0.4810225571909541,,10.291704808258146,,5.677697935261676,4.502610415855088,,5.3463511664476755,4.875000316688329,5.952423900258964,2.424668500783355,2.132630587625954,5.179630593124784,-1.439914622863398,0.5562399542620824,0.43058213782342136,,-0.27138335900781385,,,,
2024-06-13 22:23:00,-1.8448093881318073,9.690833403672514,7.5783618806799495,3.068084807412106,1.0240080780231438,0.36721632987337216,-19.10551213265694,-15.519129226322093,9.008151590552188,7.297950979117559,3.9875645259135126,-11.293830391767187,2.051119129680501,5.210979019968136,2.388763823692898,1.0588626947094326,1.482795396886445,7.559575413668767,0.5806271502615346,0.2130786244238152,,10.319444549616037,,6.053356592191449,4.933103086408664,,5.564241192898862,5.12720952725067,6.1641143443775945,2.596693251088709,2.2492096649866653,5.342404357956184,-1.439914622863398,0.6912952956593017,0.5770053227497556,,-0.33452620835566904,,,,
2024-06-13 22:24:00,-1.929267472458946,8.696823924102773,6.494051669399141,3.2842044807996444,0.9324359896108945,0.44373235628302155,-18.694792408124613,-14.843540048160548,9.42395036391963,7.926448103445409,4.369087559431591,-11.432994579014576,2.159638665634702,5.438362716740812,2.483617051265128,1.0515758128983634,1.5007426803991848,7.733240500976876,0.5217972371276574,-0.23714378136310188,,10.31988381827955,,6.131077607287352,4.921576320501117,,5.5438328549576,5.0354972468940105,6.0014466245534095,2.7158213443608474,2.2492096649866653,5.4664158500509075,-1.2662543522901615,0.6687470009833305,0.6684661854581009,,-0.3219099260169287,,,,
2024-06-13 22:25:00,-1.8292765892176703,7.6771616505775455,5.493891487378733,4.063888185115047,1.4215618148386966,0.2811510299652582,-18.086555392460014,-14.622550606789446,10.322948076767716,9.131641700338378,4.248461144497696,-12.008934862739807,2.6827888743687254,6.135039068527931,2.769177684767783,1.279941901078132,1.9000670869960459,8.563820347187828,0.6779889501287926,-0.4111049262569395,,10.770716250264286,,6.424315674295485,5.176590960994417,,5.659680059884067,5.090372006166945,6.251979139568903,2.714212372668044,2.3587143218410347,5.625241824822751,-1.2662543522901615,0.6687470009833305,0.8209008925309718,,-0.21459308740111283,,,,
2024-06-13 22:26:00,-2.627882687021838,6.6659503840478465,4.416433960064296,4.21487120048937,1.6161153974592253,0.4389572067051404,-17.724830728769575,-14.597695251419964,9.964304109954128,9.900010187604721,3.663666520997367,-12.635764691330223,2.9329563394812794,6.49790134474847,2.8000738525017823,1.279941901078132,2.065282465519431,8.7742157332207,0.7165211985739006,-0.1492129332436889,,10.342313993026437,,6.442761141901883,5.428088874260538,,5.9714871433466215,5.259890444035136,6.505060008821147,2.884629705783027,2.3772065478046898,5.888808449125008,-1.3369030958606345,0.7735808340612493,0.8269148077076807,,-0.21459308740111283,,,,
2024-06-13 22:27:00,-3.6342066199254077,6.006120206268406,3.5205784209747435,3.965206617162494,1.5561850320361827,0.5074771101269562,-18.212905645688352,-15.36347429606235,11.62307488757233,10.19016999108544,2.915903951128257,-13.799956264128468,3.0014660979204564,6.499802674975626,2.7840518939549384,1.4213954245068408,2.116236888939966,8.644959378084451,0.7144568117923882,-2.2044456355420152,,10.686407632524606,,6.193756333276269,4.878945441248561,,5.471375448555136,4.810325175944399,6.195320408975476,2.668786332673335,2.243576739439959,5.171442998977,-1.439914622863398,1.0806550865941063,0.8754441819041858,,-0.08199915561499438,,,,
2024-06-13 22:28:00,-6.0930118193388125,8.410637798956941,5.3816011917479045,3.5194895945599,1.5346626831492358,0.5935447964478726,-18.727424539764115,-16.132329188860467,13.711037853442576,9.595165526885012,3.050602133517941,-13.815079930988304,2.576517996903931,6.540479766196995,2.7947338985861734,1.3923750232529528,2.147385243251847,9.138733514726113,0.802704211033415,-2.0906357103062874,,12.225617235478921,,7.1372985744114885,5.588073217964393,,5.8883134699617585,5.062546719582315,6.24434451565412,2.7382447993950336,2.387175985547856,5.8344062390287945,-1.439914622863398,0.9532676999428986,1.052354751873736,,-0.20195544656098718,,,,
2024-06-13 22:29:00,-10.07315077353428,12.414877031369542,10.498424513628379,3.1696865208321015,1.3143627763781751,0.4485075058609027,-20.247261839649127,-17.188191180468948,14.47519471515352,8.507877850049454,3.0878098880325524,-13.122141691867,2.111743106179574,6.103174376656398,2.816089520650621,1.3814378982744984,1.8311746299586957,9.22862101745531,0.6282753353859789,0.7252039431245976,,13.892101338826478,,7.855214170540876,6.095435837706191,,5.946474091140772,4.980237601704175,6.2752176752956075,2.6629264250000233,2.232164730279237,6.210692771448521,-1.439914622863398,0.8110052930994698,0.8939032801417852,,-0.34085395224508375,,,,
2024-06-13 22:30:00,-13.563805129553884,14.031022235360524,13.789421238712293,4.346603325344404,2.0381585432005522,0.9505889971507031,-21.595331954860058,-18.77051979316161,14.43254572541855,8.124710608899022,2.381617664576197,-13.566194368448578,3.5703827302229456,6.587920410282095,3.622709444948214,1.907163479720566,2.6184875785942268,9.397965475830688,0.9974359419375105,2.32590498278023,,15.010557972942706,,7.8367369559582585,6.087705604637449,,5.844425414425132,5.002771801541712,6.169534667267271,2.8814111640808733,2.361605509380297,6.54020403897448,-0.3226342212246891,1.2154840668204088,1.3812964350713628,,0.23994660255596045,,,,
2024-06-13 22:31:00,-18.364571855794793,10.336232275742987,12.87948863164138,3.140430222337045,1.6591642732287255,0.7162645046344096,-23.650406532097122,-21.545186143033334,9.438832569158876,6.776654623969307,0.018507494216692066,-14.92346256496785,2.435995321365226,5.041594922408876,2.795746275727197,1.5048123055830729,2.265378932087856,6.939489361626613,0.5967935470014254,0.7501689976134003,,11.254032342644678,,5.362911650795468,4.018989241544659,,4.847781338551158,4.438952472146866,5.500689627007432,2.3792352001255495,2.117025355764781,5.257252963631345,0.30567996965783095,1.0955342215052042,1.0094242370296342,,0.1074126754435838,,,,
2024-06-13 22:32:00,-18.417488477831967,9.133575979458783,10.175114453759306,3.7279659862651897,2.068114383138436,1.1307126888149241,-23.977819166070276,-21.998882683723195,8.625540223651342,7.449446460081845,-1.4002169907489588,-15.643495537109175,3.0106214896050005,5.596962983946241,3.312611925209694,1.769344306652897,2.5448511816772452,7.63625822507359,1.0877426780637052,0.44962362909473086,,10.353285413311141,,5.97090574812637,5.371363104561624,,5.8367584942957365,5.319275884079616,6.412105440278083,3.038488130627229,2.503758055689559,5.474309659947721,-0.30317832263381206,1.1557362529363218,1.1743044606544117,,-0.13883653506877636,,,,
2024-06-13 22:33:00,-14.810991343678893,12.430788761132135,10.685239009913857,7.091047918518598,3.3253835628454453,2.0297034279020636,-22.68692082296934,-20.895428566203236,12.95891596853403,11.088251330028015,-1.9011941460923936,-15.442987763712154,5.683842531796472,8.915347332417014,5.11993237755928,2.907530924796788,3.9996446888097807,10.776378399502022,1.8099156997084265,1.9051012170330068,,13.051710171951072,,8.17856278850968,7.15037452220804,,7.2218964929047615,6.166925336067834,7.66486540995902,3.955276807050268,3.2190390687728723,7.086663759808289,1.1203910473768701,2.175080579622545,2.1619430962264232,,1.0732143299801464,,,,
2024-06-13 22:34:00,-12.218053652382082,13.25915262738772,10.902879810655577,6.175279708202652,1.8237666672130217,1.2454644142350162,-24.43172993180724,-23.54457303994809,9.921223467654045,8.791037316700795,-5.385447212469671,-16.61803066990342,3.9130999759379392,6.739817482044828,3.794279973054472,1.9327078563537725,2.6647293653375073,8.102062873057065,1.2489473430243834,2.7176442155305267,,11.27180209061089,,5.680851341746802,4.590114108953912,,5.124845414377887,4.8692866505807615,6.040595198677238,2.6986675234047652,2.3815391593302593,5.315206991520881,1.1815955079164269,1.6799642353973923,1.5028477134223976,,0.12643160806260312,,,,
2024-06-13 22:35:00,-8.843742666141338,16.651194315864814,11.277517882780103,4.471358039460938,2.2297574567337506,1.5515163987863616,-25.591954042548423,-24.9453312246917,6.130436830287181,5.530166771521635,-8.213788941019857,-16.983488141824637,3.450410373419345,5.94625370709241,3.654677546277526,2.266062661225533,2.9394651483986536,7.4010894305511385,1.3889657911454378,5.055453951680192,,9.80633508439837,,5.606284096301806,5.089529125326408,,5.709697450306521,5.360238356297941,6.507947045986839,3.0700038138638774,2.685791588226948,5.257335171284012,-0.9982262294884094,1.5228004108946607,1.6007311417017718,,-0.6438559306396883,,,,
2024-06-13 22:36:00,-2.3131613373881237,17.313835181977083,8.253545802164808,4.57063889448068,2.9691542411444516,2.2815280242847393,-24.34302176311371,-22.9910414618289,6.569447668239263,5.815070225531144,-8.922445791335349,-15.152094568586563,4.768862879508561,7.403667851712953,4.53068007227921,3.0090272054678735,3.6984851330338415,9.19373806704877,1.9793321575170921,6.2886062585653235,,11.010777223506693,,6.814147671981118,6.548630601360401,,7.167221182458434,6.31389913889916,7.827545064287278,4.08667820150049,3.369692317931822,6.753451952785326,-2.257906073292361,1.8905151815013141,2.0159095658541446,,-0.012653270912892367,,,,
2024-06-13 22:37:00,4.439101715697575,13.147492482950838,-1.3740117567358539,4.6521442984223995,2.9451933124721563,2.162022291674816,-22.893194356868207,-21.8422424581413,3.690105573215078,5.022866356868235,-9.721893830030922,-14.920563303357085,4.838600978484465,6.6023157263773555,4.473175781366081,3.2703197087382705,4.003476719518403,8.015961774849387,1.6993233907232934,5.493401450613874,,8.92736824019903,,4.937748367136464,4.506118860198512,,5.566798728880258,5.148959040732279,6.676051207474757,3.244692513742393,2.805275885455103,5.210681675374872,-0.17115155246483482,2.0849117823802317,2.1675828217285016,,1.0290101743229343,,,,
2024-06-13 22:38:00,3.107841787946313,4.800589423003657,-8.562545807307743,3.486812281144921,1.8022396180822398,1.529200684138118,-22.28782276339075,-20.828040376636864,3.0595637636427,4.411339642898156,-9.450893904386476,-14.454933220658404,2.9876573619199007,4.768477431532347,3.5544972455247716,2.3785196071262362,2.8054023825156946,6.565372071162358,1.3098373633517895,4.669024255316344,,7.093380371551575,,4.396403312775874,4.178682596904764,,5.222346878741973,4.88812385280653,6.074029218612395,2.7895317647753473,2.505206139499478,4.7068592038772294,-0.30317832263381206,1.3054464098054268,1.5032488030326476,,0.0379288511858249,,,,
2024-06-13 22:39:00,-0.6262979567050024,-2.2125979435932095,-2.3558921668527546,5.4899885297766104,2.6344827564805655,1.8798638685019569,-20.64177117219606,-18.1570497351247,7.445186970850045,6.822664836799504,-5.476875236599881,-12.561728721254894,4.2158252888214065,6.549163248233299,4.906765471106382,2.9038747514766783,3.573852021893458,8.772036338614413,1.5948792494405097,2.6678499652543906,,9.852673933165534,,6.269653223082969,6.057142708603351,,6.800705507668226,6.039104359279008,7.334034559635256,3.6539191242163724,3.0355338770805247,6.46658903260095,-2.483333836271413,1.6655106294922462,1.8510466059517512,,-0.20834604387221134,,,,
2024-06-13 22:40:00,-2.0090827966459983,-2.886054609479288,2.3895031562715303,6.304837192716377,3.0122574306687966,2.27836562003597,-20.20992811359565,-18.07637876793092,6.823279511415421,6.424466253365381,-4.199716436759218,-12.659564897415294,4.9367359753023266,6.584963727722652,5.181762632911386,3.222994487959909,4.024190163981189,7.682581662486342,1.848455426328428,-0.2037258234345245,,9.268027215237908,,5.179574498720285,4.765608435003742,,5.922995844948673,5.511729127073977,6.7454335374113725,3.326442677139312,2.866378775796875,5.2999572871881355,-2.0841952902824232,1.8077886114697321,2.076500965985133,,0.5491524242229389,,,,
2024-06-13 22:41:00,-1.9968160236319363,2.3243703660878055,3.8143194613189735,5.334552286811913,2.4901767238807224,2.103040407027379,-21.250596532707505,-20.41156120900223,5.421124345873068,5.648327488802352,-5.013458810920838,-14.187566320969381,4.143878465907619,5.596962983946241,4.420886637161857,2.784527469763816,3.3812949198223805,6.771308686054795,1.5431165901293298,-0.9226951582145375,,8.510450312089233,,4.5629476952412915,3.961828843549938,,5.238169787101469,4.993759162873175,6.262492448327521,2.9252246020405437,2.6232382718708322,4.466687027451826,0.025165840781482984,1.6501934340431035,1.850656530483775,,0.4987716095590713,,,,
2024-06-13 22:42:00,-0.825618592560545,7.7592593536251115,5.673422963372559,5.292322951688448,2.615920201244535,2.01217632726798,-21.56202895307888,-21.39193188473496,6.929836328723468,6.5899469853734445,-5.636175920058577,-15.188187193445629,4.259235409923349,6.050826603644964,4.347323451627062,2.5742161272780777,3.207577834834524,8.140901751598221,1.4477982313139819,0.957908100277109,,10.152084179874237,,6.175840665981923,5.295144267200612,,6.051579754802788,5.553077981951901,6.613625960307218,3.157621655240746,2.7938533305818964,5.458788128236847,0.30567996965783095,1.68783977480075,1.8386175502594142,,0.03162314861276627,,,,
2024-06-13 22:43:00,0.08837300411528304,7.212326924133777,4.287816808071057,4.851996693188539,2.7518232525208077,2.1109952357039674,-21.044707694358294,-21.88866954093328,5.240881655100111,5.451404236436929,-6.044817736224331,-16.165540407538174,4.342684259941279,6.053642133705125,4.295143868624791,2.8206565208217853,3.5757584149409922,7.606096403979734,1.721666680290582,0.40953714278020925,,8.899500876331786,,5.39504092793868,4.822537048577942,,5.965345827935835,5.433921851818468,6.835849582686478,3.2089080208506857,2.8649249903237433,5.264969893432408,-1.0565316581496518,1.6729536779282626,1.912021648382506,,0.11365468912867982,,,,
2024-06-13 22:44:00,-0.34958247021211264,6.881122867664544,3.770983681603866,4.654018081145978,2.8033118792748155,2.1157810196182254,-20.30065719485151,-20.745695805456535,5.1664443774423034,5.590638706665004,-5.299532785769088,-16.01916317118321,4.28669344578384,5.83301529501955,4.429417547931962,3.0490294531889504,3.6918715008443996,7.512258680322617,1.6831278038821438,-0.037715930548984034,,8.6301696284213,,4.956973160177768,4.544481318519502,,5.633136467625263,5.401972895147992,6.499973854804466,3.2179892843178095,2.873444883349748,4.803765997080063,-0.8505445011601296,1.8828616643961595,2.0339716947344186,,0.5492332668331983,,,,
2024-06-13 22:45:00,-1.4631636306343125,6.6803469364681405,3.830892943561139,4.876392277515606,2.7961292329282514,2.155617497748949,-19.748723649038993,-20.200841311380145,5.385789022052904,5.88060841493143,-4.6864098487692445,-15.34317325657048,4.328957149294638,5.790434041892695,4.305780914370416,3.019997818422553,3.5134428815629235,7.386087908077116,1.7034212782889426,0.17733230849216852,,8.711492786922918,,5.134772034282378,4.719736211608051,,5.894909562472549,5.43880861681464,6.69350985127403,3.2030262513512753,2.863469111093764,4.885147241151117,0.6144919700191167,1.73313998466665,1.954935594394783,,0.612340141238974,,,,
2024-06-13 22:46:00,-1.4523664750009857,6.854799966236897,5.24272758959296,4.432055249966197,2.7045325619908454,2.1827144092864046,-19.700413344119852,-20.00465971367339,6.23347969010797,5.768721366902128,-4.339547080013062,-15.374088697350999,3.7828670352241716,5.41893196303613,4.106488062766175,2.8350643473518176,3.3529500454535537,7.607081831816174,1.6263445636000142,0.5404600329638924,,9.38552465122143,,5.439829320820081,4.7543132214409525,,5.8448776065652055,5.406857253374255,6.466210423076518,3.2211856274675483,2.880506794516805,5.129388968242438,0.5115563526173901,1.5232367621852063,1.9244486038512605,,0.28407676616916433,,,,
2024-06-13 22:47:00,-1.3723944585801746,7.188660976788924,5.756313786138435,4.29160497757789,2.355503197751432,2.0153476451563392,-18.782528143645777,-18.915044598529676,5.739005383115227,5.350756420329162,-3.520550624095449,-14.767668894855433,3.6834784611387477,5.275770367728001,4.013770394392623,2.777005236264017,3.1924612867865108,7.099117095591453,1.7145915255764521,0.3488319089788092,,9.148657452995849,,5.222779378391806,4.6783224692348995,,5.8371853928074415,5.393320268484331,6.5279303725419595,3.111135634722359,2.86201113810921,5.121748708872474,-1.24687096728303,1.5457804222539835,1.8269679486372752,,0.18937775123936262,,,,
2024-06-13 22:48:00,-2.5816672403606162,8.442777477683194,5.622885959727682,4.207218507620382,2.102276760503173,1.973895634609562,-17.899533743682014,-17.894184136756166,5.883902181602025,5.705110727420333,-2.5901813036871317,-13.634183845987991,3.581806571804009,5.124901078509765,4.0244088848085084,2.5667061158783326,3.0319766055822583,7.067803340863264,1.6375151679039845,0.6395670650645116,,9.19378219676696,,5.346048510941273,4.83849083243922,,5.921867076521266,5.544783949247176,6.440062146769378,3.1805764818568605,2.8605510713696276,5.1489214044331675,-1.2338932848610966,1.336098361826771,1.6564773909954056,,-0.0820742382240951,,,,
2024-06-13 22:49:00,-2.301174955616716,8.795791664110766,6.0710778381435375,4.536893777784144,2.275298156845338,2.0280880879456618,-17.1414693115903,-16.76426445834477,6.39930170579396,6.315734393925595,-1.7036499941050351,-14.217712832234156,3.7108828614336744,5.301054832935506,4.052102923104712,2.6899191737277306,3.0253673271690786,7.647873277049058,1.7257610729398039,0.9707150671401905,,9.470129948278327,,5.487748786121301,4.850003120222482,,5.964206266622114,5.503443965646966,6.45821930101647,3.1127315687049304,2.8605510713696276,5.222574539361631,-0.9022983068280155,1.4634818591534895,1.7234691681628647,,-0.006322363832850897,,,,
2024-06-13 22:50:00,-1.648515830498809,9.651436457558248,6.7742680775559165,4.781766290821906,2.3968317412823126,1.8973915011971485,-16.96669547134502,-16.568195129663536,6.892053963539638,6.813257590862349,-1.1862906399644544,-13.806203536285466,3.7634192177167733,5.435559172308103,4.183142552647496,2.584771525635915,3.2217179573406156,7.851674652707743,1.8434222138071163,1.5009655720318733,,9.808017169981895,,5.7695636798284795,5.269142144236412,,6.227486037089875,5.778570927982855,6.876484571846504,3.2062177149437048,2.8605510713696276,5.664421520633368,-1.2338932848610966,1.5459956293036612,1.7174500264834478,,-0.07576731635242595,,,,
2024-06-13 22:51:00,-1.7216012319607898,9.527476073848447,6.471773721261343,5.211084409345176,2.3896513580054943,1.9101336963788071,-17.087495287774345,-16.80796388056433,7.378603711744063,7.445996129281639,-1.1643878364900502,-13.81380005156052,4.054676756064509,5.6339201671962655,4.116016653443239,2.5811174453114063,3.03669226074328,8.222627624977775,1.9134194895771088,1.802282617151377,,10.140757192595856,,6.148331213039,5.562469670722749,,6.470370030158392,5.88868936384597,7.039142537470525,3.369141990441676,3.031147750445598,5.962841539951569,-1.2338932848610966,1.5085677908057278,1.8028892913227992,,-0.2777707986982705,,,,
2024-06-13 22:52:00,-1.8712338744807084,9.101300213516424,7.146723508706145,5.188498124306989,2.330986441840423,2.0503987016340943,-16.861533682217214,-16.25699684653887,8.363590834647084,7.852893652872581,-0.44894437797938735,-13.348518250644702,4.000997707045826,5.725846038896179,4.1746121635676445,2.5013447419061094,3.1282560448009917,8.603211744601111,1.9631246954902508,1.7502385783818681,,10.63800140981175,,6.346948274387614,5.619625415345126,,6.580069927030763,6.026250810212332,7.08561616470206,3.378218673500214,3.066676607018053,5.931822888619536,-1.2338932848610966,1.6584934425429765,1.8213357433214696,,-0.20201951370881943,,,,
2024-06-13 22:53:00,-2.4163497874988025,10.25999159277626,8.168536135124214,4.321136755738053,1.9963366627573578,1.8288460317893396,-17.08611398666517,-16.341225431772273,7.91346287484339,7.16036752347668,0.011443492621310725,-13.139949443822388,3.5452448179812563,5.264331201629602,3.654660732157481,2.4505989850902097,2.77992878409043,7.637026906599914,1.6689771515468692,1.968599450491638,,10.323057450558963,,5.971298371955072,5.128233483405893,,6.205546107097234,5.586122823077403,6.625955365208938,3.070528232884044,2.9045983305150003,5.807810232611246,-1.2338932848610966,1.276347790492082,1.4920099018040673,,-0.3408889688803356,,,,
2024-06-13 22:54:00,-3.1340623566643444,11.090110983658178,7.957915386531113,4.130865466451496,2.0921274153893137,1.7523420387316264,-17.305810939700677,-16.662192241112734,7.031679152975812,6.554344569040268,-0.5344837530819859,-13.301247598984446,3.2928084239315467,4.872537705493869,3.704733889157751,2.3744803377254584,2.6864761225145912,7.2779431771850795,1.5989775034288414,2.381525980454626,,9.62844355902098,,5.477925575170957,4.793232519509274,,5.956494743490566,5.5083114125432076,6.403745763492225,3.0026844794942917,2.6884934649260686,5.598580124172713,-1.2338932848610966,1.2912304063861484,1.400551921690294,,-0.4166412571955789,,,,
2024-06-13 22:55:00,-1.5675493391549935,11.233571143937297,8.66364301351723,4.560131531009347,2.066385289072059,1.8830378104474903,-16.941981754604967,-16.57510799209308,7.3174737221741,7.228393775920267,-0.21059700211617383,-12.828256073169541,3.5943340422979873,5.027384366894466,3.9391206447266995,2.4686650989898453,2.760106173393069,7.774977387642224,1.707514975717686,2.377408281681255,,10.01894127260357,,5.836644492550477,5.139909516541593,,6.088129428143475,5.710132785949099,6.680040408496097,3.1143254071544106,2.8590889108795636,5.730350061627632,-1.2177127511463368,1.3962863404647123,1.4555061636935989,,-0.5807756879278259,,,,
2024-06-13 22:56:00,-0.8806777712120493,11.638947561047644,7.636746524825412,4.683855298431354,2.1394054658280766,2.104590792709814,-16.722287373736435,-17.035768579856267,7.162580527622595,7.439029509257352,-1.062020570020195,-13.538377276520805,3.8490802908288515,5.44140242294975,3.964707116751242,2.6028362361087147,2.9404091075982706,7.680194070271426,1.7460531427959722,2.082496389492917,,9.686760964162431,,5.732660063491039,4.9645038143171405,,6.09276060794582,5.810873894552515,6.835084579567592,3.164013713181248,2.8690683383297255,5.633436956096375,-0.8510420104985315,1.6436066494752595,1.7054117431250688,,-0.29038742940770135,,,,
2024-06-13 22:57:00,-3.1340623566643444,12.946533154794452,7.500181835635431,3.8634802118444895,2.0220789728577984,1.964325461445128,-17.049870821892455,-17.297211120876455,7.031679152975812,6.6598865172950354,-2.029498870247153,-13.720937678605878,3.207143208714797,4.850322475382427,3.419182055356032,2.2403122672570817,2.6572094061709777,7.149645139743285,1.7004370307156478,2.5765312197640924,,9.534466248498347,,5.439458518959782,4.804734331101827,,5.978433880725333,5.636836563791803,6.54569882832584,3.0299194465505934,2.8676053024846624,5.505588964866092,-0.9055045999143658,1.5912922075826827,1.5654125186076726,,-0.47345230346002154,,,,
2024-06-13 22:58:00,-5.118887869229184,12.556388045617496,8.400347131429953,4.094847334134329,2.423793222182667,2.0041609117045027,-16.356990455582036,-16.141941672167377,7.772763587950749,7.179764914353655,-1.048268288860072,-12.760000845517425,3.5714832381122505,5.1396488417080946,3.918850108853121,2.653371393829161,3.121645895631559,7.354416793288351,1.8475082073730391,2.5572755484645313,,10.14152136428902,,5.722782963677673,5.20493011718645,,6.343661460099611,5.898389357200813,6.555844529728347,3.19442522031477,2.866140172888663,5.838869169051122,-0.9540415507599391,1.6065992847645703,1.7607516410223525,,-0.5176547865046359,,,,
2024-06-13 22:59:00,-4.942231124332011,12.75698724619815,9.031835729650993,4.424394686174082,2.309446336504834,1.9276597555459603,-15.254886332835213,-15.098822286230643,8.075277191309624,7.390869003797434,-0.14312055519349087,-12.172356522370592,3.5474815604884498,4.890086989823203,3.901792113042802,2.682397989965125,2.967777964318998,7.1494952585156,1.7592655154890053,2.6308373078009026,,10.396143106984255,,5.846747403486916,5.0983473878982295,,6.188547606628617,5.733391140857748,6.625549606038021,3.0827909242325404,2.9471767250111043,5.842738986388667,-0.22617903256150385,1.6289299965119426,1.7362862183522338,,-0.42296393299670854,,,,
2024-06-13 23:00:00,-5.921205577758997,13.2114483358082,9.171667327875184,4.203940135549146,1.758727973862733,1.7013283769532563,-14.941600520355678,-14.68165254585324,8.077167810668925,7.3193551371966805,0.7475128481012234,-11.929186858671073,3.1534442941806446,4.455777218049207,3.470290390236414,2.4286797356351144,2.432558581324315,7.1106798683546515,1.5057071043499946,2.5011400268522266,,10.434238079764782,,5.685863740988225,4.88503851095993,,5.919108198116646,5.605206053489837,6.674554267481199,2.820503490797819,2.7296145134228027,5.629611707344338,-1.0278788108757908,1.321866299035264,1.4254174239588338,,-1.0352822693578219,,,,
2024-06-13 23:01:00,-6.5278813865287475,13.39682815030892,9.65138119955418,4.406504849425801,1.7114578924361012,1.5068796009690004,-14.7880670398647,-14.519765622660543,8.851474175474323,7.906773964167087,1.618446603085431,-11.603197939829897,3.3235832282932734,4.795356161773498,3.5395170334322756,2.240120899299086,2.5175163085187933,7.637769408100809,1.5848261652790825,3.001616149126221,,10.819011540492056,,6.067666811776689,5.220338246774645,,6.245068559214815,5.807008091638181,6.839730817824147,3.00905088293257,2.864672949543092,6.013236138797311,-1.8457437459915127,1.1196460140395175,1.4133819280650641,,-1.3193392618130702,,,,
2024-06-13 23:02:00,-6.861979415485507,14.220353696370694,10.115662490103205,4.432289782392672,1.6599770406351126,1.5291921730904505,-15.097071618811924,-14.868428386518417,9.103947489590837,8.023646240642165,2.4321502898517338,-11.222629086368215,3.5302902821326825,4.879539008650227,3.6961164851318244,2.4394380377183325,2.604356077040393,7.734693029753686,1.614239902711688,3.5125783905209573,,10.890712135982085,,6.01380106049146,5.254776063891313,,6.375138474828873,5.889660725779322,6.932669055880524,3.1538080969562543,2.864672949543092,6.051958034306608,-2.000473975504974,1.3069822907493744,1.4133819280650641,,-1.3572068663228265,,,,
2024-06-13 23:03:00,-7.441770897841366,14.84889739918708,10.876877518558558,4.497345220828947,1.9059959678256746,1.800140742286544,-15.249068190072876,-14.977395964745483,9.356258806973756,8.174281574165889,3.2979167575188058,-10.921801643470644,3.6159256064324836,4.68706472797362,3.780287785953533,2.4357846550594786,2.7383955406583027,7.59991801655093,1.6233627775175137,3.9084337619719918,,11.011276225703568,,5.936065637798492,5.174805364369149,,6.220031623166506,5.885137321622096,6.7543916381241615,3.0421774530168477,2.856158308645263,6.040312180647106,-2.000473975504974,1.4343551242257035,1.4254174239588338,,-1.2940894758855848,,,,
2024-06-13 23:04:00,-7.17298135445094,14.216174128798684,11.376582035493357,4.361345264561578,1.887432641876785,1.886210006797569,-15.147373424087164,-14.746992049658274,9.060618026886004,7.741494698236693,3.261319410633405,-11.237615033417569,3.639936517275828,4.560318302848145,3.694012704484294,2.3923487998191604,2.8497808298416203,7.597748393477389,1.6821905858832906,3.9176947287487565,,10.808741974024542,,5.815998277707422,5.041480732632863,,6.221581830393916,5.862213276199327,6.9842010172819755,3.135658150728432,2.864672949543092,6.0596856418069365,-2.000473975504974,1.5243032052178478,1.6083270450249074,,-1.1173408963121574,,,,
2024-06-13 23:05:00,-7.050122304859542,14.236659562549448,11.658802801663569,3.9307465852766654,1.9760400776892766,1.9850191707115528,-15.387514974410351,-14.591286984686803,8.775793260962018,7.451730525343919,2.6932323860664837,-11.272968467474584,3.564569609429327,4.49647401470952,3.6854849238584393,2.6931492992018775,2.9101903401448226,7.396194919017859,1.7227712353842435,4.265580529349336,,10.651273410155909,,5.818309823849631,5.171020360430703,,6.483269160688451,5.999757377427159,7.0796678191991305,3.2050856159376053,2.864672949543092,6.013173426724279,-1.8974316998469476,1.7192930425053419,1.7607516410223525,,-0.9847784605344714,,,,
2024-06-13 23:06:00,-7.2343523114740265,14.560202579674296,11.610566598369587,4.216253533471672,2.256205781180597,1.975448300215021,-15.40093274986134,-13.778479144016273,9.025247471000966,7.673786535866839,2.819027277596433,-10.70712127612569,3.7176156145901587,4.851478772219025,3.9986931677754,2.761951345925354,3.0621545531064385,7.595578770403904,1.9195411307302948,4.663743721652281,,10.884228928945276,,6.13924731983343,5.5291074732958805,,6.812314209071701,6.366539637270762,7.242305279002721,3.4283403376407477,3.1788249854926107,6.338629071093237,-1.7943911401712285,1.689515279201487,2.0475363728810407,,-0.864841841902944,,,,
2024-06-13 23:07:00,-6.904252104068632,15.213407141583048,12.049839762772535,4.678522695532138,2.4764875157109145,2.133227618625142,-14.899694498668168,-12.249373069451394,9.842284703464202,8.392553465830133,3.585480638246054,-9.744083378609048,4.2075836723531665,5.717244702504786,4.463199765811169,2.910519206356639,3.387807032027922,8.179734882362055,2.1254343656103174,5.016540369315408,,11.464492053309641,,6.657228004393801,6.020421763570994,,7.144472269206744,6.788226627225868,7.740820323544085,3.7087883069098098,3.3864038450396947,6.757124858317184,-1.6396728782483478,2.131598155237043,2.1754958763137893,,-0.5176716321584536,,,,
2024-06-13 23:08:00,-7.372631369052215,15.990578640127751,12.514927723668734,4.876398606710836,2.7039576083639076,2.165108391882768,-14.288096589587667,-10.850696076736767,10.303974113398226,8.464035621243966,4.708090472845015,-8.407991871637478,4.349211372089258,5.809141799928511,4.261849155872596,3.2947370401942635,3.5907543413276244,8.18191008917114,2.3516132437546275,5.325472608820746,,11.804101830770378,,6.817314036724838,6.100399636923612,,7.279206865912329,6.9073768452526565,7.931746442830445,3.7087883069098098,3.467437753204649,6.919890182547078,-0.8218712009138471,2.0716339801870163,2.358402925425935,,-0.3914283529926479,,,,
2024-06-13 23:09:00,-8.87359735403436,17.218655393224253,13.928235396360833,5.267714123828,2.888329526893358,2.4041686934303925,-13.354208737581303,-9.395804258153476,10.5774911315782,8.701081146333536,6.252483033814315,-7.043550759244681,4.891695415577942,6.1215918012228485,4.5888986187869705,3.363529551760621,3.8361727060080284,8.568868501154867,2.4783936604978862,6.2912045819448394,,12.092850305527918,,7.258306055509365,6.595606198116457,,7.760252287370804,7.2786936992561095,8.257024027727766,4.058661825985837,3.7560530637815646,7.384850820438714,-0.6158704549820868,2.3714546991232055,2.5657699684802537,,-0.10107765644841038,,,,
2024-06-13 23:10:00,-9.064867000830759,18.083542202719855,15.061663025862345,5.6514330119068745,3.2888046568114078,2.7882764825374124,-12.053842756149606,-7.781918815072686,10.99334724451569,9.762256595876579,7.841274254234577,-5.877323197308215,5.357638806316345,6.846147499209792,5.111994332626182,3.718714665624134,4.186375925394714,9.399963074890934,2.713699480648984,6.792809940038751,,12.530276937261988,,7.796324605156315,7.102210599360205,,8.137862983183368,7.6774725505797505,8.417141335781707,4.305982769250932,3.963636512406538,7.846023497629176,-0.6158704549820868,2.828635925278377,2.8156700425124654,,0.22715106475993707,,,,
2024-06-13 23:11:00,-9.03759631853643,19.21250232985676,14.510759705393866,5.571382721509053,3.3917662286328323,3.113407184047219,-11.028700439705062,-6.669443759045407,11.346492666607674,9.833678805661748,8.693463238029608,-4.99282422481474,5.2925416729085555,6.82486577831105,5.044877783778475,3.6933443108933943,4.186375925394714,9.391216181922175,2.930743259970768,7.034567233048165,,12.645765419369354,,7.817841803794181,7.060316978960145,,8.136298954246286,7.718785169468902,8.510077956491386,4.382899615735369,4.061683972226092,7.876976155735065,-0.6158704549820868,2.9036796054704155,2.9925498798309036,,0.3596974891767104,,,,
2024-06-13 23:12:00,-8.120458546938949,20.51890552154873,14.424775487143961,5.719425333070603,3.5761219547609926,3.162802496651693,-9.816833689974601,-5.338562567785175,12.100060389576129,10.051961013223035,10.111590680971858,-4.016574091270286,5.423918194005637,7.030920619628887,5.218561880925108,3.8419032649746896,4.3940143136045435,9.762052398989226,2.9987001148424497,7.339671147264653,,13.050903113158029,,8.195037092629263,7.334572134342125,,8.510786995284434,7.99387274912624,8.74241890724079,4.588010875486816,4.296278731847906,8.349739253500957,-0.7835886601383208,3.0835703827192447,3.1084593776754446,,0.36600197245002164,,,,
2024-06-13 23:13:00,-7.034539220789384,19.027828985525503,13.978002738851501,6.1167155348955475,3.7263909792848153,3.334954955419107,-8.981490210948323,-4.276170364370955,11.649309137505725,10.180117898486515,10.922831302475515,-3.3698196253512833,5.721008494728721,7.139320796922675,5.3336722852614,3.976082145707551,4.547884357352245,9.598517262083817,3.016962549681466,6.491572285243365,,12.648614529849965,,7.771027762924859,7.048816570406871,,8.385427563186113,7.934175546929055,8.572219437196964,4.612091798471283,4.198233513825926,7.822858692877617,-0.8218712009138471,3.0085288614830006,3.1509988024299673,,0.41649807165117636,,,,
2024-06-13 23:14:00,-6.366797294101843,18.85595279845711,14.106279451721548,5.855405635221359,3.4103187446939955,2.982727983675886,-8.564095477790033,-3.708401261611016,12.210838183623764,10.800921373237543,11.190155153281921,-2.985138556723996,5.380519433325844,7.030920619628887,5.1514443288613165,3.7477474710292427,4.27130636417462,9.736355454947159,2.8698958136906185,6.545872104159571,,12.926593335531606,,7.852586345210966,6.965030864953405,,8.186427604174696,7.815017758695376,8.458567623603813,4.287847239217172,4.125705241946889,7.706611453555524,-0.8218712009138471,2.9560161418553434,2.907123379219456,,0.1955971564959782,,,,
2024-06-13 23:15:00,-6.320637648376419,20.35987824658787,15.888124777829034,6.026152118891332,3.1714704290629925,2.968352327001753,-8.128326404437985,-3.031089787962401,13.81142131575757,11.315711902277826,12.427411256554251,-2.1295838125811315,5.255858785383907,7.220453407338709,5.091671958935194,3.6643120254902897,4.258068999065927,10.305159685896513,2.8222221031790014,7.820625041892981,,14.221351353884302,,8.77609778265105,7.749791684843331,,8.821036982768419,8.204726947801191,8.667677900472427,4.536733105669555,4.242256324831487,8.551280230341035,-1.6396728782483478,2.8811490242819673,2.907123379219456,,-0.19576269908748145,,,,
2024-06-13 23:16:00,-4.276112405712979,18.80356850983253,16.140634992210835,6.337317637373189,3.4731625755202913,3.1405013944263374,-7.432541755785451,-2.694015994660731,13.071856900112607,11.056254040478734,12.80434110779106,-1.9396587603268927,5.869348969195926,7.541683383686859,5.344256419643443,3.888980105714495,4.485560372094824,10.018576171681843,3.0372444915353753,7.540051036316527,,13.813275802345288,,8.435168194214384,7.5516933907365456,,8.756794365390306,8.310041597494092,8.822761668942348,4.705583752830989,4.378809308519521,8.531906373831134,-1.6266032934131545,2.9560161418553434,3.1630541589588574,,0.18926571293695815,,,,
2024-06-13 23:17:00,-4.421726529926332,18.66199174325311,16.652779808508967,5.855405635221359,3.3330981026406334,3.081520388511308,-6.825698904236333,-2.4040931321578682,13.130085413740517,10.92099518755299,12.922466384008203,-1.7268378738217507,5.827137778902852,7.094766136857288,5.098160715221638,3.718714665624134,4.320389552470488,9.929152337834353,3.1457649951148596,7.417249254225226,,13.900393489217095,,8.691572547837495,7.578347157321332,,8.623604902993975,8.218343646650737,8.827800070454941,4.621157755814238,4.287773651902626,8.51266389707689,-0.6158704549820868,3.1284574074129523,3.0840026360697266,,0.31550588438392424,,,,
2024-06-13 23:18:00,-5.269543061146578,20.47642590095984,17.519460568046725,6.225541068934035,3.727539520008577,3.365171183547659,-6.008715563898022,-1.5808715636462694,13.706279294117621,11.583169714848282,13.513087036336174,-0.6421293641660668,5.909176255617012,7.391706242205828,5.441070719949266,3.6496643092916656,4.472319872283833,10.730977923461438,3.333389023646987,8.216289470591164,,14.50911792115835,,9.29414697893435,8.165002112692491,,9.168881665975277,8.530203203498331,9.227817181979844,4.7946737892825695,4.402823780576,9.136557962189272,-0.6158704549820868,3.091194301981659,3.1938835460193786,,0.35966789940221133,,,,
2024-06-13 23:19:00,-5.384596724687185,20.916284758792244,17.782524879148696,6.221022781649253,3.6616813592956987,3.4639547356074445,-5.345560219856452,-0.5017159479527891,13.845394968064966,11.763247174152184,13.610310760389666,0.1483378169136813,5.712701700385651,7.2775370167039455,5.382498642528844,3.8018811905957364,4.5214019645302415,10.55728005387948,3.3922141816763087,8.600247937518816,,14.394541647852748,,9.057730427973183,7.993584791073772,,9.099928424140671,8.525661447319635,9.085896367661917,4.845950345890742,4.483855621047951,9.132492162190829,-1.1020943427315615,3.248554036538735,3.1938835460193786,,0.4227715660967988,,,,
2024-06-13 23:20:00,-5.104380013204604,22.118506842716215,18.80328029134671,6.453646940342651,3.8233049692018994,3.513345452024055,-5.136784614136104,0.010740515249608507,14.545747930440484,11.924425044461259,14.003699412984815,0.8931355921263275,6.187663482261087,7.460286389587509,5.781918584773393,4.051911143220082,4.79602621525089,10.848950118464387,3.6569271597322768,9.643565257023965,,15.054961920816595,,9.603154692933003,8.591609422982401,,9.557429746729667,8.975043694526448,9.395482322409407,5.137031482733619,4.780971685792792,9.562432744023681,-0.9667115029074012,3.4509691214732356,3.3402740379726765,,0.6941511936644247,,,,
2024-06-13 23:21:00,-5.019802730109973,22.13245108414958,19.009871684266727,6.364526390316769,3.8963568786123233,3.5325276381672666,-5.084003281969899,-0.3474936146151322,14.77198005904279,12.116215929032933,13.58243522367593,0.9630074527385659,6.156913339915036,7.517370882393379,5.552926066415921,4.211458354578326,4.742271238953663,11.093727830746616,3.6366496665464183,9.70947728125384,,15.257567255369395,,9.720268563173704,8.523057905000314,,9.538646974259336,9.052906119347426,9.300033685557992,5.161125667242686,4.817991127780715,9.76398886179686,-0.5775899683576426,3.510769865816883,3.413299915346215,,0.8898235805238528,,,,
2024-06-13 23:22:00,-6.201842897156325,22.30229474340149,18.140081338723576,6.092627237782153,3.8119476916413078,3.4464516478047926,-5.641701796539564,-1.2385398048827483,13.482709090357275,10.799849766847728,12.562721645541615,0.2619122794244504,5.7801749112754806,7.1566111619417825,5.251519589421605,3.9106864254218863,4.583725938419889,10.564611955943036,3.518998787116516,9.553066969452175,,14.728159099931872,,9.320079663685647,8.005011394216126,,9.233117700679031,8.887896018410629,9.305061412918803,4.965079562916799,4.610406471086662,9.260288467669852,-0.6158704549820868,3.4433515148518836,3.37678680405088,,0.6689409247476306,,,,
2024-06-13 23:23:00,-7.867457612268936,22.674221426913846,18.401588160832944,5.902316556721871,3.6245830167356416,3.4416566242655335,-6.089470857047218,-1.668950425517096,12.779734477258216,10.957953844443182,12.296122461071036,-0.21352976747539287,5.812128329142752,6.878964378801129,5.164077941446067,3.747479609939205,4.4590793724729565,10.182822687316104,3.5098644412335034,9.66815047417731,,14.43162715134281,,9.30228556980228,8.077383267499954,,9.250332289473135,8.814580834283333,9.307574751481297,5.043540369011225,4.60039981904265,9.434646915729445,-1.433608874453057,3.143703841826209,3.1573718059546536,,0.2523469119823858,,,,
2024-06-13 23:24:00,-8.04388495354317,23.803961991682627,17.16936990590102,6.11680871470935,3.617393407121426,3.513345452024055,-5.7244361431748985,-1.0791181358374615,13.445543785539485,11.27751303642458,12.452371514217702,0.1988122500370082,5.809747611665671,7.182639417060727,5.384533566938444,3.794555239506508,4.666701928847374,10.361631488211628,3.5595548492703983,10.626041855699896,,14.639022408523488,,9.466035498257952,8.465891231348905,,9.513558792537879,9.066736506068082,9.242901491595603,5.171729569255604,4.708441285063145,9.728956389487848,-1.5235668546279157,3.3010630151313762,3.2123110285690473,,0.29650996097916504,,,,
2024-06-13 23:25:00,-7.030756863484044,23.58206432224597,17.55792731570682,6.461195086458247,3.7089905309053393,3.680699732928474,-5.166699771558115,-0.19655142381793667,14.249638132301698,11.352320077900913,12.970020560025205,0.8854984410654652,6.5155279741698,7.516356433683995,5.6924358527603545,4.175091954638447,4.943269084415078,10.936149879832413,3.8334022665260363,11.141583057515618,,15.1389439432146,,9.76615533550057,8.717291310374549,,9.7548485821535,9.250121580502764,9.493440940985693,5.33307613311672,4.8805133888972705,9.938133323897546,-1.3822460613023395,3.518386594378626,3.4622087950501736,,0.5110896933036884,,,,
2024-06-13 23:26:00,-6.923313255910557,22.619305642366726,19.073702227975446,6.707405184868094,3.8819741777613217,3.730089018360559,-4.485837103788299,0.47809681804642423,14.049689965658672,11.378780948371968,13.630026762970829,1.3850630114407068,6.690315827519271,7.631541874761979,5.642410283331856,4.1497228516622044,4.974433459709985,11.0548827326663,3.8334022665260363,10.827425792896975,,15.222131042128694,,9.723206799814761,8.542103595547815,,9.759582476373453,9.405854870939038,9.718241522959943,5.256161715662529,4.8620031533523616,9.837565506191368,-1.3822460613023395,3.4358969792438074,3.517146211240515,,0.6373204237121399,,,,
2024-06-13 23:27:00,-6.896412078156914,22.90092643356047,19.161755763548626,6.997456728055113,4.014831534176665,3.860755860667041,-4.06886252068125,0.8587542878112799,13.28728958358829,11.683861351893029,14.015645604893052,1.8432930225549171,6.72346547841812,7.6818731719090465,5.950324654335418,4.095319572304561,5.065971397196222,11.13698057270227,3.9327783376695606,10.725341805699827,,14.779925536058045,,9.600948333363704,8.58782440465393,,9.847326087016427,9.470077272153958,9.658583704364446,5.505020609779876,4.98704331943145,9.783361844581577,-1.2792140815486164,3.6833625861736436,3.541599594551599,,0.7067209596012844,,,,
2024-06-13 23:28:00,-5.591715981423931,23.47492126617044,18.505108270713208,7.331292138155732,4.1878077489475345,4.0408069958182296,-3.584655921026979,1.2544678844021746,14.27791985349836,12.334979805308876,14.23800207641193,2.2987275768377913,7.0923378498337115,8.185859486761956,6.2411519446425245,4.214832333883578,5.316036677179682,11.679351732742589,4.0909750847424675,10.59355743761762,,15.304537523808222,,10.098981030134382,8.99924200528767,,10.264106213723608,9.74060747410249,10.167201269719953,5.651321774420012,5.24712735463936,10.046958847999576,-1.1761838177812933,3.59357755030328,3.6454404254905057,,0.8013645368355355,,,,
2024-06-13 23:29:00,-5.019916839008147,23.43513383885511,19.429766449659382,7.838789045629028,4.526556340202887,4.329221207732303,-2.353250426527893,2.3018472702242434,15.325064339968321,12.940861929742368,14.549812056174005,3.533765233268241,7.426837043510659,8.944175481473621,6.690561893973836,4.529950848248404,5.702045434803381,12.346210059944838,4.298850866357952,10.872926191509578,,16.188231353662786,,10.817869246868668,9.722999403938047,,10.701233214884724,10.079900001087026,10.701557772434626,5.993659841581575,5.4446896577132975,10.55850484415214,-1.1438110385611253,3.9458832394805086,3.938203044834154,,1.186295416442249,,,,
2024-06-13 23:30:00,-5.215600742545348,24.381115846334524,20.58908301611109,8.062296600676973,4.603769707213814,4.3834052287836585,-1.14160092929842,3.549554399413182,16.072234748247183,13.700671924634662,15.534096836498975,4.3948199400160775,7.706463077318176,9.361981731351307,6.799126081135682,4.859732850400178,5.842653125282027,12.68322947742675,4.455047073959122,11.466494838576182,,17.008203591278743,,11.379581522089666,10.081046503787093,,10.900237854375064,10.2907611499636,10.835951018322703,6.215341137728046,5.625261428036538,11.081587797956672,-1.0025005285046973,3.9983852346224467,4.017584098552106,,1.5838515794117711,,,,
2024-06-13 23:31:00,-4.781940270123187,25.275123930118752,20.4911673361089,8.32660846159797,5.111324687263732,4.509260899343417,0.05680299326240856,4.836263359583199,16.67351332778844,14.235059545079139,16.44200194451173,5.581376790547893,8.15186526180878,9.759560456872578,7.18796819646559,5.008268313727626,6.130494369855569,12.937499153903445,4.670067897871149,11.885607793136387,,17.61212748891694,,11.877656721837411,10.625821080214337,,11.34053493932106,10.685007957949892,11.210178497223751,6.369163968358862,5.868346698815003,11.573775857169494,0.040364922728258534,4.380524769212343,4.45036800989601,,1.9183162343242657,,,,
2024-06-13 23:32:00,-4.474846919232846,25.967090347684916,19.408120272225005,8.2343810559139,5.048511101423173,4.545957237385892,0.6257300725187633,5.50281646680628,17.09663886178123,14.62637600122639,16.707850317148313,5.976859104112464,8.121162592020255,9.796449914242885,6.9813763567249225,4.939507348995107,6.0210610609209425,13.058531511556112,4.581833396686079,12.038327376565121,,17.697363090774843,,11.895511902920589,10.382050279024952,,11.14629169777254,10.597873738000544,11.075780713460972,6.290734243787028,5.832844565074538,11.550737787045819,0.024186628047573322,4.380524769212343,4.395438813379769,,1.7858021403665134,,,,
2024-06-13 23:33:00,-4.056566354045685,25.086817492442606,20.088445818178116,8.143704381253883,5.0454501777524,4.53635254643109,1.1309277641989866,5.881199259035839,17.516962731827107,14.953169025244506,17.255201067289363,7.027876179024588,7.687209648431008,9.618403247474134,6.9451892241338555,5.164146762305677,6.001166352075302,13.225647749578798,4.660926426076912,12.296823324578327,,17.883225826390117,,11.896230366050077,10.458235682806844,,11.232446563704798,10.639162100097565,11.078279722494244,6.420438185030889,5.795811058784693,11.469314868967103,0.024186628047573322,4.335624166952812,4.358921456021562,,1.893072564767067,,,,
2024-06-13 23:34:00,-2.6328537028947494,24.229613769606658,21.205855134503054,8.054576842811002,5.141198563394482,4.7211904465875705,1.5469526032095473,6.186169782120487,18.275579674600067,14.978604589791985,17.580127233379017,7.601958563284825,7.88003881136251,9.667702476343038,7.165598254596489,5.178496349288025,6.208752066285456,13.635907498050813,4.672054452052407,12.423524969177379,,18.442811112023037,,12.35788336290716,10.770523034064809,,11.470556148913602,10.72629480601745,11.171208839562496,6.574260654421778,5.812795410292438,11.891612160803561,0.024186628047573322,4.470602396849699,4.40177979729242,,2.145439728955239,,,,
2024-06-13 23:35:00,-2.0415372690414415,24.068875160781317,22.777181527916127,8.398951101271223,5.24414660344155,4.8518432592268255,2.1050714000418793,6.7822888250329925,18.64767946601546,14.481889428413297,17.727819988280544,7.864751983254337,8.008992335767061,9.808857137236828,7.4478495468192705,5.381434628079319,6.369252870815785,13.851297052000689,4.701465416904057,12.281557799070924,,18.84205454737571,,12.57798591807341,10.960979337121444,,11.516018107250602,10.712489307459236,11.238407833431665,6.625534750674888,5.9123397410885445,12.062043040419212,0.024186628047573322,4.410643032546432,4.4932247639337675,,2.3536759053158676,,,,
2024-06-13 23:36:00,-1.9336194640302438,24.292201392411243,24.201636456283268,8.889808444097753,5.4829821694643215,5.078185010667994,2.959559850839696,7.827315767541222,18.56954639266155,14.305599583321282,18.424712402160367,8.20755286200665,8.465854849216612,10.042933769989759,7.674854712312708,5.356067348926899,6.596740223713027,14.219936975224783,4.925628110939897,12.419001347581343,,19.219859615749783,,12.79808764216159,11.216246032519393,,11.716621296362518,11.019608944860465,11.67233703960892,6.786897376739034,6.111431250100395,12.337205405633085,0.024186628047573322,4.7103088232590835,4.65770645222733,,2.5998141146634453,,,,
2024-06-13 23:37:00,-0.9466904182593225,25.820108936348333,25.479958024811367,9.285625817894925,5.574599975879892,5.272633210620711,3.8836881695085594,8.652491866495211,17.99681843372855,14.227341298292913,19.15213724857699,8.864607185226305,8.980076695058415,10.526719502863216,7.851877451957762,5.486578564203455,6.786416817491158,14.599765857150999,4.993594039351137,12.57452913305815,,19.386305094182717,,13.254765897504967,11.631567152225216,,12.05043819120965,11.468837844492555,12.013347707459616,7.041766319903218,6.283516906868044,12.64748898298194,0.14335139852937573,4.927634568425901,4.822191544375983,,2.479890162357492,,,,
2024-06-13 23:38:00,0.0328031418990804,27.432705903543138,25.588237794366705,9.438372779577548,5.817564824714282,5.46227546696332,4.4191519181938475,9.006183658935242,17.668976662605928,14.495356337355815,19.458180953785813,9.068974910947873,9.439474599580308,10.969060777660616,8.042720902735482,5.747606105088494,7.002644584763516,14.773611853577535,5.120383846410732,12.880000707871204,,19.309224117901067,,13.4306150852276,11.715576808895094,,12.255835570921136,11.69340265737219,12.008359143712369,7.219728230585588,6.374575876348445,12.922974434263324,0.2301582081017841,5.077536987726717,5.127014537516288,,2.5998141146634453,,,,
2024-06-13 23:39:00,1.0193797567842466,29.717667772217283,24.31034862884235,9.778070882588963,6.030667892085376,5.447850648738381,4.841206287763271,9.310026532197526,17.76571692724633,14.87159434463183,19.54172908071132,9.590525835806147,9.644989275224361,11.423796225160459,8.428282368221517,5.816355227742747,7.2413994764995095,14.56759496769169,5.37594238036354,13.95984385847487,,19.31789668025226,,13.61212488117826,12.054591765163423,,12.586483492451407,11.94556849136643,12.331135817809809,7.408241872878534,6.5721342073970845,13.054663927424826,0.2301582081017841,5.354826944345632,5.151457294247166,,2.662880264649516,,,,
2024-06-13 23:40:00,1.8751801370459589,29.88249039715629,23.09501954788675,9.98975703008864,6.107879640545434,5.388860280212725,5.694763560800084,9.689816027851293,18.59355612146146,16.237875306674596,19.519110530057105,9.776276115370365,10.0789624399074,12.034238398347043,8.727676291638545,6.015616077655977,7.3687114303254475,15.277282997549378,5.4752951869834305,14.720266450335657,,19.877003026612783,,14.009523924366476,12.61849682688353,,13.006480994775302,12.293995738441026,12.540238022954782,7.706854230053068,6.788211810220673,13.58566997923299,0.4877958556635349,5.212509004207959,5.230823502077328,,2.6565081623726883,,,,
2024-06-13 23:41:00,2.193084769544157,29.052654450345926,22.734508285277116,10.726910735380898,6.163469262429317,5.56887928682977,6.701310828129635,10.790660656731916,20.462139179818223,17.603846997121536,20.233248740655426,10.304507852295046,10.65334099023903,12.693966066221947,9.185564692206071,6.258247644390622,7.698966676030182,16.310122803535364,5.7694050886757395,14.800651728002777,,20.675159807765567,,14.68640722622149,13.129127841760237,,13.382612843430252,12.601145793695196,12.819039879766024,7.921001360576611,7.004288844375878,14.01226770524363,0.4361229240917055,5.422369652981615,5.352750467129908,,2.5617526603376746,,,,
2024-06-13 23:42:00,1.9127856439725974,27.19072162282555,23.77686568775016,11.014026448341838,6.475410027738235,5.7139527183366,7.51267575747147,11.298524071991096,22.435502250355057,16.637029196904678,21.315563507801244,10.808121625562308,10.87032400071098,13.03560749643134,9.32313291384935,6.388762229106646,7.748043471769506,16.90098745581014,5.6792033277338305,14.41311008059074,,21.836482668153394,,15.221854842557605,13.434099146798872,,13.566119482329668,12.591924685302729,12.945997821537276,7.994937316454525,6.997353791915884,14.462212474857097,0.4361229240917055,5.594671721864643,5.395314037533808,,2.7258620792691772,,,,
2024-06-13 23:43:00,1.04512311453243,26.41251866629773,25.659428748146638,11.17854612678866,6.103762402720349,5.6055886087193585,7.5157254071975785,11.266718411266766,20.632859828140454,15.888907457433788,21.797065868382106,11.396342708628708,10.501452622447232,12.574122926305336,9.009935834022144,6.0626717022995535,7.484763146703813,16.678846681532605,5.493587863469884,13.65535997089546,,21.597436136319857,,14.963084631820038,13.022532857179613,,13.25578792099759,12.4773001901508,12.8065919774117,7.782275680250677,6.8707897389672326,14.249067569761337,0.27869205874185354,5.287400210245096,5.279425913383193,,2.3536022231420475,,,,
2024-06-13 23:44:00,0.9795937665705878,26.74176676294337,25.929276950251733,11.208798745737113,6.037874213399164,5.474941867547386,7.685257357205046,11.245210605875172,19.446864752105967,16.897948159996076,21.649360941170244,11.739264857799299,10.796282487430062,12.547247102704887,8.870472947610779,5.957525299804161,7.417789002489144,16.01212211477909,5.541292246547982,13.382339142522142,,20.598097535356146,,14.3026664885856,12.550159591870397,,13.05834684054389,12.335184997698889,12.716145573969243,7.696314778774649,6.862302148671915,13.838212161664615,0.3331414241051789,5.272350414631546,5.157496819128028,,2.277875800825882,,,,
2024-06-13 23:45:00,0.5994010789064532,29.044029285780653,24.742735394600913,11.246474352558153,6.258188964902047,5.701291219509017,7.8805029477121025,11.298524071991096,19.678396926595042,17.26932679468291,21.679880898161173,12.093943609858343,10.838411266184949,12.354584076375204,9.147502120116542,6.247601218457362,7.7076462030282755,15.856533832879421,5.539319554685562,14.085757312379428,,20.342203591001862,,14.206825970954014,12.58809037612582,,13.05834684054389,12.436016102678423,12.667185823720956,7.832058995244552,6.8723366195658855,13.837884489350017,0.3493192020846436,5.414671645970884,5.297546578596894,,2.530297305759973,,,,
2024-06-13 23:46:00,0.5338962530128128,30.303062189130287,24.471211684830905,11.046923611585726,6.081112141281437,5.526076191098809,7.046515539939719,10.162506474388692,19.895043451957463,17.1441176646656,21.220043342858162,11.445472719064128,10.427401894778313,12.012956773205588,9.164642193841473,6.284009342967124,7.616131972216294,15.90026179857665,5.557612231171561,14.552245782430873,,20.47488645080489,,14.188921780541477,12.428020431295408,,12.751214778189023,12.390165820274888,12.66220206024991,7.702364362548906,6.882370395522685,13.671054023291163,0.27869205874185354,5.5119661022513355,5.285183929790264,,2.656590238857575,,,,
2024-06-13 23:47:00,0.0693668211986278,28.756210463197476,25.033604937269956,11.095213879310677,5.882409182832362,5.64406315854103,6.100775516618114,8.912064212934638,20.285350365128807,17.20789803824141,20.493419861739312,10.738021620143172,10.373785033129707,11.80124842529085,8.899507988824325,6.142839388253492,7.513360692765559,15.945903649204809,5.410549282452166,14.509519639217615,,20.547409681342742,,14.186110997676224,12.515741578053166,,12.886034420120268,12.371805567781848,12.682944571857206,7.702364362548906,6.873881406467717,13.72162864718075,0.2301582081017841,5.5119661022513355,5.1997734932936055,,2.4357730475246626,,,,
2024-06-13 23:48:00,0.39560021739544027,29.2260163204287,25.906934785095473,10.980590252940146,6.158327545402926,5.779525263107416,5.417078621816017,8.179867979908295,20.742426421589016,17.317540107409968,19.884066068011634,9.844936860519738,10.473323354674221,12.114871631390315,8.983762554089026,6.16820783944172,7.765404275794026,15.689373315761571,5.585051245901468,14.082922196615527,,21.07033046524316,,14.423445900618844,12.721599227405022,,12.867285684710168,12.58726519146785,12.770900089127736,7.829064777803978,6.8569023726231535,13.853648796370635,0.2301582081017841,5.556881357448674,5.27282023247858,,2.599896362559093,,,,
2024-06-13 23:49:00,1.0983757150532938,31.013741228694926,26.964943820429653,11.276727477509667,6.231426040382303,5.875234638647157,5.606448282225983,7.974753460371858,20.953054007867195,17.514340655324986,20.413786795770193,9.896873208363104,10.812830737753757,12.677191611545595,9.29175237694767,6.476310590079493,8.024096558030237,16.401442034245775,5.741263891014796,14.323097563277315,,21.727665795342546,,15.23698430703007,13.300942627176937,,13.315640628262827,12.77057429604065,13.132701938809987,8.074926000414507,7.120075036648814,14.296039851816204,0.17570764342326584,5.909094126967602,5.620225873435174,,2.6693379354882154,,,,
2024-06-13 23:50:00,1.3902284284940833,31.430213248384007,24.768937196215575,11.267708076809186,5.995652441671837,5.80357621501912,5.3237342314191665,7.65521179851271,21.37122744334806,18.053953481754434,20.40494526485918,9.584958953639216,10.69410984297906,12.791453719849642,9.219398862745948,6.538093234413395,7.988305934700975,16.694360438175607,5.62163659887392,14.304040022192112,,21.650269899907016,,15.092678847004208,13.148711913852821,,13.234260231829467,12.665069933156246,13.078754885117633,7.910531554125555,6.968032734911958,14.296361463969788,0.024186628047573322,5.834081011523949,5.455443121600183,,2.4927115244989864,,,,
2024-06-13 23:51:00,1.7012850782165287,28.080636455322292,24.145937135306212,11.094166847663246,6.220101095102791,5.966135895277716,4.969889695205438,7.375369685728629,21.310869787363345,18.0924508758294,20.072205401306974,9.622767625237884,10.63152964146343,12.756728821412935,9.16084719532364,6.414928528329938,8.037387560927186,16.65065838541429,5.533395193956949,13.24944474448148,,21.470583129507986,,14.670945967710395,12.809635811084718,,12.97097501281496,12.59628938949254,12.892863622810182,7.877344742821606,6.85998216398184,14.067749787129287,0.024186628047573322,5.6241974615027175,5.424958423524686,,2.2402655778163307,,,,
2024-06-13 23:52:00,1.7856547571925603,27.045225182731883,22.769722840715076,10.292195004762789,5.974036088918865,5.798766024636848,4.289370315754468,6.816840906438529,19.805046209933153,16.888028719308522,19.1704700295536,9.54570530831188,10.39407081890704,11.962479863751696,9.012798297582776,6.302410556236055,7.736254220746446,15.819197886254813,5.4948357398509415,12.756379691099937,,20.264203043848283,,13.934634051753164,12.161773972021365,,12.63550774901023,12.215775998099616,12.409890792519946,7.648079033153408,6.868473607534725,14.067749787129287,-0.15258143073788233,5.4893318727802125,5.296979725716028,,2.0319465596021473,,,,
2024-06-13 23:53:00,2.4269957529770636,26.055972489297346,21.483669503862075,10.47525194604168,5.911228897551609,5.771672910953953,3.7040362435805037,6.293422579788739,19.299150335314607,16.782857405863297,18.303344975009622,9.189009954136054,10.774480893359168,11.800028471674295,9.16941653662252,6.247993077049387,7.876853734887163,15.356164459864203,5.347767482793188,12.113356230560385,,19.644697090561067,,13.592236289215634,11.841746606905872,,12.459988140325095,11.917730396985462,12.296206912026264,7.510825199632109,6.606841257841552,14.067749787129287,-0.08194694457324658,5.1445899179832395,5.1690023701112295,,1.8867774875508303,,,,
2024-06-13 23:54:00,3.739692985199895,23.629270328257462,20.4762606283648,10.957208877091944,5.948297075921801,5.712677009367326,2.6243613326053037,5.501539280212683,19.82270619292126,16.865880964972348,17.301597885379124,8.13285344683436,10.651970144024517,11.778743434554144,9.233202488739835,6.193576288999793,7.772048035770467,15.191215773360398,5.3092092170102205,11.652811217972612,,19.298384709705942,,13.271987110667851,11.624527272788328,,12.348699822381604,11.844391846812869,11.996636053687325,7.384130125300089,6.5342971370942,14.067749787129287,0.2301582081017841,5.009732100329529,5.156924017207075,,1.716366955684066,,,,
2024-06-13 23:55:00,5.27620905928643,21.570186152917813,21.66468698581093,10.585636651107961,5.790784336492379,5.5405020553099575,2.0180303380916484,4.834306382119848,19.98961080263871,16.237733327709293,17.02524426469813,7.4334250701731435,10.533244331639025,11.551339368231538,9.08182351753294,6.001283811496251,7.7030371623377505,15.18449175739201,5.3092092170102205,11.011330581128277,,19.727390061972756,,13.610105172413114,11.975101930628625,,12.54456792756946,11.977390781552913,12.3758997933528,7.4972462562595865,6.667820983754154,14.067749787129287,-0.7640799225978299,4.919915020584085,4.9863889179137,,1.5207155449518268,,,,
2024-06-13 23:56:00,6.15509547327531,22.296821488650494,22.587963511100952,10.984288168253443,6.106850612567541,5.64406315854103,1.912280860561168,5.164044330010256,19.565672184680807,16.587950313773717,16.964347572158886,7.638935831379058,10.530725179543879,11.56480172117881,9.341730111373181,6.019294576162224,7.8748156896913315,14.889436510960167,5.3092092170102205,10.848336874784309,,19.817301446596503,,13.612966649740429,12.01691738718182,,12.651082503658017,12.0048771654142,12.122807274316074,7.513838112889516,6.569801920067675,14.067749787129287,-0.2780095473895017,4.710042885995563,4.961943525436027,,1.527013234967285,,,,
2024-06-13 23:57:00,5.49732225543562,23.704700544993102,22.655902261279152,11.085144452761142,5.996690908872097,5.422515748769342,1.4601361424649895,4.978120334088544,19.78263896119165,16.843367944844886,17.328353799452543,8.04877306215667,10.549902987426549,11.251179869984753,9.21272492058074,6.073708244307227,7.720933374686297,14.98106426171708,5.3092092170102205,11.12515354217885,,19.72794300311716,,13.336332758949538,11.849180563470782,,12.494325788746664,11.885685625084534,11.965155888742629,7.378095854237472,6.5412544399550825,14.067749787129287,-0.10125592483836954,4.785063374600895,4.852379586986672,,1.5396614828001702,,,,
2024-06-13 23:58:00,5.051327409403939,24.40945270770999,23.58660420980368,11.039498131857954,5.89786013805292,5.385807977648824,1.3575613063785568,4.834306382119848,19.12179975588606,17.1363663957884,18.08127511453131,8.364052930687649,10.220632852594917,10.936490605345625,9.066584441035957,5.935836382202183,7.66521088623972,14.511749171277955,5.3092092170102205,11.39032420502599,,19.435844600798646,,13.181225562061172,11.73092374203543,,12.444080898723314,11.890370835386875,11.83823478945169,7.34641757998088,6.494185909960379,14.067749787129287,-0.2780095473895017,4.477926723137443,4.742818755436247,,1.407095440165449,,,,
2024-06-13 23:59:00,4.936181363106016,26.06508093845241,23.878288237204288,11.182773179804371,6.019342930576386,5.70610106122956,2.2210301237139447,5.843726322281782,19.23764356855554,17.67760887856025,19.00540132247056,9.724426721346845,10.740134246960679,11.254638553903533,9.569215871839106,6.211194138805581,8.051195763864257,14.809839675543685,5.3092092170102205,12.457422124305594,,19.709578640314476,,13.526422496179748,12.168875388596916,,12.898393353125812,12.344315492110582,12.181756970875085,7.663127279017317,6.845325912348017,14.067749787129287,-0.2780095473895017,4.800249846686711,4.907600344945649,,1.8551151714281104,,,,
2024-06-14 00:00:00,4.936181363106016,26.06508093845241,23.878288237204288,11.182773179804371,6.019342930576386,5.70610106122956,2.2210301237139447,5.843726322281782,19.23764356855554,17.67760887856025,19.00540132247056,9.724426721346845,10.740134246960679,11.254638553903533,9.569215871839106,6.211194138805581,8.051195763864257,14.809839675543685,5.3092092170102205,12.457422124305594,,19.709578640314476,,13.526422496179748,12.168875388596916,,12.898393353125812,12.344315492110582,12.181756970875085,7.663127279017317,6.845325912348017,14.067749787129287,-0.2780095473895017,4.800249846686711,4.907600344945649,,1.8551151714281104,,,,
